,nuc,arexp,ent,ndev,ns,age,asexp,la,ld,target
0,1.0,2.0,0.0,1.0,1.0,3.0,2.0,3.0,3.0,True
1,1.0,0.0,0.0,1.0,1.0,4.0,0.0,728.0,706.0,False
2,0.0,3.0,2.95,0.0,1.0,0.0,3.0,1914.0,0.0,False
3,1.33,4.0,1.58,0.33,1.0,4.0,4.0,3.0,3.0,False
4,0.0,2.0,0.0,0.0,1.0,0.0,2.0,2.0,3.0,True
5,1.33,15.0,1.21,0.67,1.0,18.67,11.0,11.0,10.0,False
6,1.67,10.0,3.4,0.17,1.0,23.61,10.0,261.0,36.0,False
7,1.8,10.0,1.97,0.4,1.0,30.2,10.0,33.0,12.0,False
8,3.0,11.0,0.0,1.0,1.0,34.0,11.0,8.0,1.0,False
9,3.0,13.0,0.0,2.0,1.0,0.0,13.0,0.0,1.0,False
10,2.36,69.0,2.65,0.21,1.0,62.21,62.0,392.0,205.0,False
11,2.5,18.0,0.99,1.5,1.0,85.5,18.0,72.0,22.0,False
12,1.4,20.0,2.83,0.3,1.0,1.2,20.0,430.0,33.0,False
13,4.25,27.0,0.94,0.75,1.0,44.5,27.0,102.0,53.0,False
14,4.44,26.0,3.82,0.25,1.0,82.5,26.0,68.0,62.0,False
15,2.0,0.0,0.0,1.0,1.0,1.0,0.0,1.0,1.0,True
16,0.75,23.0,4.19,0.06,1.0,11.64,13.0,625.0,329.0,False
17,4.0,3.0,0.0,1.0,1.0,28.0,0.0,6.0,0.0,False
18,3.75,4.0,1.03,0.5,1.0,11.0,3.0,50.0,4.0,False
19,2.17,5.0,2.18,0.17,1.0,44.0,4.0,40.0,22.0,False
20,2.97,10.0,3.61,0.12,1.0,28.48,8.0,997.0,477.0,False
21,5.33,12.0,1.56,1.33,1.0,8.0,10.0,5.0,2.0,False
22,3.43,13.0,1.51,0.57,1.0,30.57,11.0,172.0,48.0,False
23,4.67,14.0,1.43,1.0,1.0,1.0,12.0,3.0,20.0,False
24,4.1,34.0,2.21,0.3,2.0,9.4,0.0,486.0,209.0,False
25,6.0,38.0,1.42,1.0,1.0,0.75,4.0,150.0,93.0,False
26,3.42,16.0,1.96,0.42,3.0,4.42,0.39,378.0,76.0,False
27,9.0,39.0,1.06,1.33,2.0,13.33,0.0,114.0,75.0,False
28,0.0,40.0,0.82,0.0,1.0,0.0,6.0,160.0,0.0,False
29,4.5,35.0,3.98,0.15,1.0,21.15,23.0,535.0,188.0,False
30,6.5,39.0,0.89,1.5,2.0,0.0,0.01,9.0,37.0,False
31,5.45,6.0,3.19,0.2,1.0,22.05,3.0,242.0,146.0,False
32,14.67,52.0,0.53,1.33,2.0,8.0,0.01,102.0,2.0,False
33,18.33,21.0,0.99,1.33,2.0,15.0,0.75,85.0,6.0,False
34,27.0,23.0,0.26,1.5,2.0,13.5,0.75,36.0,33.0,False
35,21.0,28.0,0.41,1.0,2.0,9.0,0.75,76.0,1.0,False
36,12.27,33.0,2.22,0.45,3.0,30.18,0.39,389.0,155.0,False
37,27.33,34.0,1.49,1.33,2.0,36.67,0.75,9.0,2.0,False
38,17.0,76.0,1.28,0.6,2.0,20.2,0.01,101.0,3.0,False
39,15.8,77.0,1.19,0.6,2.0,32.8,0.01,130.0,5.0,False
40,32.67,41.0,1.4,1.67,2.0,7.33,0.75,24.0,1.0,False
41,9.44,44.0,3.06,0.2,2.0,74.4,0.75,695.0,393.0,False
42,26.83,41.5,0.64,0.83,3.0,8.0,0.0,500.0,457.0,False
43,25.2,55.0,1.19,0.8,2.0,8.2,0.75,230.0,19.0,False
44,26.67,59.0,2.17,0.83,2.0,16.0,0.75,306.0,29.0,False
45,22.6,81.0,1.74,0.6,2.0,37.2,0.01,179.0,15.0,False
46,10.1,61.0,3.39,0.2,2.0,11.4,0.75,1450.0,190.0,False
47,60.0,64.0,0.54,2.0,2.0,0.0,0.75,13.0,3.0,False
48,13.21,69.0,3.4,0.21,2.0,38.05,0.75,243.0,122.0,False
49,29.6,71.0,1.93,0.8,2.0,31.2,0.75,32.0,11.0,False
50,66.0,84.0,0.61,1.5,2.0,20.5,0.75,16.0,4.0,False
51,45.0,86.0,1.42,1.0,2.0,1.0,0.75,16.0,5.0,False
52,50.33,90.0,0.41,1.0,2.0,29.0,0.75,38.0,67.0,False
53,12.64,91.0,3.38,0.29,3.0,30.79,0.0,217.0,67.0,False
54,35.67,96.0,2.18,0.83,4.0,48.17,0.33,21.0,19.0,False
55,13.39,99.0,3.09,0.13,3.0,66.26,0.39,1502.0,636.0,False
56,52.0,95.0,1.48,1.0,2.0,11.0,0.01,15.0,2.0,False
57,61.67,101.0,1.18,1.0,2.0,16.0,0.75,26.0,7.0,False
58,10.82,8.0,3.03,0.18,2.0,24.94,0.12,1009.0,448.0,False
59,29.83,8.5,2.17,0.67,2.0,5.83,0.12,17.0,16.0,False
60,34.33,111.0,1.3,0.67,2.0,31.33,0.75,244.0,10.0,False
61,86.5,35.0,0.92,2.0,2.0,6.0,0.0,3.0,0.0,False
62,61.33,36.0,1.06,1.67,2.0,4.0,0.0,22.0,4.0,False
63,88.5,99.0,0.22,2.0,2.0,17.0,0.01,44.0,14.0,False
64,16.44,45.0,3.68,0.16,2.0,58.4,0.0,463.0,341.0,False
65,10.58,46.0,3.66,0.17,1.0,0.0,25.0,341.0,461.0,False
66,43.8,46.0,1.57,0.8,2.0,25.8,0.0,67.0,36.0,False
67,28.09,46.0,2.3,0.45,2.0,12.91,0.0,110.0,31.0,False
68,52.5,49.0,1.47,1.0,2.0,42.0,0.0,137.0,5.0,False
69,0.0,50.0,1.04,0.0,1.0,0.0,30.0,659.0,0.0,False
70,108.0,122.0,0.97,2.0,2.0,0.0,0.75,4.0,1.0,False
71,99.0,123.0,0.72,2.0,2.0,119.5,0.75,3.0,2.0,False
72,43.5,124.0,1.26,0.83,2.0,3.5,0.75,153.0,4.0,False
73,16.05,125.0,4.13,0.11,2.0,27.87,0.75,534.0,387.0,False
74,12.95,54.0,3.17,0.19,2.0,29.24,0.0,1787.0,722.0,False
75,24.1,130.0,3.02,0.24,3.0,11.05,0.39,1757.0,1008.0,False
76,79.33,132.0,1.17,1.33,2.0,0.67,0.75,36.0,6.0,False
77,67.25,137.5,1.09,1.0,2.0,2.75,0.75,42.0,3.0,False
78,52.0,138.5,0.92,0.8,2.0,7.6,0.75,242.0,23.0,False
79,115.5,143.0,1.0,2.5,2.0,19.5,0.75,3.0,1.0,False
80,58.0,94.5,1.4,1.25,2.0,51.5,0.01,14.0,7.0,False
81,81.67,144.5,1.03,1.67,2.0,12.33,0.75,295.0,93.0,False
82,84.0,146.5,0.69,1.67,2.0,11.33,0.75,224.0,8.0,False
83,69.75,149.5,1.08,1.25,2.0,23.25,0.75,109.0,28.0,False
84,86.67,99.0,1.26,1.67,2.0,58.67,0.01,65.0,4.0,False
85,87.67,100.0,1.26,1.67,2.0,0.0,0.01,4.0,65.0,False
86,9.75,51.0,0.99,1.0,1.0,154.0,37.0,56.0,32.0,False
87,12.2,52.5,2.99,0.4,1.0,12.2,39.0,635.0,122.0,False
88,24.0,53.5,0.97,2.5,1.0,8.5,40.0,18.0,2.0,False
89,83.75,161.0,0.71,1.25,2.0,41.0,0.75,404.0,315.0,False
90,48.0,0.0,3.1,0.5,2.0,28.5,0.0,51.0,40.0,False
91,33.82,166.5,2.44,0.35,3.0,35.71,0.39,860.0,453.0,False
92,63.38,169.5,1.44,0.88,3.0,43.75,0.39,216.0,141.0,False
93,166.5,68.83,0.16,3.0,2.0,78.5,0.0,2.0,87.0,False
94,76.2,11.5,1.27,1.2,2.0,75.0,0.13,240.0,39.0,False
95,29.0,4.0,2.27,0.38,3.0,379.69,0.99,487.0,430.0,False
96,20.67,69.67,3.74,0.17,3.0,75.33,0.0,485.0,249.0,False
97,180.5,12.17,0.78,3.0,2.0,22.5,0.13,12.0,1.0,False
98,77.83,87.0,2.43,1.0,2.0,2.83,0.01,28.0,11.0,False
99,184.0,89.0,1.0,3.0,2.0,25.0,0.01,5.0,1.0,False
100,24.83,12.5,3.17,0.33,3.0,109.0,0.02,912.0,271.0,False
101,57.0,94.17,2.31,0.6,2.0,85.3,0.01,180.0,13.0,False
102,43.3,62.33,2.18,0.6,2.0,146.9,0.0,162.0,15.0,False
103,48.0,63.33,1.35,0.67,2.0,67.0,0.0,1233.0,5.0,False
104,80.67,64.33,1.75,1.0,2.0,91.5,0.0,169.0,28.0,False
105,124.0,98.83,1.48,1.5,2.0,71.75,0.01,110.0,19.0,False
106,116.25,66.08,1.26,1.75,2.0,304.5,0.0,129.0,20.0,False
107,120.25,62.92,1.74,1.75,2.0,119.5,0.0,30.0,17.0,False
108,167.0,13.33,0.24,2.67,2.0,0.67,0.13,92.0,0.0,False
109,173.0,127.83,1.18,2.67,2.0,143.33,0.75,21.0,1.0,False
110,171.33,2.0,0.72,3.0,2.0,28.0,1.5,29.0,0.0,False
111,185.67,13.92,0.57,3.0,2.0,0.0,0.13,28.0,1.0,False
112,36.4,3.0,3.87,0.45,2.0,91.35,1.75,97.0,73.0,False
113,180.67,12.0,0.98,3.0,2.0,25.0,2.0,74.0,44.0,False
114,151.25,138.0,1.47,2.25,2.0,42.25,0.75,41.0,29.0,False
115,90.14,89.5,1.94,1.29,3.0,56.86,0.0,373.0,4.0,False
116,141.0,90.5,1.19,2.25,2.0,416.0,0.01,23.0,20.0,False
117,149.0,8.0,1.39,2.25,2.0,38.5,1.96,216.0,7.0,False
118,80.67,97.58,2.62,1.0,2.0,41.33,0.01,259.0,297.0,False
119,71.11,98.58,2.39,1.0,2.0,85.11,0.01,199.0,46.0,False
120,310.5,15.0,0.07,4.5,2.0,13.5,1.97,49.0,71.0,False
121,58.86,99.75,3.09,0.64,2.0,89.79,0.01,274.0,280.0,False
122,207.33,102.83,0.74,3.0,2.0,23.67,0.01,181.0,7.0,False
123,301.0,103.83,0.95,4.5,2.0,99.0,0.01,3.0,5.0,False
124,295.5,104.83,1.0,4.5,2.0,99.0,0.01,2.0,2.0,False
125,209.67,16.0,0.45,3.0,2.0,2.0,1.97,89.0,65.0,False
126,138.8,148.5,0.89,1.8,2.0,17.0,0.75,119.0,6.0,False
127,130.6,18.0,1.03,1.8,2.0,12.0,1.97,298.0,31.0,False
128,167.0,116.0,1.67,2.25,2.0,66.75,0.01,24.0,4.0,False
129,117.5,120.0,1.44,1.5,3.0,86.33,0.0,90.0,40.0,False
130,63.42,21.0,3.27,0.75,2.0,245.33,1.97,65.0,18.0,False
131,223.33,61.43,1.07,3.0,2.0,5.33,0.0,133.0,49.0,False
132,224.67,124.0,1.53,3.0,2.0,1.33,0.01,4.0,5.0,False
133,99.14,149.75,2.33,1.29,2.0,52.29,0.75,414.0,37.0,False
134,118.71,150.75,2.45,1.29,2.0,69.43,0.75,106.0,87.0,False
135,185.75,32.0,0.7,2.5,3.0,42.5,1.0,142.0,3.0,False
136,354.5,10.0,0.53,4.5,2.0,8.5,1.84,15.0,10.0,False
137,189.75,31.5,1.47,2.25,2.0,56.0,1.97,190.0,22.0,False
138,230.33,130.55,1.34,3.0,2.0,206.0,0.01,3.0,32.0,False
139,249.33,131.55,1.43,3.0,2.0,105.33,0.01,23.0,9.0,False
140,103.12,111.67,1.91,1.12,2.0,131.88,0.01,955.0,107.0,False
141,72.45,114.52,1.99,0.91,3.0,133.09,0.0,147.0,11.0,False
142,49.12,123.85,3.85,0.4,2.0,373.76,0.01,924.0,43.0,False
143,206.0,9.88,0.58,2.25,2.0,2.0,0.13,67.0,122.0,False
144,164.0,121.8,1.66,1.8,2.0,79.2,0.01,103.0,7.0,False
145,184.5,124.8,1.51,2.25,2.0,196.5,0.01,96.0,3.0,False
146,213.25,12.85,0.51,2.25,2.0,34.75,0.13,199.0,124.0,False
147,167.0,25.35,2.04,1.67,2.0,48.17,0.13,126.0,6.0,False
148,222.75,26.35,1.22,2.5,2.0,79.0,0.13,266.0,39.0,False
149,274.33,31.33,1.2,3.33,2.0,216.33,1.97,44.0,2.0,False
150,126.38,34.38,2.56,1.25,2.0,42.75,0.0,95.0,47.0,False
151,424.5,21.0,0.97,5.0,2.0,82.5,1.84,5.0,0.0,False
152,80.2,125.25,2.1,0.67,2.0,208.27,0.01,1356.0,16.0,False
153,300.67,38.0,0.55,3.33,2.0,50.0,1.84,72.0,11.0,False
154,223.75,40.0,1.62,2.5,2.0,88.5,1.84,28.0,28.0,False
155,65.19,41.0,3.43,0.48,2.0,173.29,1.84,257.0,43.0,False
156,166.67,52.0,1.95,1.67,2.0,12.33,1.84,146.0,2.0,False
157,229.0,54.5,0.81,2.5,2.0,0.0,1.84,434.0,0.0,False
158,141.71,35.9,2.19,1.57,2.0,14.71,0.13,484.0,14.0,False
159,230.75,29.42,1.44,2.75,2.0,217.75,1.97,50.0,27.0,False
160,174.5,120.65,2.04,2.17,4.0,419.17,0.0,62.0,6.0,False
161,190.0,125.63,2.47,2.0,2.0,103.5,0.01,21.0,2.0,False
162,122.0,10.0,2.06,1.33,2.0,184.33,2.0,198.0,213.0,False
163,126.33,2.0,2.2,1.33,2.0,16.33,1.5,609.0,191.0,False
164,193.8,80.83,0.97,2.4,2.0,46.0,1.84,289.0,44.0,False
165,261.25,17.0,1.51,3.0,2.0,128.5,2.0,257.0,85.0,False
166,100.73,41.8,2.33,1.09,2.0,190.55,0.13,758.0,175.0,False
167,61.07,26.0,4.1,0.46,3.0,150.29,1.0,834.0,124.0,False
168,73.88,27.0,2.95,0.71,2.0,278.53,2.0,975.0,39.0,False
169,378.67,28.0,0.72,4.67,2.0,95.0,2.0,72.0,4.0,False
170,362.0,16.0,0.8,4.67,2.0,0.33,1.5,70.0,5.0,False
171,101.08,27.0,2.93,1.17,2.0,176.83,1.5,153.0,6.0,False
172,365.33,29.5,0.58,4.67,2.0,61.0,2.0,82.0,3.0,False
173,280.5,37.0,1.28,3.75,3.0,447.5,0.67,79.0,9.0,False
174,88.0,42.0,3.1,1.07,4.0,397.33,0.68,233.0,117.0,False
175,387.33,44.0,1.37,5.0,2.0,129.67,1.5,14.0,1.0,False
176,273.0,52.0,1.07,3.75,2.0,37.25,1.5,132.0,0.0,False
177,184.43,17.72,1.88,2.14,2.0,180.29,1.97,550.0,141.0,False
178,284.0,5.5,1.57,3.75,2.0,245.5,1.96,621.0,236.0,False
179,225.67,12.0,0.98,2.5,2.0,117.67,1.62,286.0,11.0,False
180,187.5,95.82,2.41,2.5,2.0,7.83,0.01,8.0,0.0,False
181,7.75,22.5,3.32,0.92,1.0,0.0,39.0,20.0,14.0,False
182,3.0,0.0,1.97,1.2,1.0,193.6,0.0,125.0,8.0,False
183,78.0,5.0,0.67,6.5,1.0,147.5,5.0,128.0,98.0,False
184,18.88,5.0,2.57,2.25,1.0,449.62,4.0,109.0,4.0,False
185,18.8,0.0,1.79,2.6,1.0,485.0,0.0,49.0,63.0,False
186,29.43,2.0,2.69,3.57,1.0,400.71,2.0,34.0,18.0,False
187,20.0,1.0,1.44,3.4,1.0,138.0,1.0,265.0,85.0,False
188,39.75,1.0,1.25,7.0,1.0,23.75,1.0,209.0,45.0,False
189,27.17,4.0,2.9,2.67,3.0,45.92,0.6,784.0,74.0,False
190,34.55,1.5,3.25,2.1,1.0,272.45,3.0,633.0,57.0,False
191,27.68,1.0,2.62,2.42,3.0,531.53,0.67,280.0,1.0,False
192,3.0,2.0,0.0,3.0,1.0,58.0,2.0,1.0,1.0,False
193,27.7,0.0,2.98,2.6,1.0,103.7,0.0,258.0,69.0,False
194,1.0,13.0,0.0,1.0,1.0,9.0,13.0,18.0,1.0,False
195,17.7,5.0,3.82,1.57,2.0,496.96,0.84,144.0,55.0,False
196,31.5,11.0,1.04,6.0,1.0,40.0,13.0,260.0,20.0,False
197,65.33,6.5,0.21,10.0,3.0,49.33,0.5,150.0,34.0,False
198,28.21,0.0,3.62,1.62,1.0,36.25,0.0,623.0,86.0,False
199,0.0,15.5,1.12,0.0,1.0,0.0,1.0,144.0,150.0,False
200,5.63,17.0,3.84,0.91,5.0,0.6,0.01,2918.0,220.0,False
201,0.25,17.0,1.68,0.25,1.0,1.75,0.0,36.0,45.0,False
202,0.29,0.0,3.83,0.19,2.0,78.86,0.0,2676.0,231.0,False
203,18.49,64.2,1.58,0.58,1.78,31.48,0.66,150.85,12.6,False
204,8.25,22.4,1.2,0.52,1.24,17.26,2.28,80.83,6.63,False
205,16.42,55.75,1.51,0.57,1.67,28.61,0.99,136.69,11.39,False
206,10.31,30.81,1.28,0.53,1.35,20.12,1.96,94.91,7.83,False
207,15.12,50.47,1.46,0.56,1.6,26.81,1.19,127.84,10.64,False
208,22.47,80.46,1.73,0.6,1.99,37.02,0.03,178.09,14.92,False
209,13.31,43.07,1.39,0.55,1.51,24.29,1.48,115.45,9.58,False
210,21.82,77.82,1.71,0.6,1.96,36.12,0.13,173.67,14.55,False
211,22.47,80.48,1.73,0.6,1.99,37.02,0.03,178.13,14.93,False
212,17.39,59.74,1.54,0.57,1.72,29.97,0.83,143.38,11.96,False
213,4.38,6.59,1.06,0.5,1.03,11.88,2.9,54.34,4.37,False
214,6.71,16.1,1.15,0.52,1.16,15.12,2.53,70.27,5.73,False
215,10.86,33.05,1.3,0.54,1.38,20.88,1.87,98.67,8.15,False
216,7.87,20.82,1.19,0.52,1.22,16.72,2.35,78.17,6.4,False
217,17.91,61.83,1.56,0.58,1.75,30.68,0.75,146.88,12.26,False
218,19.96,70.21,1.64,0.59,1.86,33.53,0.43,160.93,13.46,False
219,16.51,56.11,1.51,0.57,1.68,28.73,0.97,137.31,11.44,False
220,21.08,74.78,1.68,0.59,1.92,35.08,0.25,168.58,14.11,False
221,8.87,24.9,1.23,0.53,1.27,18.11,2.19,85.01,6.99,False
222,20.09,70.76,1.64,0.59,1.87,33.72,0.41,161.84,13.54,False
223,13.91,45.5,1.41,0.55,1.54,25.12,1.39,119.52,9.93,False
224,15.27,51.07,1.46,0.56,1.61,27.02,1.17,128.86,10.72,False
225,16.2,54.84,1.5,0.57,1.66,28.3,1.02,135.18,11.26,False
226,16.87,57.61,1.52,0.57,1.7,29.24,0.92,139.81,11.66,False
227,17.65,60.78,1.55,0.57,1.74,30.32,0.79,145.13,12.11,False
228,11.97,37.56,1.34,0.54,1.44,22.42,1.7,106.23,8.79,False
229,14.05,46.09,1.42,0.55,1.55,25.32,1.36,120.52,10.01,False
230,5.4,10.75,1.1,0.51,1.09,13.3,2.74,61.31,4.96,False
231,12.09,38.05,1.35,0.54,1.44,22.59,1.68,107.05,8.86,False
232,21.74,77.48,1.7,0.6,1.95,36.0,0.14,173.1,14.5,False
233,16.1,54.43,1.49,0.57,1.65,28.16,1.04,134.49,11.2,False
234,15.78,53.12,1.48,0.56,1.64,27.72,1.09,132.3,11.02,False
235,8.6,23.83,1.22,0.53,1.26,17.75,2.23,83.21,6.83,False
236,8.66,24.06,1.22,0.53,1.26,17.82,2.22,83.6,6.87,False
237,17.92,61.86,1.56,0.58,1.75,30.69,0.75,146.94,12.27,False
238,15.08,50.3,1.46,0.56,1.6,26.75,1.2,127.56,10.61,False
239,21.43,76.24,1.69,0.59,1.94,35.58,0.19,171.02,14.32,False
240,16.67,56.77,1.52,0.57,1.69,28.96,0.95,138.41,11.54,False
241,15.49,51.96,1.47,0.56,1.62,27.32,1.14,130.34,10.85,False
242,17.49,60.11,1.55,0.57,1.73,30.09,0.82,144.0,12.02,False
243,3.84,4.36,1.04,0.5,1.0,11.12,2.99,50.6,4.05,False
244,10.01,29.55,1.27,0.53,1.33,19.69,2.01,92.81,7.65,False
245,12.68,40.46,1.37,0.55,1.47,23.41,1.58,111.08,9.21,False
246,5.39,10.71,1.1,0.51,1.09,13.28,2.74,61.25,4.96,False
247,14.91,49.57,1.45,0.56,1.59,26.51,1.23,126.34,10.51,False
248,9.25,26.46,1.24,0.53,1.29,18.64,2.13,87.63,7.21,False
249,4.0,5.03,1.04,0.5,1.01,11.35,2.96,51.73,4.15,False
250,4.43,6.79,1.06,0.5,1.04,11.95,2.89,54.67,4.4,False
251,5.6,11.56,1.1,0.51,1.1,13.57,2.71,62.66,5.08,False
252,14.04,46.02,1.42,0.55,1.55,25.3,1.37,120.4,10.0,False
253,15.23,50.88,1.46,0.56,1.61,26.95,1.18,128.55,10.7,False
254,21.71,77.35,1.7,0.6,1.95,35.96,0.15,172.89,14.48,False
255,4.36,6.51,1.06,0.5,1.03,11.85,2.9,54.2,4.36,False
256,20.61,72.87,1.66,0.59,1.89,34.43,0.32,165.38,13.84,False
257,21.5,76.52,1.7,0.59,1.94,35.67,0.18,171.49,14.36,False
258,13.0,41.8,1.38,0.55,1.49,23.86,1.53,113.32,9.4,False
259,21.81,77.77,1.71,0.6,1.96,36.1,0.13,173.59,14.54,False
260,22.01,78.59,1.71,0.6,1.97,36.38,0.1,174.96,14.66,False
261,20.5,72.43,1.66,0.59,1.89,34.29,0.34,164.65,13.78,False
262,16.04,54.22,1.49,0.57,1.65,28.09,1.05,134.13,11.17,False
263,17.48,60.07,1.55,0.57,1.73,30.08,0.82,143.94,12.01,False
264,7.69,20.08,1.18,0.52,1.21,16.47,2.38,76.94,6.3,False
265,8.07,21.63,1.2,0.52,1.23,17.0,2.31,79.54,6.52,False
266,15.39,51.56,1.47,0.56,1.62,27.18,1.15,129.67,10.79,False
267,17.64,60.73,1.55,0.57,1.74,30.3,0.8,145.04,12.1,False
268,13.35,43.22,1.39,0.55,1.51,24.35,1.48,115.71,9.6,False
269,12.6,40.15,1.36,0.55,1.47,23.3,1.6,110.57,9.16,False
270,20.17,71.06,1.65,0.59,1.87,33.82,0.39,162.35,13.58,False
271,11.1,34.03,1.31,0.54,1.39,21.22,1.83,100.31,8.29,False
272,16.22,54.95,1.5,0.57,1.66,28.34,1.02,135.36,11.28,False
273,20.13,70.92,1.64,0.59,1.87,33.77,0.4,162.12,13.56,False
274,17.49,60.11,1.55,0.57,1.73,30.09,0.82,144.0,12.02,False
275,8.89,24.99,1.23,0.53,1.27,18.14,2.18,85.17,7.0,False
276,12.77,40.84,1.37,0.55,1.48,23.54,1.57,111.72,9.26,False
277,12.25,38.74,1.35,0.55,1.45,22.82,1.65,108.2,8.96,False
278,15.34,51.34,1.47,0.56,1.61,27.11,1.16,129.31,10.76,False
279,14.1,46.29,1.42,0.55,1.55,25.39,1.36,120.84,10.04,False
280,5.23,10.06,1.09,0.51,1.08,13.06,2.76,60.15,4.87,False
281,22.35,80.0,1.73,0.6,1.99,36.86,0.05,177.32,14.86,False
282,22.43,80.32,1.73,0.6,1.99,36.97,0.03,177.86,14.9,False
283,17.14,58.71,1.53,0.57,1.71,29.62,0.87,141.66,11.82,False
284,11.57,35.95,1.33,0.54,1.41,21.87,1.76,103.53,8.56,False
285,13.79,45.03,1.41,0.55,1.53,24.96,1.41,118.74,9.86,False
286,15.3,51.19,1.46,0.56,1.61,27.06,1.17,129.06,10.74,False
287,10.81,32.83,1.3,0.54,1.37,20.81,1.88,98.29,8.12,False
288,4.73,7.99,1.07,0.51,1.05,12.36,2.85,56.68,4.57,False
289,16.33,55.4,1.5,0.57,1.67,28.49,1.0,136.11,11.34,False
290,13.78,44.96,1.41,0.55,1.53,24.94,1.41,118.62,9.85,False
291,15.37,51.45,1.47,0.56,1.62,27.15,1.16,129.5,10.78,False
292,13.93,45.58,1.41,0.55,1.54,25.15,1.38,119.66,9.94,False
293,9.22,26.33,1.24,0.53,1.29,18.6,2.13,87.41,7.19,False
294,15.2,50.76,1.46,0.56,1.61,26.91,1.18,128.34,10.68,False
295,16.36,55.52,1.5,0.57,1.67,28.53,1.0,136.32,11.36,False
296,4.07,5.3,1.05,0.5,1.02,11.44,2.95,52.18,4.19,False
297,12.05,37.89,1.34,0.54,1.44,22.53,1.68,106.78,8.84,False
298,8.54,23.58,1.21,0.53,1.25,17.66,2.24,82.81,6.8,False
299,8.65,24.01,1.22,0.53,1.26,17.81,2.22,83.52,6.86,False
300,15.95,53.84,1.49,0.56,1.65,27.96,1.06,133.5,11.12,False
301,22.17,79.24,1.72,0.6,1.98,36.6,0.08,176.05,14.75,False
302,19.44,68.1,1.62,0.58,1.83,32.81,0.51,157.39,13.16,False
303,19.15,66.92,1.61,0.58,1.82,32.41,0.55,155.42,12.99,False
304,5.27,10.2,1.09,0.51,1.08,13.11,2.76,60.39,4.89,False
305,4.98,9.03,1.08,0.51,1.07,12.71,2.8,58.42,4.72,False
306,12.32,39.0,1.35,0.55,1.45,22.91,1.64,108.63,9.0,False
307,10.67,32.25,1.29,0.54,1.37,20.61,1.9,97.32,8.04,False
308,5.89,12.75,1.11,0.51,1.11,13.98,2.66,64.66,5.25,False
309,20.93,74.17,1.67,0.59,1.91,34.88,0.27,167.56,14.02,False
310,6.78,16.4,1.15,0.52,1.16,15.22,2.52,70.77,5.77,False
311,21.23,75.4,1.69,0.59,1.93,35.3,0.23,169.62,14.2,False
312,4.31,6.3,1.06,0.5,1.03,11.78,2.91,53.85,4.33,False
313,19.49,68.31,1.62,0.58,1.84,32.88,0.5,157.74,13.19,False
314,21.59,76.89,1.7,0.59,1.95,35.8,0.17,172.11,14.41,False
315,21.75,77.51,1.7,0.6,1.95,36.01,0.14,173.15,14.5,False
316,13.3,42.99,1.39,0.55,1.51,24.27,1.48,115.33,9.57,False
317,7.02,17.37,1.16,0.52,1.17,15.55,2.48,72.39,5.91,False
318,11.78,36.79,1.33,0.54,1.43,22.16,1.73,104.94,8.68,False
319,4.54,7.23,1.06,0.5,1.04,12.1,2.87,55.41,4.46,False
320,10.07,29.81,1.27,0.53,1.34,19.78,2.0,93.25,7.69,False
321,5.43,10.88,1.1,0.51,1.09,13.34,2.73,61.52,4.98,False
322,5.63,11.67,1.1,0.51,1.1,13.61,2.7,62.84,5.1,False
323,18.12,62.71,1.57,0.58,1.76,30.98,0.72,148.37,12.39,False
324,15.59,52.38,1.48,0.56,1.63,27.46,1.12,131.05,10.91,False
325,14.95,49.77,1.45,0.56,1.59,26.57,1.22,126.67,10.54,False
326,15.81,53.27,1.48,0.56,1.64,27.76,1.09,132.54,11.04,False
327,15.7,52.81,1.48,0.56,1.63,27.61,1.1,131.78,10.97,False
328,11.23,34.56,1.31,0.54,1.4,21.4,1.81,101.2,8.37,False
329,17.93,61.93,1.56,0.58,1.75,30.71,0.75,147.04,12.28,False
330,17.8,61.38,1.56,0.57,1.75,30.52,0.77,146.12,12.2,False
331,7.84,20.72,1.19,0.52,1.22,16.69,2.35,78.01,6.39,False
332,10.36,31.0,1.28,0.54,1.35,20.19,1.95,95.24,7.86,False
333,22.29,79.72,1.72,0.6,1.98,36.76,0.06,176.85,14.82,False
334,21.03,74.6,1.68,0.59,1.92,35.02,0.26,168.28,14.09,False
335,13.24,42.77,1.39,0.55,1.5,24.19,1.49,114.95,9.54,False
336,22.53,80.71,1.73,0.6,2.0,37.1,0.02,178.52,14.96,False
337,10.91,33.25,1.3,0.54,1.38,20.95,1.86,99.0,8.18,False
338,7.65,19.92,1.18,0.52,1.21,16.42,2.38,76.67,6.27,False
339,4.85,8.48,1.08,0.51,1.06,12.52,2.83,57.51,4.64,False
340,18.41,63.9,1.58,0.58,1.78,31.38,0.67,150.35,12.56,False
341,13.09,42.13,1.38,0.55,1.5,23.98,1.52,113.89,9.45,False
342,17.04,58.29,1.53,0.57,1.71,29.47,0.89,140.95,11.76,False
343,3.89,4.57,1.04,0.5,1.01,11.19,2.98,50.96,4.08,False
344,4.51,7.11,1.06,0.5,1.04,12.06,2.88,55.21,4.44,False
345,10.55,31.77,1.29,0.54,1.36,20.45,1.92,96.53,7.97,False
346,21.83,77.84,1.71,0.6,1.96,36.12,0.13,173.71,14.55,False
347,7.62,19.79,1.18,0.52,1.21,16.37,2.39,76.45,6.26,False
348,6.87,16.74,1.15,0.52,1.17,15.34,2.5,71.35,5.82,False
349,6.19,13.96,1.13,0.51,1.13,14.39,2.61,66.68,5.42,False
350,16.81,57.36,1.52,0.57,1.69,29.16,0.93,139.4,11.62,False
351,15.44,51.74,1.47,0.56,1.62,27.25,1.14,129.99,10.82,False
352,19.38,67.85,1.62,0.58,1.83,32.73,0.52,156.97,13.12,False
353,10.06,29.79,1.27,0.53,1.33,19.78,2.0,93.21,7.68,False
354,19.77,69.42,1.63,0.58,1.85,33.26,0.46,159.6,13.35,False
355,12.4,39.33,1.36,0.55,1.46,23.02,1.63,109.2,9.05,False
356,4.96,8.95,1.08,0.51,1.06,12.69,2.81,58.3,4.71,False
357,6.46,15.09,1.14,0.51,1.14,14.77,2.57,68.58,5.58,False
358,20.89,74.01,1.67,0.59,1.91,34.82,0.28,167.28,14.0,False
359,17.72,61.09,1.56,0.57,1.74,30.42,0.78,145.64,12.16,False
360,5.52,11.22,1.1,0.51,1.09,13.46,2.72,62.1,5.03,False
361,9.39,27.02,1.24,0.53,1.3,18.83,2.11,88.57,7.29,False
362,12.54,39.92,1.36,0.55,1.47,23.22,1.6,110.18,9.13,False
363,19.61,68.78,1.63,0.58,1.84,33.04,0.48,158.52,13.25,False
364,4.32,6.32,1.06,0.5,1.03,11.79,2.91,53.88,4.33,False
365,10.77,32.68,1.3,0.54,1.37,20.76,1.89,98.05,8.1,False
366,6.37,14.69,1.13,0.51,1.14,14.64,2.58,67.91,5.53,False
367,14.25,46.9,1.43,0.56,1.56,25.6,1.33,121.87,10.13,False
368,20.17,71.07,1.65,0.59,1.87,33.82,0.39,162.36,13.58,False
369,15.24,50.95,1.46,0.56,1.61,26.98,1.18,128.66,10.71,False
370,5.22,9.99,1.09,0.51,1.08,13.04,2.77,60.04,4.86,False
371,11.9,37.29,1.34,0.54,1.43,22.33,1.71,105.76,8.76,False
372,13.38,43.35,1.39,0.55,1.51,24.39,1.47,115.93,9.62,False
373,11.85,37.11,1.34,0.54,1.43,22.26,1.71,105.46,8.73,False
374,15.96,53.87,1.49,0.56,1.65,27.97,1.06,133.56,11.12,False
375,14.63,48.42,1.44,0.56,1.58,26.12,1.27,124.42,10.35,False
376,18.24,63.17,1.57,0.58,1.77,31.13,0.7,149.13,12.45,False
377,14.35,47.29,1.43,0.56,1.56,25.73,1.32,122.53,10.18,False
378,21.4,76.08,1.69,0.59,1.94,35.53,0.2,170.75,14.3,False
379,15.83,53.36,1.48,0.56,1.64,27.8,1.08,132.69,11.05,False
380,9.8,28.71,1.26,0.53,1.32,19.41,2.04,91.39,7.53,False
381,22.42,80.27,1.73,0.6,1.99,36.95,0.04,177.77,14.9,False
382,15.36,51.41,1.47,0.56,1.62,27.13,1.16,129.43,10.77,False
383,13.58,44.15,1.4,0.55,1.52,24.66,1.44,117.26,9.74,False
384,9.05,25.66,1.23,0.53,1.28,18.37,2.16,86.28,7.09,False
385,5.5,11.14,1.1,0.51,1.09,13.43,2.72,61.97,5.02,False
386,5.99,13.14,1.12,0.51,1.12,14.11,2.64,65.31,5.31,False
387,10.24,30.52,1.28,0.53,1.34,20.03,1.97,94.44,7.79,False
388,21.27,75.55,1.69,0.59,1.93,35.35,0.22,169.87,14.22,False
389,15.89,53.58,1.49,0.56,1.64,27.87,1.07,133.07,11.08,False
390,11.52,35.75,1.32,0.54,1.41,21.8,1.77,103.19,8.54,False
391,13.98,45.78,1.42,0.55,1.54,25.22,1.38,120.0,9.97,False
392,7.74,20.31,1.18,0.52,1.21,16.55,2.37,77.33,6.33,False
393,13.49,43.81,1.4,0.55,1.52,24.54,1.45,116.69,9.69,False
394,18.87,65.77,1.6,0.58,1.8,32.02,0.6,153.49,12.82,False
395,17.12,58.62,1.53,0.57,1.71,29.59,0.88,141.51,11.8,False
396,5.57,11.43,1.1,0.51,1.1,13.53,2.71,62.45,5.06,False
397,8.08,21.7,1.2,0.52,1.23,17.02,2.31,79.65,6.53,False
398,20.38,71.93,1.65,0.59,1.88,34.11,0.36,163.8,13.7,False
399,10.14,30.09,1.27,0.53,1.34,19.88,1.99,93.71,7.73,False
400,19.79,69.53,1.63,0.59,1.85,33.3,0.45,159.78,13.36,False
401,4.36,6.48,1.06,0.5,1.03,11.84,2.9,54.15,4.35,False
402,17.65,60.77,1.55,0.57,1.74,30.32,0.79,145.11,12.11,False
403,18.82,65.55,1.6,0.58,1.8,31.94,0.61,153.11,12.79,False
404,17.14,58.68,1.53,0.57,1.71,29.61,0.88,141.61,11.81,False
405,9.37,26.94,1.24,0.53,1.3,18.8,2.11,88.43,7.28,False
406,15.2,50.76,1.46,0.56,1.61,26.91,1.18,128.33,10.68,False
407,6.31,14.45,1.13,0.51,1.14,14.56,2.59,67.52,5.49,False
408,17.18,58.86,1.53,0.57,1.71,29.67,0.87,141.9,11.84,False
409,22.58,80.92,1.74,0.6,2.0,37.17,0.01,178.87,14.99,False
410,22.56,80.82,1.73,0.6,2.0,37.14,0.01,178.69,14.97,False
411,6.49,15.18,1.14,0.51,1.15,14.8,2.57,68.73,5.6,False
412,6.29,14.38,1.13,0.51,1.13,14.53,2.6,67.39,5.48,False
413,16.71,56.92,1.52,0.57,1.69,29.01,0.94,138.66,11.56,False
414,13.29,42.95,1.39,0.55,1.51,24.25,1.49,115.26,9.56,False
415,21.93,78.27,1.71,0.6,1.96,36.27,0.11,174.43,14.61,False
416,21.2,75.28,1.68,0.59,1.93,35.25,0.23,169.42,14.18,False
417,15.47,51.88,1.47,0.56,1.62,27.29,1.14,130.21,10.84,False
418,10.04,29.67,1.27,0.53,1.33,19.74,2.0,93.01,7.67,False
419,18.68,65.0,1.59,0.58,1.79,31.76,0.63,152.2,12.71,False
420,11.95,37.5,1.34,0.54,1.44,22.4,1.7,106.12,8.79,False
421,16.63,56.62,1.51,0.57,1.68,28.9,0.96,138.15,11.52,False
422,7.6,19.74,1.18,0.52,1.2,16.36,2.39,76.37,6.25,False
423,15.48,51.91,1.47,0.56,1.62,27.3,1.14,130.26,10.84,False
424,7.8,20.56,1.19,0.52,1.22,16.64,2.36,77.75,6.37,False
425,18.5,64.26,1.58,0.58,1.78,31.5,0.66,150.96,12.61,False
426,18.82,65.58,1.6,0.58,1.8,31.95,0.61,153.16,12.8,False
427,7.79,20.51,1.19,0.52,1.21,16.62,2.36,77.65,6.36,False
428,17.96,62.06,1.56,0.58,1.75,30.76,0.74,147.27,12.29,False
429,18.79,65.42,1.59,0.58,1.8,31.9,0.61,152.9,12.77,False
430,21.25,75.5,1.69,0.59,1.93,35.33,0.22,169.78,14.21,False
431,14.32,47.19,1.43,0.56,1.56,25.69,1.32,122.35,10.17,False
432,16.0,54.02,1.49,0.56,1.65,28.02,1.06,133.8,11.15,False
433,22.31,79.82,1.73,0.6,1.98,36.8,0.05,177.02,14.83,False
434,14.89,49.49,1.45,0.56,1.59,26.48,1.23,126.21,10.5,False
435,10.77,32.69,1.3,0.54,1.37,20.76,1.88,98.07,8.1,False
436,14.31,47.14,1.43,0.56,1.56,25.68,1.32,122.28,10.16,False
437,3.97,4.9,1.04,0.5,1.01,11.31,2.97,51.51,4.13,False
438,10.13,30.04,1.27,0.53,1.34,19.86,1.99,93.63,7.72,False
439,12.44,39.48,1.36,0.55,1.46,23.07,1.62,109.45,9.07,False
440,15.32,51.25,1.47,0.56,1.61,27.08,1.16,129.17,10.75,False
441,13.68,44.56,1.4,0.55,1.53,24.8,1.42,117.94,9.79,False
442,15.18,50.69,1.46,0.56,1.61,26.89,1.19,128.23,10.67,False
443,15.36,51.43,1.47,0.56,1.62,27.14,1.16,129.46,10.78,False
444,19.64,68.89,1.63,0.58,1.84,33.08,0.48,158.72,13.27,False
445,4.7,7.88,1.07,0.51,1.05,12.32,2.85,56.5,4.55,False
446,14.6,48.31,1.44,0.56,1.58,26.08,1.28,124.23,10.33,False
447,19.49,68.28,1.62,0.58,1.83,32.87,0.5,157.68,13.18,False
448,9.13,25.97,1.24,0.53,1.29,18.48,2.15,86.81,7.14,False
449,17.74,61.15,1.56,0.57,1.74,30.45,0.78,145.74,12.16,False
450,12.49,39.69,1.36,0.55,1.46,23.14,1.61,109.79,9.1,False
451,18.12,62.69,1.57,0.58,1.76,30.97,0.72,148.32,12.38,False
452,5.93,12.92,1.12,0.51,1.12,14.03,2.65,64.94,5.27,False
453,11.9,37.28,1.34,0.54,1.43,22.33,1.71,105.76,8.75,False
454,9.67,28.19,1.26,0.53,1.31,19.23,2.06,90.52,7.46,False
455,16.68,56.82,1.52,0.57,1.69,28.97,0.95,138.48,11.55,False
456,16.89,57.68,1.52,0.57,1.7,29.27,0.91,139.94,11.67,False
457,21.82,77.83,1.71,0.6,1.96,36.12,0.13,173.69,14.55,False
458,4.71,7.92,1.07,0.51,1.05,12.33,2.85,56.56,4.56,False
459,8.59,23.76,1.21,0.53,1.26,17.72,2.23,83.1,6.82,False
460,11.84,37.04,1.34,0.54,1.43,22.24,1.72,105.34,8.72,False
461,11.76,36.74,1.33,0.54,1.43,22.14,1.73,104.84,8.68,False
462,20.45,72.23,1.66,0.59,1.89,34.21,0.35,164.3,13.75,False
463,15.47,51.88,1.47,0.56,1.62,27.29,1.14,130.22,10.84,False
464,5.56,11.37,1.1,0.51,1.1,13.51,2.71,62.35,5.05,False
465,4.78,8.22,1.07,0.51,1.05,12.44,2.84,57.08,4.6,False
466,14.83,49.28,1.45,0.56,1.59,26.41,1.24,125.86,10.47,False
467,5.2,9.92,1.09,0.51,1.08,13.02,2.77,59.92,4.85,False
468,12.7,40.58,1.37,0.55,1.48,23.45,1.58,111.28,9.23,False
469,17.8,61.41,1.56,0.57,1.75,30.54,0.77,146.18,12.2,False
470,13.5,43.83,1.4,0.55,1.52,24.55,1.45,116.73,9.69,False
471,14.68,48.67,1.44,0.56,1.58,26.2,1.26,124.83,10.38,False
472,17.45,59.96,1.54,0.57,1.73,30.04,0.83,143.75,11.99,False
473,18.29,63.4,1.58,0.58,1.77,31.21,0.69,149.51,12.49,False
474,20.88,73.99,1.67,0.59,1.91,34.81,0.28,167.25,14.0,False
475,8.08,21.69,1.2,0.52,1.23,17.02,2.31,79.64,6.53,False
476,11.87,37.17,1.34,0.54,1.43,22.29,1.71,105.57,8.74,False
477,15.09,50.34,1.46,0.56,1.6,26.77,1.2,127.64,10.62,False
478,16.18,54.78,1.5,0.57,1.66,28.28,1.03,135.08,11.25,False
479,18.46,64.09,1.58,0.58,1.78,31.45,0.66,150.67,12.58,False
480,13.34,43.17,1.39,0.55,1.51,24.33,1.48,115.63,9.6,False
481,9.93,29.26,1.27,0.53,1.33,19.59,2.02,92.31,7.61,False
482,14.73,48.86,1.44,0.56,1.58,26.27,1.26,125.16,10.41,False
483,22.31,79.81,1.73,0.6,1.98,36.8,0.05,177.01,14.83,False
484,21.08,74.8,1.68,0.59,1.92,35.09,0.25,168.61,14.11,False
485,18.11,62.65,1.57,0.58,1.76,30.96,0.72,148.27,12.38,False
486,20.21,71.23,1.65,0.59,1.87,33.88,0.39,162.64,13.6,False
487,9.46,27.34,1.25,0.53,1.3,18.94,2.09,89.09,7.33,False
488,5.92,12.86,1.12,0.51,1.12,14.01,2.66,64.84,5.27,False
489,14.83,49.27,1.45,0.56,1.59,26.4,1.24,125.85,10.47,False
490,10.6,31.98,1.29,0.54,1.36,20.52,1.91,96.87,8.0,False
491,16.44,55.85,1.51,0.57,1.67,28.64,0.98,136.87,11.41,False
492,22.24,79.54,1.72,0.6,1.98,36.7,0.06,176.56,14.79,False
493,11.01,33.64,1.3,0.54,1.38,21.08,1.85,99.65,8.23,False
494,17.28,59.27,1.54,0.57,1.72,29.81,0.85,142.6,11.9,False
495,13.16,42.45,1.39,0.55,1.5,24.08,1.51,114.41,9.49,False
496,11.1,34.02,1.31,0.54,1.39,21.22,1.83,100.3,8.29,False
497,11.08,33.93,1.31,0.54,1.39,21.18,1.84,100.15,8.28,False
498,22.51,80.64,1.73,0.6,2.0,37.08,0.02,178.4,14.95,False
499,22.51,80.63,1.73,0.6,2.0,37.07,0.02,178.38,14.95,False
500,20.53,72.54,1.66,0.59,1.89,34.32,0.34,164.82,13.79,False
501,11.14,34.19,1.31,0.54,1.39,21.27,1.83,100.58,8.31,False
502,18.47,64.13,1.58,0.58,1.78,31.46,0.66,150.74,12.59,False
503,11.83,37.02,1.34,0.54,1.43,22.24,1.72,105.33,8.72,False
504,15.28,51.09,1.46,0.56,1.61,27.02,1.17,128.89,10.73,False
505,16.6,56.47,1.51,0.57,1.68,28.85,0.96,137.91,11.5,False
506,20.01,70.4,1.64,0.59,1.86,33.59,0.42,161.24,13.49,False
507,10.45,31.39,1.28,0.54,1.36,20.32,1.94,95.88,7.91,False
508,12.56,40.0,1.36,0.55,1.47,23.25,1.6,110.32,9.14,False
509,20.44,72.18,1.66,0.59,1.89,34.2,0.35,164.22,13.74,False
510,6.69,16.01,1.14,0.52,1.16,15.09,2.53,70.12,5.72,False
511,9.53,27.6,1.25,0.53,1.31,19.03,2.08,89.53,7.37,False
512,16.98,58.03,1.53,0.57,1.7,29.38,0.9,140.51,11.72,False
513,20.71,73.29,1.67,0.59,1.9,34.58,0.31,166.08,13.9,False
514,22.52,80.67,1.73,0.6,2.0,37.09,0.02,178.45,14.95,False
515,9.86,28.96,1.26,0.53,1.32,19.49,2.03,91.81,7.57,False
516,4.57,7.34,1.07,0.5,1.04,12.14,2.87,55.6,4.48,False
517,16.17,54.73,1.5,0.57,1.66,28.26,1.03,135.0,11.25,False
518,4.42,6.76,1.06,0.5,1.04,11.94,2.89,54.62,4.39,False
519,16.86,57.54,1.52,0.57,1.7,29.22,0.92,139.7,11.65,False
520,12.9,41.37,1.38,0.55,1.49,23.72,1.55,112.61,9.34,False
521,15.9,53.62,1.49,0.56,1.64,27.88,1.07,133.13,11.09,False
522,18.12,62.69,1.57,0.58,1.76,30.97,0.72,148.32,12.38,False
523,5.1,9.53,1.09,0.51,1.07,12.88,2.78,59.27,4.79,False
524,4.17,5.71,1.05,0.5,1.02,11.58,2.93,52.86,4.24,False
525,14.66,48.57,1.44,0.56,1.58,26.17,1.27,124.67,10.37,False
526,20.11,70.82,1.64,0.59,1.87,33.74,0.4,161.95,13.55,False
527,3.93,4.75,1.04,0.5,1.01,11.25,2.97,51.25,4.11,False
528,5.52,11.23,1.1,0.51,1.09,13.46,2.72,62.11,5.03,False
529,6.76,16.28,1.15,0.52,1.16,15.18,2.52,70.57,5.75,False
530,14.02,45.94,1.42,0.55,1.54,25.27,1.37,120.27,9.99,False
531,17.79,61.35,1.56,0.57,1.74,30.51,0.77,146.08,12.19,False
532,10.13,30.05,1.27,0.53,1.34,19.86,1.99,93.64,7.72,False
533,16.61,56.52,1.51,0.57,1.68,28.87,0.96,137.98,11.5,False
534,8.06,21.59,1.2,0.52,1.23,16.99,2.32,79.48,6.51,False
535,4.86,8.52,1.08,0.51,1.06,12.54,2.82,57.57,4.65,False
536,12.86,41.23,1.37,0.55,1.48,23.67,1.55,112.37,9.32,False
537,21.54,76.69,1.7,0.59,1.94,35.73,0.18,171.78,14.38,False
538,19.63,68.86,1.63,0.58,1.84,33.07,0.48,158.66,13.27,False
539,9.04,25.62,1.23,0.53,1.28,18.36,2.16,86.22,7.09,False
540,21.16,75.12,1.68,0.59,1.92,35.2,0.24,169.15,14.16,False
541,8.01,21.4,1.19,0.52,1.23,16.92,2.32,79.14,6.49,False
542,14.83,49.26,1.45,0.56,1.59,26.4,1.24,125.82,10.47,False
543,17.21,58.97,1.54,0.57,1.71,29.71,0.86,142.1,11.85,False
544,16.25,55.08,1.5,0.57,1.66,28.38,1.02,135.58,11.3,False
545,11.56,35.9,1.33,0.54,1.41,21.85,1.76,103.43,8.56,False
546,13.93,45.57,1.41,0.55,1.54,25.14,1.38,119.64,9.94,False
547,6.91,16.9,1.15,0.52,1.17,15.39,2.5,71.62,5.84,False
548,19.3,67.53,1.61,0.58,1.83,32.62,0.53,156.43,13.08,False
549,4.27,6.12,1.05,0.5,1.03,11.72,2.92,53.55,4.3,False
550,21.36,75.92,1.69,0.59,1.93,35.47,0.21,170.49,14.27,False
551,8.58,23.75,1.21,0.53,1.26,17.72,2.23,83.09,6.82,False
552,14.96,49.79,1.45,0.56,1.59,26.58,1.22,126.71,10.54,False
553,21.18,75.2,1.68,0.59,1.92,35.23,0.23,169.28,14.17,False
554,20.84,73.82,1.67,0.59,1.91,34.76,0.29,166.97,13.97,False
555,17.54,60.32,1.55,0.57,1.73,30.16,0.81,144.35,12.05,False
556,11.11,34.07,1.31,0.54,1.39,21.23,1.83,100.37,8.3,False
557,15.58,52.34,1.48,0.56,1.63,27.45,1.12,130.99,10.91,False
558,13.02,41.88,1.38,0.55,1.49,23.89,1.53,113.47,9.41,False
559,16.51,56.11,1.51,0.57,1.68,28.73,0.97,137.3,11.44,False
560,20.98,74.39,1.68,0.59,1.91,34.95,0.26,167.93,14.06,False
561,20.61,72.88,1.66,0.59,1.89,34.44,0.32,165.4,13.84,False
562,10.38,31.07,1.28,0.54,1.35,20.21,1.95,95.35,7.87,False
563,8.77,24.51,1.22,0.53,1.27,17.98,2.2,84.36,6.93,False
564,9.63,28.01,1.25,0.53,1.31,19.17,2.07,90.22,7.43,False
565,10.81,32.83,1.3,0.54,1.37,20.81,1.88,98.29,8.12,False
566,17.86,61.63,1.56,0.57,1.75,30.61,0.76,146.56,12.23,False
567,12.43,39.45,1.36,0.55,1.46,23.06,1.62,109.4,9.06,False
568,18.58,64.56,1.59,0.58,1.79,31.61,0.65,151.46,12.65,False
569,21.94,78.32,1.71,0.6,1.97,36.29,0.11,174.51,14.62,False
570,8.43,23.12,1.21,0.52,1.25,17.51,2.26,82.04,6.73,False
571,12.71,40.58,1.37,0.55,1.48,23.45,1.58,111.29,9.23,False
572,15.94,53.81,1.49,0.56,1.65,27.95,1.06,133.45,11.12,False
573,14.28,47.0,1.43,0.56,1.56,25.63,1.33,122.04,10.14,False
574,4.14,5.6,1.05,0.5,1.02,11.54,2.94,52.68,4.23,False
575,12.65,40.34,1.37,0.55,1.47,23.36,1.59,110.87,9.19,False
576,12.35,39.14,1.36,0.55,1.46,22.96,1.63,108.88,9.02,False
577,14.01,45.92,1.42,0.55,1.54,25.26,1.37,120.22,9.99,False
578,13.97,45.75,1.42,0.55,1.54,25.21,1.38,119.95,9.96,False
579,16.54,56.26,1.51,0.57,1.68,28.78,0.97,137.56,11.47,False
580,9.01,25.48,1.23,0.53,1.28,18.31,2.17,85.98,7.07,False
581,9.19,26.21,1.24,0.53,1.29,18.56,2.14,87.21,7.17,False
582,10.72,32.47,1.29,0.54,1.37,20.69,1.89,97.7,8.07,False
583,7.3,18.49,1.17,0.52,1.19,15.93,2.44,74.27,6.07,False
584,5.03,9.25,1.08,0.51,1.07,12.79,2.8,58.79,4.75,False
585,14.52,48.01,1.44,0.56,1.57,25.97,1.29,123.73,10.29,False
586,10.28,30.67,1.28,0.53,1.35,20.07,1.96,94.68,7.81,False
587,17.05,58.31,1.53,0.57,1.71,29.48,0.89,140.99,11.76,False
588,21.04,74.62,1.68,0.59,1.92,35.03,0.26,168.32,14.09,False
589,17.08,58.46,1.53,0.57,1.71,29.53,0.88,141.25,11.78,False
590,4.72,7.95,1.07,0.51,1.05,12.35,2.85,56.62,4.56,False
591,4.76,8.14,1.07,0.51,1.05,12.41,2.84,56.94,4.59,False
592,8.52,23.5,1.21,0.53,1.25,17.64,2.24,82.67,6.79,False
593,14.6,48.32,1.44,0.56,1.58,26.08,1.28,124.25,10.33,False
594,16.03,54.17,1.49,0.57,1.65,28.07,1.05,134.04,11.17,False
595,9.46,27.33,1.25,0.53,1.3,18.94,2.09,89.09,7.33,False
596,15.51,52.05,1.47,0.56,1.62,27.35,1.13,130.5,10.86,False
597,19.88,69.89,1.64,0.59,1.86,33.42,0.44,160.39,13.41,False
598,19.26,67.36,1.61,0.58,1.82,32.56,0.54,156.14,13.05,False
599,14.68,48.66,1.44,0.56,1.58,26.2,1.26,124.82,10.38,False
600,18.08,62.54,1.57,0.58,1.76,30.92,0.73,148.07,12.36,False
601,14.65,48.53,1.44,0.56,1.58,26.15,1.27,124.6,10.36,False
602,5.41,10.78,1.1,0.51,1.09,13.31,2.74,61.36,4.97,False
603,6.99,17.25,1.16,0.52,1.17,15.51,2.49,72.2,5.89,False
604,10.73,32.5,1.29,0.54,1.37,20.7,1.89,97.75,8.07,False
605,11.35,35.06,1.32,0.54,1.4,21.57,1.79,102.04,8.44,False
606,17.15,58.73,1.53,0.57,1.71,29.62,0.87,141.69,11.82,False
607,8.24,22.34,1.2,0.52,1.24,17.24,2.29,80.72,6.62,False
608,13.33,43.13,1.39,0.55,1.51,24.31,1.48,115.56,9.59,False
609,22.49,80.56,1.73,0.6,1.99,37.05,0.02,178.26,14.94,False
610,10.91,33.26,1.3,0.54,1.38,20.96,1.86,99.02,8.18,False
611,5.57,11.43,1.1,0.51,1.1,13.53,2.71,62.44,5.06,False
612,5.53,11.27,1.1,0.51,1.09,13.47,2.72,62.18,5.04,False
613,21.26,75.53,1.69,0.59,1.93,35.34,0.22,169.84,14.22,False
614,15.97,53.9,1.49,0.56,1.65,27.98,1.06,133.6,11.13,False
615,21.07,74.77,1.68,0.59,1.92,35.08,0.25,168.56,14.11,False
616,21.26,75.51,1.69,0.59,1.93,35.33,0.22,169.81,14.22,False
617,22.48,80.49,1.73,0.6,1.99,37.03,0.03,178.15,14.93,False
618,7.83,20.66,1.19,0.52,1.22,16.67,2.35,77.92,6.38,False
619,14.42,47.59,1.43,0.56,1.57,25.83,1.31,123.03,10.23,False
620,7.13,17.79,1.16,0.52,1.18,15.69,2.46,73.1,5.97,False
621,8.92,25.11,1.23,0.53,1.27,18.18,2.18,85.36,7.02,False
622,12.07,37.98,1.34,0.54,1.44,22.56,1.68,106.93,8.85,False
623,15.66,52.65,1.48,0.56,1.63,27.55,1.11,131.51,10.95,False
624,12.19,38.47,1.35,0.54,1.45,22.73,1.66,107.75,8.92,False
625,21.9,78.15,1.71,0.6,1.96,36.23,0.12,174.23,14.59,False
626,12.47,39.62,1.36,0.55,1.46,23.12,1.62,109.67,9.09,False
627,8.18,22.09,1.2,0.52,1.23,17.15,2.3,80.3,6.58,False
628,19.64,68.92,1.63,0.58,1.84,33.09,0.48,158.76,13.27,False
629,20.18,71.1,1.65,0.59,1.87,33.83,0.39,162.41,13.59,False
630,4.87,8.58,1.08,0.51,1.06,12.56,2.82,57.67,4.65,False
631,7.26,18.33,1.17,0.52,1.19,15.88,2.44,74.01,6.05,False
632,18.52,64.35,1.58,0.58,1.78,31.53,0.65,151.1,12.62,False
633,19.64,68.9,1.63,0.58,1.84,33.08,0.48,158.73,13.27,False
634,19.6,68.76,1.62,0.58,1.84,33.03,0.48,158.49,13.25,False
635,8.41,23.02,1.21,0.52,1.25,17.47,2.26,81.87,6.72,False
636,9.04,25.62,1.23,0.53,1.28,18.36,2.16,86.22,7.09,False
637,12.68,40.49,1.37,0.55,1.47,23.42,1.58,111.14,9.21,False
638,18.26,63.27,1.57,0.58,1.77,31.17,0.7,149.3,12.47,False
639,4.46,6.92,1.06,0.5,1.04,11.99,2.89,54.88,4.42,False
640,16.94,57.88,1.53,0.57,1.7,29.33,0.91,140.27,11.7,False
641,13.33,43.14,1.39,0.55,1.51,24.32,1.48,115.57,9.59,False
642,9.81,28.77,1.26,0.53,1.32,19.43,2.04,91.5,7.54,False
643,11.14,34.2,1.31,0.54,1.39,21.27,1.83,100.59,8.31,False
644,12.29,38.89,1.35,0.55,1.45,22.87,1.64,108.44,8.98,False
645,16.18,54.76,1.5,0.57,1.66,28.27,1.03,135.05,11.25,False
646,21.24,75.46,1.69,0.59,1.93,35.32,0.22,169.72,14.21,False
647,19.56,68.58,1.62,0.58,1.84,32.98,0.49,158.2,13.23,False
648,12.66,40.39,1.37,0.55,1.47,23.38,1.59,110.97,9.2,False
649,18.68,64.99,1.59,0.58,1.79,31.75,0.63,152.18,12.71,False
650,5.81,12.42,1.11,0.51,1.11,13.87,2.67,64.11,5.2,False
651,18.38,63.77,1.58,0.58,1.78,31.34,0.68,150.13,12.54,False
652,5.75,12.16,1.11,0.51,1.11,13.78,2.68,63.67,5.17,False
653,15.18,50.68,1.46,0.56,1.61,26.88,1.19,128.21,10.67,False
654,22.41,80.21,1.73,0.6,1.99,36.93,0.04,177.67,14.89,False
655,18.13,62.75,1.57,0.58,1.76,30.99,0.72,148.43,12.39,False
656,11.1,34.01,1.31,0.54,1.39,21.21,1.83,100.27,8.29,False
657,18.27,63.33,1.58,0.58,1.77,31.19,0.69,149.4,12.48,False
658,16.23,54.99,1.5,0.57,1.66,28.35,1.02,135.43,11.28,False
659,7.1,17.69,1.16,0.52,1.18,15.66,2.47,72.93,5.96,False
660,16.5,56.07,1.51,0.57,1.68,28.72,0.98,137.24,11.44,False
661,21.49,76.46,1.7,0.59,1.94,35.66,0.18,171.4,14.35,False
662,16.78,57.25,1.52,0.57,1.69,29.12,0.93,139.2,11.61,False
663,12.98,41.7,1.38,0.55,1.49,23.83,1.53,113.16,9.39,False
664,11.97,37.6,1.34,0.54,1.44,22.43,1.69,106.29,8.8,False
665,21.79,77.7,1.71,0.6,1.96,36.08,0.14,173.47,14.53,False
666,19.47,68.2,1.62,0.58,1.83,32.84,0.51,157.55,13.17,False
667,11.73,36.61,1.33,0.54,1.42,22.1,1.73,104.64,8.66,False
668,20.0,70.37,1.64,0.59,1.86,33.58,0.42,161.2,13.48,False
669,9.85,28.92,1.26,0.53,1.32,19.48,2.03,91.75,7.56,False
670,18.73,65.18,1.59,0.58,1.79,31.82,0.62,152.49,12.74,False
671,20.83,73.78,1.67,0.59,1.91,34.74,0.29,166.9,13.97,False
672,10.92,33.31,1.3,0.54,1.38,20.97,1.86,99.1,8.19,False
673,15.23,50.89,1.46,0.56,1.61,26.95,1.18,128.56,10.7,False
674,7.9,20.94,1.19,0.52,1.22,16.77,2.34,78.39,6.42,False
675,18.16,62.87,1.57,0.58,1.76,31.03,0.71,148.63,12.41,False
676,9.44,27.26,1.25,0.53,1.3,18.91,2.1,88.97,7.32,False
677,5.84,12.55,1.11,0.51,1.11,13.91,2.67,64.33,5.22,False
678,10.21,30.4,1.28,0.53,1.34,19.98,1.97,94.24,7.77,False
679,9.24,26.42,1.24,0.53,1.29,18.63,2.13,87.57,7.2,False
680,15.69,52.76,1.48,0.56,1.63,27.59,1.11,131.69,10.97,False
681,14.11,46.32,1.42,0.55,1.55,25.4,1.36,120.91,10.05,False
682,14.41,47.52,1.43,0.56,1.57,25.81,1.31,122.92,10.22,False
683,11.42,35.31,1.32,0.54,1.41,21.65,1.78,102.46,8.47,False
684,16.61,56.55,1.51,0.57,1.68,28.88,0.96,138.04,11.51,False
685,7.05,17.48,1.16,0.52,1.18,15.59,2.48,72.59,5.93,False
686,6.9,16.86,1.15,0.52,1.17,15.37,2.5,71.54,5.84,False
687,16.12,54.55,1.5,0.57,1.66,28.2,1.04,134.69,11.22,False
688,14.04,46.05,1.42,0.55,1.55,25.31,1.37,120.44,10.01,False
689,11.17,34.31,1.31,0.54,1.39,21.31,1.82,100.77,8.33,False
690,10.64,32.13,1.29,0.54,1.37,20.57,1.91,97.13,8.02,False
691,19.63,68.86,1.63,0.58,1.84,33.07,0.48,158.66,13.27,False
692,4.53,7.18,1.06,0.5,1.04,12.08,2.88,55.33,4.45,False
693,17.13,58.64,1.53,0.57,1.71,29.59,0.88,141.54,11.81,False
694,7.24,18.24,1.16,0.52,1.18,15.84,2.45,73.85,6.03,False
695,12.73,40.68,1.37,0.55,1.48,23.48,1.57,111.45,9.24,False
696,5.59,11.54,1.1,0.51,1.1,13.56,2.71,62.62,5.08,False
697,6.91,16.91,1.15,0.52,1.17,15.39,2.5,71.63,5.84,False
698,11.97,37.57,1.34,0.54,1.44,22.42,1.7,106.24,8.8,False
699,17.08,58.46,1.53,0.57,1.71,29.53,0.88,141.24,11.78,False
700,8.5,23.41,1.21,0.53,1.25,17.6,2.25,82.51,6.77,False
701,15.69,52.77,1.48,0.56,1.63,27.59,1.1,131.7,10.97,False
702,13.03,41.92,1.38,0.55,1.49,23.9,1.53,113.53,9.42,False
703,10.3,30.74,1.28,0.53,1.35,20.1,1.96,94.81,7.82,False
704,11.89,37.25,1.34,0.54,1.43,22.31,1.71,105.7,8.75,False
705,19.88,69.89,1.64,0.59,1.86,33.42,0.44,160.4,13.41,False
706,16.3,55.27,1.5,0.57,1.67,28.45,1.01,135.9,11.32,False
707,4.98,9.01,1.08,0.51,1.07,12.7,2.81,58.39,4.72,False
708,9.43,27.22,1.25,0.53,1.3,18.9,2.1,88.9,7.32,False
709,10.44,31.33,1.28,0.54,1.35,20.3,1.94,95.79,7.9,False
710,13.93,45.58,1.41,0.55,1.54,25.15,1.38,119.66,9.94,False
711,20.16,71.05,1.65,0.59,1.87,33.82,0.39,162.34,13.58,False
712,9.83,28.84,1.26,0.53,1.32,19.45,2.03,91.61,7.55,False
713,9.63,28.01,1.25,0.53,1.31,19.17,2.07,90.22,7.43,False
714,19.85,69.79,1.63,0.59,1.85,33.38,0.44,160.21,13.4,False
715,17.9,61.8,1.56,0.58,1.75,30.67,0.75,146.84,12.26,False
716,6.44,15.01,1.14,0.51,1.14,14.75,2.57,68.44,5.57,False
717,19.58,68.65,1.62,0.58,1.84,33.0,0.49,158.3,13.24,False
718,19.84,69.73,1.63,0.59,1.85,33.37,0.45,160.13,13.39,False
719,17.44,59.91,1.54,0.57,1.73,30.02,0.83,143.67,11.99,False
720,20.02,70.45,1.64,0.59,1.86,33.61,0.42,161.33,13.49,False
721,21.27,75.58,1.69,0.59,1.93,35.36,0.22,169.92,14.23,False
722,8.78,24.54,1.22,0.53,1.27,17.99,2.2,84.41,6.93,False
723,14.57,48.21,1.44,0.56,1.57,26.04,1.28,124.07,10.32,False
724,9.64,28.06,1.25,0.53,1.31,19.19,2.07,90.3,7.44,False
725,12.78,40.9,1.37,0.55,1.48,23.56,1.57,111.82,9.27,False
726,14.91,49.58,1.45,0.56,1.59,26.51,1.23,126.36,10.51,False
727,21.45,76.29,1.69,0.59,1.94,35.6,0.19,171.12,14.33,False
728,10.15,30.13,1.27,0.53,1.34,19.89,1.98,93.78,7.73,False
729,18.9,65.89,1.6,0.58,1.8,32.06,0.6,153.68,12.84,False
730,22.54,80.76,1.73,0.6,2.0,37.12,0.02,178.59,14.97,False
731,13.26,42.84,1.39,0.55,1.5,24.21,1.49,115.06,9.55,False
732,18.06,62.47,1.57,0.58,1.76,30.9,0.73,147.96,12.35,False
733,16.34,55.42,1.5,0.57,1.67,28.5,1.0,136.14,11.35,False
734,20.84,73.81,1.67,0.59,1.91,34.75,0.29,166.96,13.97,False
735,18.48,64.18,1.58,0.58,1.78,31.48,0.66,150.82,12.6,False
736,17.92,61.87,1.56,0.58,1.75,30.69,0.75,146.95,12.27,False
737,16.41,55.73,1.51,0.57,1.67,28.6,0.99,136.66,11.39,False
738,11.54,35.83,1.32,0.54,1.41,21.83,1.76,103.33,8.55,False
739,11.11,34.05,1.31,0.54,1.39,21.22,1.83,100.34,8.29,False
740,12.38,39.25,1.36,0.55,1.46,23.0,1.63,109.06,9.04,False
741,9.12,25.95,1.23,0.53,1.29,18.47,2.15,86.78,7.14,False
742,5.5,11.14,1.1,0.51,1.09,13.43,2.72,61.96,5.02,False
743,22.03,78.67,1.72,0.6,1.97,36.41,0.1,175.1,14.67,False
744,11.44,35.43,1.32,0.54,1.41,21.69,1.78,102.66,8.49,False
745,6.63,15.78,1.14,0.52,1.15,15.01,2.54,69.73,5.68,False
746,10.27,30.62,1.28,0.53,1.35,20.06,1.97,94.6,7.8,False
747,10.45,31.38,1.28,0.54,1.36,20.32,1.94,95.88,7.91,False
748,9.35,26.87,1.24,0.53,1.3,18.78,2.11,88.31,7.27,False
749,18.56,64.51,1.59,0.58,1.79,31.59,0.65,151.38,12.64,False
750,11.1,34.04,1.31,0.54,1.39,21.22,1.83,100.33,8.29,False
751,7.98,21.27,1.19,0.52,1.22,16.88,2.33,78.93,6.47,False
752,8.12,21.86,1.2,0.52,1.23,17.08,2.31,79.92,6.55,False
753,15.26,51.0,1.46,0.56,1.61,26.99,1.17,128.74,10.71,False
754,21.69,77.27,1.7,0.6,1.95,35.93,0.15,172.76,14.47,False
755,17.44,59.93,1.54,0.57,1.73,30.03,0.83,143.7,11.99,False
756,17.54,60.33,1.55,0.57,1.73,30.17,0.81,144.36,12.05,False
757,14.24,46.84,1.43,0.56,1.56,25.58,1.34,121.76,10.12,False
758,17.86,61.65,1.56,0.57,1.75,30.62,0.76,146.58,12.24,False
759,16.23,54.98,1.5,0.57,1.66,28.35,1.02,135.41,11.28,False
760,12.89,41.33,1.37,0.55,1.48,23.7,1.55,112.54,9.33,False
761,16.67,56.78,1.52,0.57,1.69,28.96,0.95,138.42,11.54,False
762,17.25,59.16,1.54,0.57,1.72,29.77,0.86,142.41,11.88,False
763,11.81,36.93,1.33,0.54,1.43,22.21,1.72,105.17,8.7,False
764,9.77,28.59,1.26,0.53,1.32,19.37,2.04,91.2,7.51,False
765,11.9,37.3,1.34,0.54,1.43,22.33,1.71,105.79,8.76,False
766,21.13,75.0,1.68,0.59,1.92,35.16,0.24,168.96,14.14,False
767,10.86,33.06,1.3,0.54,1.38,20.89,1.87,98.68,8.15,False
768,16.91,57.76,1.52,0.57,1.7,29.29,0.91,140.07,11.68,False
769,14.28,47.0,1.43,0.56,1.56,25.63,1.33,122.04,10.14,False
770,10.6,31.98,1.29,0.54,1.36,20.52,1.91,96.88,8.0,False
771,20.93,74.19,1.67,0.59,1.91,34.88,0.27,167.59,14.03,False
772,6.4,14.84,1.13,0.51,1.14,14.69,2.58,68.15,5.55,False
773,4.59,7.43,1.07,0.5,1.04,12.17,2.87,55.74,4.49,False
774,6.08,13.53,1.12,0.51,1.12,14.24,2.63,65.97,5.36,False
775,9.24,26.45,1.24,0.53,1.29,18.64,2.13,87.6,7.21,False
776,20.26,71.42,1.65,0.59,1.88,33.94,0.38,162.95,13.63,False
777,6.65,15.84,1.14,0.52,1.15,15.03,2.54,69.84,5.69,False
778,7.37,18.8,1.17,0.52,1.19,16.04,2.42,74.8,6.11,False
779,7.38,18.82,1.17,0.52,1.19,16.04,2.42,74.83,6.12,False
780,19.85,69.77,1.63,0.59,1.85,33.38,0.44,160.19,13.4,False
781,5.8,12.36,1.11,0.51,1.11,13.85,2.68,64.01,5.19,False
782,8.22,22.25,1.2,0.52,1.24,17.21,2.29,80.57,6.61,False
783,20.67,73.12,1.66,0.59,1.9,34.52,0.31,165.79,13.87,False
784,14.17,46.58,1.42,0.56,1.55,25.49,1.35,121.34,10.08,False
785,6.05,13.41,1.12,0.51,1.12,14.2,2.63,65.77,5.34,False
786,5.59,11.5,1.1,0.51,1.1,13.55,2.71,62.56,5.07,False
787,19.51,68.37,1.62,0.58,1.84,32.9,0.5,157.84,13.2,False
788,12.23,38.64,1.35,0.54,1.45,22.79,1.65,108.03,8.95,False
789,14.77,49.03,1.45,0.56,1.58,26.32,1.25,125.43,10.43,False
790,19.49,68.28,1.62,0.58,1.83,32.87,0.5,157.69,13.18,False
791,18.67,64.95,1.59,0.58,1.79,31.74,0.63,152.12,12.71,False
792,9.41,27.11,1.25,0.53,1.3,18.86,2.1,88.71,7.3,False
793,7.23,18.21,1.16,0.52,1.18,15.83,2.45,73.8,6.03,False
794,21.67,77.19,1.7,0.6,1.95,35.9,0.16,172.61,14.46,False
795,19.03,66.41,1.6,0.58,1.81,32.24,0.57,154.56,12.92,False
796,8.27,22.46,1.2,0.52,1.24,17.28,2.28,80.93,6.64,False
797,20.26,71.45,1.65,0.59,1.88,33.95,0.38,163.0,13.64,False
798,4.71,7.91,1.07,0.51,1.05,12.33,2.85,56.56,4.56,False
799,13.5,43.85,1.4,0.55,1.52,24.56,1.45,116.75,9.69,False
800,11.81,36.92,1.33,0.54,1.43,22.2,1.72,105.15,8.7,False
801,17.2,58.95,1.54,0.57,1.71,29.7,0.86,142.06,11.85,False
802,5.56,11.38,1.1,0.51,1.1,13.51,2.71,62.36,5.05,False
803,7.3,18.51,1.17,0.52,1.19,15.94,2.44,74.31,6.07,False
804,19.76,69.38,1.63,0.58,1.85,33.25,0.46,159.54,13.34,False
805,20.06,70.62,1.64,0.59,1.87,33.67,0.41,161.61,13.52,False
806,10.89,33.17,1.3,0.54,1.38,20.93,1.87,98.87,8.17,False
807,6.48,15.14,1.14,0.51,1.14,14.79,2.57,68.67,5.59,False
808,16.49,56.04,1.51,0.57,1.68,28.71,0.98,137.18,11.43,False
809,18.86,65.73,1.6,0.58,1.8,32.0,0.6,153.42,12.82,False
810,18.85,65.68,1.6,0.58,1.8,31.99,0.6,153.34,12.81,False
811,11.97,37.59,1.34,0.54,1.44,22.43,1.69,106.27,8.8,False
812,20.73,73.35,1.67,0.59,1.9,34.6,0.3,166.19,13.91,False
813,7.82,20.62,1.19,0.52,1.22,16.65,2.35,77.84,6.37,False
814,12.02,37.79,1.34,0.54,1.44,22.5,1.69,106.61,8.83,False
815,12.37,39.23,1.36,0.55,1.46,22.99,1.63,109.02,9.03,False
816,16.68,56.81,1.52,0.57,1.69,28.97,0.95,138.48,11.54,False
817,9.35,26.89,1.24,0.53,1.3,18.79,2.11,88.36,7.27,False
818,18.39,63.81,1.58,0.58,1.78,31.35,0.68,150.19,12.54,False
819,13.45,43.63,1.4,0.55,1.51,24.48,1.46,116.39,9.66,False
820,12.42,39.44,1.36,0.55,1.46,23.06,1.62,109.37,9.06,False
821,22.04,78.72,1.72,0.6,1.97,36.42,0.1,175.17,14.67,False
822,22.51,80.62,1.73,0.6,2.0,37.07,0.02,178.36,14.95,False
823,7.93,21.07,1.19,0.52,1.22,16.81,2.34,78.59,6.44,False
824,12.52,39.82,1.36,0.55,1.47,23.19,1.61,110.02,9.12,False
825,5.22,10.02,1.09,0.51,1.08,13.05,2.77,60.08,4.86,False
826,19.37,67.8,1.62,0.58,1.83,32.71,0.52,156.89,13.11,False
827,16.08,54.35,1.49,0.57,1.65,28.13,1.04,134.35,11.19,False
828,18.1,62.61,1.57,0.58,1.76,30.94,0.72,148.19,12.37,False
829,19.56,68.57,1.62,0.58,1.84,32.97,0.49,158.17,13.22,False
830,18.63,64.8,1.59,0.58,1.79,31.69,0.64,151.86,12.69,False
831,13.63,44.35,1.4,0.55,1.52,24.73,1.43,117.6,9.76,False
832,13.15,42.42,1.38,0.55,1.5,24.07,1.51,114.36,9.49,False
833,11.03,33.74,1.31,0.54,1.39,21.12,1.84,99.82,8.25,False
834,11.43,35.36,1.32,0.54,1.41,21.67,1.78,102.54,8.48,False
835,12.53,39.88,1.36,0.55,1.47,23.21,1.61,110.11,9.13,False
836,21.44,76.25,1.69,0.59,1.94,35.58,0.19,171.05,14.32,False
837,18.55,64.47,1.59,0.58,1.79,31.58,0.65,151.31,12.64,False
838,5.22,9.99,1.09,0.51,1.08,13.04,2.77,60.03,4.86,False
839,17.9,61.79,1.56,0.58,1.75,30.67,0.75,146.82,12.26,False
840,10.19,30.3,1.27,0.53,1.34,19.95,1.98,94.06,7.76,False
841,18.89,65.84,1.6,0.58,1.8,32.04,0.6,153.6,12.83,False
842,6.31,14.47,1.13,0.51,1.14,14.56,2.59,67.54,5.5,False
843,12.85,41.18,1.37,0.55,1.48,23.65,1.56,112.29,9.31,False
844,12.63,40.28,1.37,0.55,1.47,23.34,1.59,110.78,9.18,False
845,12.82,41.06,1.37,0.55,1.48,23.61,1.56,112.09,9.29,False
846,16.09,54.39,1.49,0.57,1.65,28.15,1.04,134.42,11.2,False
847,18.99,66.25,1.6,0.58,1.81,32.18,0.58,154.29,12.89,False
848,9.45,27.28,1.25,0.53,1.3,18.92,2.1,89.01,7.33,False
849,20.19,71.14,1.65,0.59,1.87,33.85,0.39,162.49,13.59,False
850,14.16,46.53,1.42,0.56,1.55,25.47,1.35,121.26,10.08,False
851,17.89,61.76,1.56,0.58,1.75,30.65,0.76,146.77,12.25,False
852,12.21,38.57,1.35,0.54,1.45,22.76,1.66,107.91,8.94,False
853,19.2,67.13,1.61,0.58,1.82,32.48,0.55,155.77,13.02,False
854,14.09,46.24,1.42,0.55,1.55,25.37,1.36,120.77,10.03,False
855,18.9,65.87,1.6,0.58,1.8,32.05,0.6,153.65,12.84,False
856,21.8,77.72,1.71,0.6,1.96,36.08,0.14,173.51,14.53,False
857,17.12,58.61,1.53,0.57,1.71,29.58,0.88,141.5,11.8,False
858,5.24,10.09,1.09,0.51,1.08,13.07,2.76,60.2,4.87,False
859,17.06,58.35,1.53,0.57,1.71,29.49,0.89,141.05,11.76,False
860,21.15,75.09,1.68,0.59,1.92,35.19,0.24,169.09,14.16,False
861,21.66,77.17,1.7,0.6,1.95,35.9,0.16,172.59,14.45,False
862,16.0,54.02,1.49,0.56,1.65,28.02,1.06,133.8,11.15,False
863,10.03,29.65,1.27,0.53,1.33,19.73,2.0,92.97,7.66,False
864,6.48,15.15,1.14,0.51,1.14,14.79,2.57,68.68,5.59,False
865,17.88,61.73,1.56,0.57,1.75,30.64,0.76,146.71,12.25,False
866,17.51,60.2,1.55,0.57,1.73,30.12,0.82,144.15,12.03,False
867,14.31,47.12,1.43,0.56,1.56,25.67,1.32,122.24,10.16,False
868,14.0,45.85,1.42,0.55,1.54,25.24,1.37,120.12,9.98,False
869,20.05,70.6,1.64,0.59,1.86,33.66,0.41,161.57,13.51,False
870,15.98,53.97,1.49,0.56,1.65,28.0,1.06,133.72,11.14,False
871,15.97,53.92,1.49,0.56,1.65,27.99,1.06,133.64,11.13,False
872,17.13,58.66,1.53,0.57,1.71,29.6,0.88,141.58,11.81,False
873,11.8,36.89,1.33,0.54,1.43,22.19,1.72,105.1,8.7,False
874,18.63,64.8,1.59,0.58,1.79,31.69,0.64,151.85,12.69,False
875,14.17,46.55,1.42,0.56,1.55,25.48,1.35,121.28,10.08,False
876,22.37,80.06,1.73,0.6,1.99,36.88,0.04,177.43,14.87,False
877,21.85,77.95,1.71,0.6,1.96,36.16,0.13,173.9,14.56,False
878,20.93,74.16,1.67,0.59,1.91,34.87,0.27,167.54,14.02,False
879,18.17,62.92,1.57,0.58,1.77,31.05,0.71,148.71,12.42,False
880,13.09,42.13,1.38,0.55,1.5,23.98,1.52,113.89,9.45,False
881,13.82,45.14,1.41,0.55,1.53,25.0,1.4,118.93,9.88,False
882,5.89,12.74,1.11,0.51,1.11,13.97,2.66,64.65,5.25,False
883,5.3,10.34,1.09,0.51,1.08,13.16,2.75,60.62,4.91,False
884,19.08,66.63,1.61,0.58,1.81,32.31,0.57,154.92,12.95,False
885,15.55,52.22,1.47,0.56,1.63,27.41,1.13,130.78,10.89,False
886,5.0,9.09,1.08,0.51,1.07,12.73,2.8,58.53,4.73,False
887,7.29,18.46,1.17,0.52,1.19,15.92,2.44,74.23,6.07,False
888,6.1,13.6,1.12,0.51,1.12,14.27,2.63,66.08,5.37,False
889,4.54,7.23,1.06,0.5,1.04,12.1,2.87,55.41,4.46,False
890,7.73,20.24,1.18,0.52,1.21,16.53,2.37,77.2,6.32,False
891,14.19,46.66,1.42,0.56,1.55,25.52,1.34,121.47,10.09,False
892,7.37,18.8,1.17,0.52,1.19,16.03,2.42,74.79,6.11,False
893,15.41,51.62,1.47,0.56,1.62,27.2,1.15,129.78,10.8,False
894,10.82,32.88,1.3,0.54,1.38,20.83,1.88,98.39,8.13,False
895,10.35,30.94,1.28,0.53,1.35,20.17,1.95,95.13,7.85,False
896,17.85,61.6,1.56,0.57,1.75,30.6,0.76,146.5,12.23,False
897,7.7,20.14,1.18,0.52,1.21,16.49,2.37,77.03,6.31,False
898,19.9,69.95,1.64,0.59,1.86,33.44,0.44,160.49,13.42,False
899,19.63,68.88,1.63,0.58,1.84,33.08,0.48,158.7,13.27,False
900,16.11,54.51,1.5,0.57,1.66,28.18,1.04,134.61,11.22,False
901,22.03,78.69,1.72,0.6,1.97,36.41,0.1,175.13,14.67,False
902,14.94,49.72,1.45,0.56,1.59,26.56,1.22,126.59,10.53,False
903,5.87,12.64,1.11,0.51,1.11,13.94,2.66,64.48,5.23,False
904,15.96,53.87,1.49,0.56,1.65,27.97,1.06,133.55,11.12,False
905,13.21,42.65,1.39,0.55,1.5,24.15,1.5,114.75,9.52,False
906,7.05,17.48,1.16,0.52,1.18,15.59,2.48,72.59,5.93,False
907,6.94,17.04,1.15,0.52,1.17,15.44,2.49,71.84,5.86,False
908,15.12,50.46,1.46,0.56,1.6,26.81,1.19,127.83,10.64,False
909,18.07,62.49,1.57,0.58,1.76,30.9,0.73,148.0,12.36,False
910,18.44,64.02,1.58,0.58,1.78,31.42,0.67,150.56,12.57,False
911,22.11,79.0,1.72,0.6,1.97,36.52,0.09,175.66,14.71,False
912,18.89,65.85,1.6,0.58,1.8,32.05,0.6,153.62,12.84,False
913,12.38,39.24,1.36,0.55,1.46,22.99,1.63,109.04,9.03,False
914,14.01,45.93,1.42,0.55,1.54,25.27,1.37,120.25,9.99,False
915,9.9,29.14,1.26,0.53,1.33,19.55,2.02,92.11,7.59,False
916,22.05,78.77,1.72,0.6,1.97,36.44,0.09,175.26,14.68,False
917,20.85,73.87,1.67,0.59,1.91,34.77,0.28,167.05,13.98,False
918,15.16,50.59,1.46,0.56,1.61,26.85,1.19,128.05,10.66,False
919,14.38,47.44,1.43,0.56,1.56,25.78,1.31,122.77,10.21,False
920,19.53,68.46,1.62,0.58,1.84,32.93,0.49,158.0,13.21,False
921,15.01,50.01,1.45,0.56,1.6,26.66,1.21,127.08,10.57,False
922,21.05,74.68,1.68,0.59,1.92,35.05,0.25,168.42,14.1,False
923,22.08,78.88,1.72,0.6,1.97,36.48,0.09,175.45,14.7,False
924,5.36,10.58,1.09,0.51,1.09,13.24,2.74,61.03,4.94,False
925,17.42,59.83,1.54,0.57,1.73,30.0,0.83,143.53,11.98,False
926,10.77,32.66,1.3,0.54,1.37,20.75,1.89,98.01,8.09,False
927,15.47,51.89,1.47,0.56,1.62,27.3,1.14,130.24,10.84,False
928,16.34,55.43,1.5,0.57,1.67,28.5,1.0,136.17,11.35,False
929,9.93,29.25,1.26,0.53,1.33,19.59,2.02,92.3,7.61,False
930,14.6,48.31,1.44,0.56,1.58,26.08,1.28,124.23,10.33,False
931,14.79,49.11,1.45,0.56,1.59,26.35,1.25,125.58,10.44,False
932,15.34,51.35,1.47,0.56,1.61,27.11,1.16,129.33,10.76,False
933,9.11,25.89,1.23,0.53,1.28,18.45,2.15,86.67,7.13,False
934,19.21,67.16,1.61,0.58,1.82,32.49,0.55,155.81,13.02,False
935,12.57,40.02,1.36,0.55,1.47,23.26,1.6,110.35,9.15,False
936,9.4,27.07,1.25,0.53,1.3,18.85,2.1,88.65,7.3,False
937,6.33,14.53,1.13,0.51,1.14,14.58,2.59,67.63,5.5,False
938,5.43,10.86,1.1,0.51,1.09,13.33,2.73,61.49,4.98,False
939,19.93,70.11,1.64,0.59,1.86,33.5,0.43,160.76,13.44,False
940,15.27,51.04,1.46,0.56,1.61,27.01,1.17,128.81,10.72,False
941,18.75,65.29,1.59,0.58,1.8,31.86,0.62,152.68,12.76,False
942,17.1,58.52,1.53,0.57,1.71,29.55,0.88,141.35,11.79,False
943,4.59,7.44,1.07,0.5,1.04,12.17,2.87,55.76,4.49,False
944,21.01,74.52,1.68,0.59,1.92,35.0,0.26,168.14,14.07,False
945,5.27,10.2,1.09,0.51,1.08,13.11,2.76,60.38,4.89,False
946,4.97,8.98,1.08,0.51,1.06,12.7,2.81,58.35,4.71,False
947,12.24,38.66,1.35,0.55,1.45,22.79,1.65,108.07,8.95,False
948,14.66,48.56,1.44,0.56,1.58,26.16,1.27,124.66,10.37,False
949,10.75,32.59,1.3,0.54,1.37,20.73,1.89,97.9,8.08,False
950,11.35,35.04,1.32,0.54,1.4,21.56,1.79,101.99,8.43,False
951,9.76,28.55,1.26,0.53,1.32,19.35,2.05,91.12,7.51,False
952,8.78,24.53,1.22,0.53,1.27,17.98,2.2,84.39,6.93,False
953,8.13,21.9,1.2,0.52,1.23,17.09,2.3,79.98,6.56,False
954,11.58,35.98,1.33,0.54,1.42,21.88,1.76,103.57,8.57,False
955,6.87,16.74,1.15,0.52,1.17,15.33,2.5,71.34,5.82,False
956,19.62,68.82,1.63,0.58,1.84,33.06,0.48,158.6,13.26,False
957,16.09,54.4,1.49,0.57,1.65,28.15,1.04,134.44,11.2,False
958,6.32,14.48,1.13,0.51,1.14,14.57,2.59,67.56,5.5,False
959,13.59,44.17,1.4,0.55,1.52,24.67,1.44,117.31,9.74,False
960,15.89,53.57,1.49,0.56,1.64,27.87,1.07,133.05,11.08,False
961,6.17,13.88,1.12,0.51,1.13,14.36,2.62,66.54,5.41,False
962,17.63,60.68,1.55,0.57,1.74,30.29,0.8,144.96,12.1,False
963,22.57,80.88,1.74,0.6,2.0,37.16,0.01,178.79,14.98,False
964,9.95,29.34,1.27,0.53,1.33,19.62,2.02,92.45,7.62,False
965,4.59,7.43,1.07,0.5,1.04,12.17,2.87,55.74,4.49,False
966,8.96,25.29,1.23,0.53,1.28,18.24,2.17,85.67,7.04,False
967,21.96,78.39,1.71,0.6,1.97,36.31,0.11,174.63,14.63,False
968,19.17,66.99,1.61,0.58,1.82,32.43,0.55,155.53,13.0,False
969,18.93,65.99,1.6,0.58,1.81,32.09,0.59,153.85,12.86,False
970,18.65,64.87,1.59,0.58,1.79,31.71,0.63,151.98,12.7,False
971,17.91,61.84,1.56,0.58,1.75,30.68,0.75,146.9,12.26,False
972,17.24,59.11,1.54,0.57,1.72,29.75,0.86,142.33,11.87,False
973,19.24,67.28,1.61,0.58,1.82,32.53,0.54,156.01,13.04,False
974,7.87,20.83,1.19,0.52,1.22,16.73,2.35,78.19,6.4,False
975,20.83,73.79,1.67,0.59,1.91,34.75,0.29,166.92,13.97,False
976,16.13,54.59,1.5,0.57,1.66,28.21,1.03,134.75,11.23,False
977,6.42,14.91,1.13,0.51,1.14,14.71,2.58,68.27,5.56,False
978,15.2,50.77,1.46,0.56,1.61,26.91,1.18,128.35,10.68,False
979,15.54,52.15,1.47,0.56,1.63,27.38,1.13,130.66,10.88,False
980,12.6,40.16,1.36,0.55,1.47,23.3,1.59,110.58,9.17,False
981,18.63,64.78,1.59,0.58,1.79,31.68,0.64,151.83,12.68,False
982,3.81,4.25,1.04,0.5,1.0,11.09,2.99,50.42,4.04,False
983,10.34,30.93,1.28,0.53,1.35,20.16,1.95,95.11,7.85,False
984,15.96,53.89,1.49,0.56,1.65,27.98,1.06,133.58,11.13,False
985,20.99,74.44,1.68,0.59,1.91,34.97,0.26,168.02,14.06,False
986,8.82,24.72,1.22,0.53,1.27,18.05,2.19,84.71,6.96,False
987,12.88,41.28,1.37,0.55,1.48,23.69,1.55,112.46,9.33,False
988,16.67,56.77,1.52,0.57,1.69,28.96,0.95,138.41,11.54,False
989,13.41,43.47,1.39,0.55,1.51,24.43,1.47,116.12,9.64,False
990,4.96,8.93,1.08,0.51,1.06,12.68,2.81,58.25,4.7,False
991,20.13,70.91,1.64,0.59,1.87,33.77,0.4,162.1,13.56,False
992,19.89,69.95,1.64,0.59,1.86,33.44,0.44,160.48,13.42,False
993,10.77,32.67,1.3,0.54,1.37,20.76,1.89,98.03,8.1,False
994,8.16,22.03,1.2,0.52,1.23,17.14,2.3,80.21,6.58,False
995,11.03,33.72,1.31,0.54,1.39,21.11,1.84,99.8,8.25,False
996,10.31,30.78,1.28,0.53,1.35,20.11,1.96,94.87,7.83,False
997,7.69,20.11,1.18,0.52,1.21,16.48,2.37,76.99,6.3,False
998,11.8,36.89,1.33,0.54,1.43,22.19,1.72,105.1,8.7,False
999,7.47,19.2,1.17,0.52,1.2,16.17,2.41,75.47,6.17,False
1000,19.59,68.7,1.62,0.58,1.84,33.02,0.49,158.4,13.24,False
1001,22.26,79.62,1.72,0.6,1.98,36.73,0.06,176.69,14.8,False
1002,5.86,12.61,1.11,0.51,1.11,13.93,2.67,64.42,5.23,False
1003,8.23,22.31,1.2,0.52,1.24,17.23,2.29,80.67,6.62,False
1004,18.49,64.19,1.58,0.58,1.78,31.48,0.66,150.84,12.6,False
1005,20.83,73.78,1.67,0.59,1.91,34.74,0.29,166.91,13.97,False
1006,19.12,66.77,1.61,0.58,1.82,32.36,0.56,155.16,12.97,False
1007,21.91,78.17,1.71,0.6,1.96,36.24,0.12,174.25,14.6,False
1008,5.77,12.23,1.11,0.51,1.11,13.8,2.68,63.8,5.18,False
1009,15.26,51.0,1.46,0.56,1.61,26.99,1.17,128.74,10.71,False
1010,15.44,51.74,1.47,0.56,1.62,27.24,1.14,129.98,10.82,False
1011,14.39,47.45,1.43,0.56,1.56,25.78,1.31,122.79,10.21,False
1012,10.67,32.26,1.29,0.54,1.37,20.61,1.9,97.34,8.04,False
1013,7.24,18.25,1.16,0.52,1.19,15.85,2.45,73.87,6.04,False
1014,14.38,47.4,1.43,0.56,1.56,25.77,1.31,122.71,10.2,False
1015,10.5,31.58,1.29,0.54,1.36,20.38,1.93,96.2,7.94,False
1016,12.55,39.93,1.36,0.55,1.47,23.23,1.6,110.2,9.13,False
1017,21.49,76.48,1.7,0.59,1.94,35.66,0.18,171.43,14.35,False
1018,16.44,55.84,1.51,0.57,1.67,28.64,0.99,136.85,11.41,False
1019,12.92,41.44,1.38,0.55,1.49,23.74,1.55,112.73,9.35,False
1020,11.93,37.43,1.34,0.54,1.43,22.38,1.7,106.01,8.78,False
1021,4.55,7.26,1.06,0.5,1.04,12.11,2.87,55.47,4.47,False
1022,9.73,28.44,1.26,0.53,1.32,19.32,2.05,90.94,7.49,False
1023,14.01,45.93,1.42,0.55,1.54,25.27,1.37,120.24,9.99,False
1024,17.79,61.36,1.56,0.57,1.74,30.52,0.77,146.1,12.19,False
1025,16.21,54.91,1.5,0.57,1.66,28.32,1.02,135.28,11.27,False
1026,9.23,26.38,1.24,0.53,1.29,18.62,2.13,87.5,7.2,False
1027,6.33,14.52,1.13,0.51,1.14,14.58,2.59,67.63,5.5,False
1028,13.76,44.91,1.41,0.55,1.53,24.92,1.41,118.53,9.84,False
1029,20.97,74.35,1.68,0.59,1.91,34.94,0.27,167.85,14.05,False
1030,14.24,46.85,1.43,0.56,1.56,25.58,1.33,121.79,10.12,False
1031,15.51,52.06,1.47,0.56,1.62,27.35,1.13,130.51,10.87,False
1032,9.91,29.18,1.26,0.53,1.33,19.57,2.02,92.19,7.6,False
1033,21.86,77.96,1.71,0.6,1.96,36.17,0.13,173.9,14.57,False
1034,13.7,44.63,1.41,0.55,1.53,24.82,1.42,118.07,9.8,False
1035,11.8,36.88,1.33,0.54,1.43,22.19,1.72,105.09,8.7,False
1036,12.8,40.97,1.37,0.55,1.48,23.58,1.56,111.94,9.28,False
1037,6.67,15.93,1.14,0.52,1.15,15.06,2.54,69.99,5.7,False
1038,7.42,18.98,1.17,0.52,1.19,16.1,2.42,75.1,6.14,False
1039,5.74,12.12,1.11,0.51,1.11,13.76,2.68,63.61,5.16,False
1040,3.81,4.26,1.04,0.5,1.0,11.09,2.99,50.44,4.04,False
1041,13.91,45.51,1.41,0.55,1.54,25.12,1.39,119.55,9.93,False
1042,15.83,53.35,1.48,0.56,1.64,27.79,1.08,132.68,11.05,False
1043,22.26,79.62,1.72,0.6,1.98,36.73,0.06,176.69,14.8,False
1044,11.58,35.97,1.33,0.54,1.42,21.88,1.76,103.56,8.57,False
1045,16.44,55.84,1.51,0.57,1.67,28.64,0.99,136.85,11.41,False
1046,19.74,69.32,1.63,0.58,1.85,33.23,0.46,159.44,13.33,False
1047,15.16,50.62,1.46,0.56,1.61,26.86,1.19,128.11,10.66,False
1048,15.84,53.39,1.48,0.56,1.64,27.81,1.08,132.75,11.06,False
1049,20.23,71.33,1.65,0.59,1.87,33.91,0.38,162.8,13.62,False
1050,4.89,8.68,1.08,0.51,1.06,12.59,2.82,57.83,4.67,False
1051,14.79,49.11,1.45,0.56,1.59,26.35,1.25,125.57,10.44,False
1052,3.88,4.53,1.04,0.5,1.01,11.18,2.98,50.89,4.08,False
1053,5.35,10.55,1.09,0.51,1.09,13.23,2.75,60.98,4.94,False
1054,9.46,27.34,1.25,0.53,1.3,18.94,2.09,89.09,7.33,False
1055,22.18,79.3,1.72,0.6,1.98,36.62,0.07,176.15,14.76,False
1056,14.54,48.06,1.44,0.56,1.57,25.99,1.29,123.82,10.29,False
1057,9.45,27.29,1.25,0.53,1.3,18.92,2.09,89.02,7.33,False
1058,11.51,35.69,1.32,0.54,1.41,21.78,1.77,103.09,8.53,False
1059,22.13,79.08,1.72,0.6,1.98,36.55,0.08,175.78,14.73,False
1060,20.56,72.67,1.66,0.59,1.89,34.37,0.33,165.04,13.81,False
1061,21.04,74.61,1.68,0.59,1.92,35.03,0.26,168.3,14.09,False
1062,20.58,72.76,1.66,0.59,1.89,34.4,0.33,165.19,13.82,False
1063,13.26,42.86,1.39,0.55,1.5,24.22,1.49,115.1,9.55,False
1064,8.72,24.29,1.22,0.53,1.26,17.9,2.21,83.99,6.9,False
1065,8.25,22.37,1.2,0.52,1.24,17.25,2.29,80.78,6.62,False
1066,10.81,32.83,1.3,0.54,1.37,20.81,1.88,98.31,8.12,False
1067,21.94,78.31,1.71,0.6,1.97,36.28,0.11,174.49,14.62,False
1068,20.6,72.81,1.66,0.59,1.89,34.41,0.33,165.29,13.83,False
1069,16.66,56.73,1.52,0.57,1.68,28.94,0.95,138.34,11.53,False
1070,17.73,61.1,1.56,0.57,1.74,30.43,0.78,145.67,12.16,False
1071,9.94,29.28,1.27,0.53,1.33,19.6,2.02,92.35,7.61,False
1072,18.89,65.83,1.6,0.58,1.8,32.04,0.6,153.58,12.83,False
1073,21.98,78.48,1.71,0.6,1.97,36.34,0.11,174.78,14.64,False
1074,15.97,53.9,1.49,0.56,1.65,27.98,1.06,133.6,11.13,False
1075,8.11,21.83,1.2,0.52,1.23,17.07,2.31,79.87,6.55,False
1076,17.4,59.76,1.54,0.57,1.72,29.97,0.83,143.42,11.97,False
1077,19.87,69.84,1.63,0.59,1.86,33.4,0.44,160.3,13.41,False
1078,6.5,15.23,1.14,0.51,1.15,14.82,2.56,68.81,5.6,False
1079,13.79,45.03,1.41,0.55,1.53,24.96,1.41,118.74,9.86,False
1080,12.66,40.4,1.37,0.55,1.47,23.38,1.59,110.98,9.2,False
1081,5.73,12.08,1.11,0.51,1.1,13.75,2.69,63.53,5.15,False
1082,18.5,64.27,1.58,0.58,1.78,31.51,0.66,150.96,12.61,False
1083,9.51,27.53,1.25,0.53,1.31,19.01,2.09,89.42,7.36,False
1084,18.95,66.1,1.6,0.58,1.81,32.13,0.59,154.05,12.87,False
1085,15.63,52.52,1.48,0.56,1.63,27.51,1.11,131.28,10.93,False
1086,11.98,37.63,1.34,0.54,1.44,22.44,1.69,106.33,8.8,False
1087,15.0,49.96,1.45,0.56,1.6,26.64,1.21,127.01,10.57,False
1088,11.8,36.89,1.33,0.54,1.43,22.19,1.72,105.1,8.7,False
1089,10.66,32.23,1.29,0.54,1.37,20.61,1.9,97.29,8.03,False
1090,12.54,39.91,1.36,0.55,1.47,23.22,1.6,110.16,9.13,False
1091,17.99,62.18,1.57,0.58,1.76,30.8,0.74,147.48,12.31,False
1092,7.44,19.08,1.17,0.52,1.2,16.13,2.41,75.27,6.15,False
1093,14.17,46.58,1.42,0.56,1.55,25.49,1.35,121.34,10.08,False
1094,9.11,25.91,1.23,0.53,1.28,18.46,2.15,86.71,7.13,False
1095,3.94,4.76,1.04,0.5,1.01,11.26,2.97,51.28,4.11,False
1096,4.0,5.04,1.04,0.5,1.01,11.35,2.96,51.74,4.15,False
1097,4.37,6.54,1.06,0.5,1.03,11.86,2.9,54.25,4.36,False
1098,8.55,23.6,1.21,0.53,1.25,17.67,2.24,82.84,6.8,False
1099,7.04,17.44,1.16,0.52,1.17,15.57,2.48,72.52,5.92,False
1100,6.3,14.42,1.13,0.51,1.14,14.55,2.6,67.46,5.49,False
1101,8.79,24.57,1.22,0.53,1.27,18.0,2.2,84.46,6.94,False
1102,17.67,60.88,1.55,0.57,1.74,30.35,0.79,145.29,12.13,False
1103,9.54,27.65,1.25,0.53,1.31,19.05,2.08,89.63,7.38,False
1104,16.12,54.51,1.5,0.57,1.66,28.19,1.04,134.62,11.22,False
1105,9.18,26.19,1.24,0.53,1.29,18.55,2.14,87.17,7.17,False
1106,16.23,54.98,1.5,0.57,1.66,28.35,1.02,135.41,11.28,False
1107,4.58,7.41,1.07,0.5,1.04,12.16,2.87,55.71,4.49,False
1108,18.58,64.59,1.59,0.58,1.79,31.61,0.65,151.5,12.66,False
1109,8.18,22.1,1.2,0.52,1.24,17.16,2.3,80.33,6.59,False
1110,11.68,36.41,1.33,0.54,1.42,22.03,1.74,104.3,8.63,False
1111,15.47,51.87,1.47,0.56,1.62,27.29,1.14,130.19,10.84,False
1112,12.6,40.17,1.36,0.55,1.47,23.31,1.59,110.59,9.17,False
1113,7.56,19.57,1.18,0.52,1.2,16.3,2.4,76.08,6.22,False
1114,7.92,21.02,1.19,0.52,1.22,16.79,2.34,78.51,6.43,False
1115,16.59,56.44,1.51,0.57,1.68,28.84,0.96,137.85,11.49,False
1116,19.98,70.29,1.64,0.59,1.86,33.56,0.42,161.06,13.47,False
1117,10.76,32.65,1.3,0.54,1.37,20.75,1.89,97.99,8.09,False
1118,3.98,4.94,1.04,0.5,1.01,11.32,2.96,51.57,4.13,False
1119,16.44,55.84,1.51,0.57,1.67,28.64,0.99,136.86,11.41,False
1120,7.71,20.17,1.18,0.52,1.21,16.5,2.37,77.08,6.31,False
1121,19.74,69.31,1.63,0.58,1.85,33.22,0.46,159.42,13.33,False
1122,11.17,34.3,1.31,0.54,1.39,21.31,1.82,100.76,8.33,False
1123,15.74,52.97,1.48,0.56,1.64,27.66,1.1,132.03,11.0,False
1124,6.41,14.86,1.13,0.51,1.14,14.69,2.58,68.19,5.55,False
1125,21.32,75.79,1.69,0.59,1.93,35.43,0.21,170.27,14.26,False
1126,21.01,74.49,1.68,0.59,1.92,34.98,0.26,168.09,14.07,False
1127,15.7,52.81,1.48,0.56,1.63,27.61,1.1,131.77,10.97,False
1128,14.67,48.59,1.44,0.56,1.58,26.17,1.27,124.7,10.37,False
1129,20.33,71.75,1.65,0.59,1.88,34.05,0.37,163.5,13.68,False
1130,6.96,17.1,1.15,0.52,1.17,15.46,2.49,71.95,5.87,False
1131,6.71,16.11,1.15,0.52,1.16,15.12,2.53,70.29,5.73,False
1132,3.8,4.2,1.04,0.5,1.0,11.07,2.99,50.33,4.03,False
1133,5.05,9.3,1.08,0.51,1.07,12.8,2.79,58.87,4.76,False
1134,20.13,70.92,1.64,0.59,1.87,33.77,0.4,162.12,13.56,False
1135,15.18,50.7,1.46,0.56,1.61,26.89,1.19,128.24,10.67,False
1136,20.68,73.15,1.66,0.59,1.9,34.53,0.31,165.85,13.88,False
1137,5.87,12.65,1.11,0.51,1.11,13.94,2.66,64.5,5.24,False
1138,19.23,67.24,1.61,0.58,1.82,32.52,0.54,155.96,13.03,False
1139,4.63,7.58,1.07,0.5,1.05,12.22,2.86,55.99,4.51,False
1140,13.81,45.1,1.41,0.55,1.53,24.99,1.4,118.86,9.87,False
1141,12.37,39.22,1.36,0.55,1.46,22.98,1.63,109.01,9.03,False
1142,7.31,18.53,1.17,0.52,1.19,15.94,2.44,74.34,6.08,False
1143,19.74,69.32,1.63,0.58,1.85,33.23,0.46,159.44,13.33,False
1144,15.08,50.27,1.46,0.56,1.6,26.74,1.2,127.51,10.61,False
1145,11.78,36.8,1.33,0.54,1.43,22.16,1.73,104.95,8.69,False
1146,20.9,74.04,1.67,0.59,1.91,34.83,0.28,167.34,14.01,False
1147,6.34,14.59,1.13,0.51,1.14,14.6,2.59,67.74,5.51,False
1148,10.56,31.82,1.29,0.54,1.36,20.47,1.92,96.6,7.97,False
1149,12.64,40.31,1.37,0.55,1.47,23.36,1.59,110.84,9.19,False
1150,4.89,8.64,1.08,0.51,1.06,12.58,2.82,57.78,4.66,False
1151,20.32,71.69,1.65,0.59,1.88,34.03,0.37,163.4,13.67,False
1152,15.36,51.42,1.47,0.56,1.62,27.14,1.16,129.45,10.77,False
1153,12.51,39.78,1.36,0.55,1.46,23.17,1.61,109.94,9.11,False
1154,6.79,16.42,1.15,0.52,1.16,15.23,2.52,70.81,5.77,False
1155,11.07,33.91,1.31,0.54,1.39,21.18,1.84,100.11,8.27,False
1156,4.4,6.65,1.06,0.5,1.03,11.9,2.9,54.44,4.38,False
1157,4.92,8.77,1.08,0.51,1.06,12.62,2.81,57.99,4.68,False
1158,10.94,33.36,1.3,0.54,1.38,20.99,1.86,99.18,8.19,False
1159,6.24,14.16,1.13,0.51,1.13,14.46,2.61,67.03,5.45,False
1160,12.42,39.42,1.36,0.55,1.46,23.05,1.62,109.34,9.06,False
1161,7.21,18.14,1.16,0.52,1.18,15.81,2.45,73.69,6.02,False
1162,20.23,71.32,1.65,0.59,1.87,33.91,0.38,162.79,13.62,False
1163,18.31,63.47,1.58,0.58,1.77,31.24,0.69,149.63,12.5,False
1164,15.51,52.05,1.47,0.56,1.62,27.35,1.13,130.49,10.86,False
1165,22.42,80.27,1.73,0.6,1.99,36.95,0.04,177.77,14.9,False
1166,5.08,9.43,1.08,0.51,1.07,12.85,2.79,59.09,4.78,False
1167,7.16,17.93,1.16,0.52,1.18,15.74,2.46,73.34,5.99,False
1168,17.64,60.72,1.55,0.57,1.74,30.3,0.8,145.03,12.1,False
1169,20.82,73.72,1.67,0.59,1.91,34.72,0.29,166.8,13.96,False
1170,11.81,36.93,1.33,0.54,1.43,22.2,1.72,105.16,8.7,False
1171,9.25,26.47,1.24,0.53,1.29,18.64,2.13,87.64,7.21,False
1172,3.95,4.82,1.04,0.5,1.01,11.28,2.97,51.38,4.12,False
1173,10.29,30.73,1.28,0.53,1.35,20.09,1.96,94.77,7.82,False
1174,7.06,17.51,1.16,0.52,1.18,15.6,2.48,72.63,5.93,False
1175,11.74,36.62,1.33,0.54,1.42,22.1,1.73,104.65,8.66,False
1176,18.16,62.84,1.57,0.58,1.76,31.02,0.71,148.58,12.41,False
1177,12.54,39.93,1.36,0.55,1.47,23.22,1.6,110.19,9.13,False
1178,21.31,75.73,1.69,0.59,1.93,35.41,0.21,170.17,14.25,False
1179,7.53,19.43,1.18,0.52,1.2,16.25,2.4,75.85,6.2,False
1180,22.52,80.69,1.73,0.6,2.0,37.09,0.02,178.47,14.96,False
1181,12.81,41.01,1.37,0.55,1.48,23.59,1.56,112.0,9.29,False
1182,20.09,70.75,1.64,0.59,1.87,33.71,0.41,161.82,13.54,False
1183,13.32,43.09,1.39,0.55,1.51,24.3,1.48,115.49,9.58,False
1184,13.28,42.93,1.39,0.55,1.51,24.25,1.49,115.22,9.56,False
1185,17.85,61.58,1.56,0.57,1.75,30.59,0.76,146.46,12.23,False
1186,13.23,42.72,1.39,0.55,1.5,24.18,1.5,114.87,9.53,False
1187,11.9,37.28,1.34,0.54,1.43,22.32,1.71,105.75,8.75,False
1188,10.67,32.28,1.29,0.54,1.37,20.62,1.9,97.38,8.04,False
1189,12.41,39.37,1.36,0.55,1.46,23.04,1.63,109.26,9.05,False
1190,20.95,74.25,1.67,0.59,1.91,34.9,0.27,167.69,14.04,False
1191,12.58,40.08,1.36,0.55,1.47,23.28,1.6,110.45,9.15,False
1192,4.44,6.82,1.06,0.5,1.04,11.96,2.89,54.72,4.4,False
1193,10.38,31.08,1.28,0.54,1.35,20.22,1.95,95.37,7.87,False
1194,15.17,50.65,1.46,0.56,1.61,26.87,1.19,128.16,10.66,False
1195,21.49,76.45,1.69,0.59,1.94,35.65,0.18,171.37,14.35,False
1196,13.18,42.5,1.39,0.55,1.5,24.1,1.5,114.51,9.5,False
1197,6.72,16.14,1.15,0.52,1.16,15.13,2.53,70.34,5.73,False
1198,6.48,15.15,1.14,0.51,1.14,14.79,2.57,68.68,5.59,False
1199,12.35,39.13,1.35,0.55,1.46,22.95,1.63,108.85,9.02,False
1200,10.67,32.26,1.29,0.54,1.37,20.61,1.9,97.34,8.04,False
1201,7.4,18.91,1.17,0.52,1.19,16.07,2.42,74.98,6.13,False
1202,7.01,17.33,1.16,0.52,1.17,15.54,2.48,72.34,5.9,False
1203,5.95,34.94,1.42,0.12,1.0,22.45,2.62,98.47,8.64,False
1204,7.09,50.98,1.62,-0.07,1.0,28.38,2.42,123.61,11.05,False
1205,6.31,40.05,1.48,0.06,1.0,24.34,2.56,106.48,9.41,False
1206,6.57,43.7,1.53,0.01,1.0,25.69,2.51,112.19,9.95,False
1207,6.34,40.48,1.49,0.05,1.0,24.5,2.55,107.15,9.47,False
1208,6.06,36.46,1.44,0.1,1.0,23.01,2.6,100.86,8.87,False
1209,6.93,48.74,1.59,-0.05,1.0,27.56,2.45,120.1,10.71,False
1210,6.39,41.19,1.5,0.05,1.0,24.76,2.54,108.26,9.58,False
1211,7.04,50.31,1.61,-0.07,1.0,28.14,2.43,122.56,10.95,False
1212,5.97,35.2,1.42,0.12,1.0,22.55,2.62,98.89,8.68,False
1213,6.02,35.97,1.43,0.11,1.0,22.83,2.61,100.08,8.79,False
1214,7.28,53.7,1.65,-0.11,1.0,29.39,2.39,127.87,11.46,False
1215,7.13,51.51,1.62,-0.08,1.0,28.58,2.41,124.43,11.13,False
1216,6.99,49.56,1.6,-0.06,1.0,27.86,2.44,121.37,10.83,False
1217,7.72,59.78,1.73,-0.18,1.0,31.64,2.31,137.39,12.37,False
1218,7.0,49.71,1.6,-0.06,1.0,27.91,2.44,121.61,10.86,False
1219,5.98,35.4,1.42,0.12,1.0,22.62,2.61,99.2,8.71,False
1220,7.54,57.26,1.69,-0.15,1.0,30.71,2.34,133.45,11.99,False
1221,5.91,34.35,1.41,0.13,1.0,22.23,2.63,97.56,8.55,False
1222,6.13,37.52,1.45,0.09,1.0,23.4,2.59,102.51,9.03,False
1223,5.98,35.43,1.42,0.12,1.0,22.63,2.61,99.23,8.71,False
1224,7.2,52.54,1.64,-0.09,1.0,28.96,2.4,126.05,11.28,False
1225,6.82,47.17,1.57,-0.03,1.0,26.97,2.47,117.63,10.48,False
1226,6.86,47.75,1.58,-0.03,1.0,27.19,2.46,118.55,10.56,False
1227,6.51,42.75,1.51,0.03,1.0,25.34,2.52,110.7,9.81,False
1228,7.92,62.67,1.76,-0.22,1.0,32.71,2.28,141.92,12.8,False
1229,7.38,55.01,1.67,-0.12,1.0,29.88,2.37,129.92,11.65,False
1230,6.39,41.06,1.49,0.05,1.0,24.71,2.54,108.07,9.56,False
1231,6.38,40.94,1.49,0.05,1.0,24.67,2.54,107.87,9.54,False
1232,6.62,44.37,1.53,0.01,1.0,25.94,2.5,113.24,10.06,False
1233,6.79,46.81,1.56,-0.02,1.0,26.84,2.47,117.06,10.42,False
1234,6.52,42.97,1.52,0.02,1.0,25.42,2.52,111.05,9.85,False
1235,7.4,55.37,1.67,-0.13,1.0,30.01,2.37,130.47,11.7,False
1236,7.66,58.93,1.72,-0.17,1.0,31.32,2.32,136.06,12.24,False
1237,7.39,55.15,1.67,-0.13,1.0,29.92,2.37,130.13,11.67,False
1238,5.99,35.52,1.43,0.11,1.0,22.66,2.61,99.38,8.73,False
1239,6.98,49.45,1.6,-0.06,1.0,27.82,2.44,121.2,10.82,False
1240,7.66,58.92,1.71,-0.17,1.0,31.32,2.32,136.05,12.24,False
1241,7.25,53.27,1.64,-0.1,1.0,29.23,2.39,127.2,11.39,False
1242,6.58,43.83,1.53,0.01,1.0,25.74,2.51,112.4,9.97,False
1243,6.3,39.82,1.48,0.06,1.0,24.25,2.56,106.11,9.37,False
1244,5.9,34.26,1.41,0.13,1.0,22.2,2.63,97.4,8.54,False
1245,6.26,39.23,1.47,0.07,1.0,24.04,2.57,105.2,9.28,False
1246,6.86,47.8,1.58,-0.04,1.0,27.21,2.46,118.62,10.57,False
1247,6.36,40.75,1.49,0.05,1.0,24.6,2.55,107.58,9.51,False
1248,6.54,43.17,1.52,0.02,1.0,25.49,2.52,111.37,9.88,False
1249,7.56,57.65,1.7,-0.16,1.0,30.85,2.34,134.05,12.05,False
1250,6.0,35.59,1.43,0.11,1.0,22.69,2.61,99.49,8.74,False
1251,6.95,49.02,1.59,-0.05,1.0,27.66,2.44,120.53,10.75,False
1252,7.4,55.33,1.67,-0.13,1.0,29.99,2.37,130.42,11.7,False
1253,6.63,44.45,1.54,0.01,1.0,25.97,2.5,113.37,10.07,False
1254,7.39,55.14,1.67,-0.13,1.0,29.92,2.37,130.13,11.67,False
1255,6.07,36.62,1.44,0.1,1.0,23.07,2.6,101.1,8.89,False
1256,6.43,41.63,1.5,0.04,1.0,24.92,2.54,108.95,9.64,False
1257,6.44,41.87,1.5,0.04,1.0,25.01,2.53,109.33,9.68,False
1258,7.12,51.38,1.62,-0.08,1.0,28.53,2.42,124.23,11.11,False
1259,6.17,38.05,1.46,0.08,1.0,23.6,2.58,103.35,9.11,False
1260,7.76,60.39,1.73,-0.19,1.0,31.87,2.3,138.35,12.46,False
1261,7.28,53.58,1.65,-0.11,1.0,29.35,2.39,127.68,11.44,False
1262,6.17,38.02,1.46,0.08,1.0,23.59,2.58,103.29,9.1,False
1263,7.2,52.5,1.64,-0.09,1.0,28.94,2.4,125.98,11.27,False
1264,6.9,48.3,1.58,-0.04,1.0,27.39,2.45,119.4,10.64,False
1265,6.43,41.65,1.5,0.04,1.0,24.93,2.54,108.99,9.65,False
1266,7.96,63.2,1.77,-0.22,1.0,32.9,2.27,142.75,12.88,False
1267,6.38,40.96,1.49,0.05,1.0,24.68,2.54,107.9,9.54,False
1268,6.77,46.42,1.56,-0.02,1.0,26.69,2.48,116.45,10.36,False
1269,7.98,63.45,1.77,-0.23,1.0,33.0,2.27,143.14,12.92,False
1270,7.87,62.0,1.75,-0.21,1.0,32.46,2.28,140.87,12.7,False
1271,6.44,41.82,1.5,0.04,1.0,24.99,2.53,109.26,9.67,False
1272,6.77,46.45,1.56,-0.02,1.0,26.71,2.48,116.5,10.37,False
1273,6.81,47.1,1.57,-0.03,1.0,26.95,2.47,117.52,10.46,False
1274,8.0,63.83,1.78,-0.23,1.0,33.14,2.26,143.73,12.97,False
1275,7.22,52.82,1.64,-0.1,1.0,29.06,2.4,126.48,11.32,False
1276,7.66,59.05,1.72,-0.17,1.0,31.37,2.32,136.25,12.26,False
1277,7.48,56.41,1.68,-0.14,1.0,30.39,2.35,132.1,11.86,False
1278,6.55,43.41,1.52,0.02,1.0,25.58,2.51,111.75,9.91,False
1279,6.87,47.88,1.58,-0.04,1.0,27.24,2.46,118.75,10.58,False
1280,6.85,47.58,1.57,-0.03,1.0,27.12,2.46,118.28,10.54,False
1281,6.61,44.28,1.53,0.01,1.0,25.9,2.5,113.11,10.04,False
1282,7.06,50.52,1.61,-0.07,1.0,28.21,2.43,122.87,10.98,False
1283,7.89,62.26,1.76,-0.21,1.0,32.56,2.28,141.28,12.74,False
1284,6.5,42.73,1.51,0.03,1.0,25.33,2.52,110.67,9.81,False
1285,7.49,56.55,1.69,-0.14,1.0,30.44,2.35,132.33,11.88,False
1286,7.34,54.43,1.66,-0.12,1.0,29.66,2.38,129.0,11.56,False
1287,6.17,37.99,1.46,0.08,1.0,23.58,2.58,103.26,9.1,False
1288,5.95,34.95,1.42,0.12,1.0,22.45,2.62,98.48,8.64,False
1289,6.44,41.76,1.5,0.04,1.0,24.97,2.53,109.16,9.66,False
1290,6.91,48.42,1.58,-0.04,1.0,27.44,2.45,119.6,10.66,False
1291,7.54,57.3,1.69,-0.15,1.0,30.72,2.34,133.5,12.0,False
1292,7.93,62.71,1.76,-0.22,1.0,32.72,2.28,141.98,12.81,False
1293,7.08,50.8,1.61,-0.07,1.0,28.32,2.42,123.32,11.02,False
1294,7.55,57.48,1.7,-0.15,1.0,30.79,2.34,133.79,12.02,False
1295,7.92,62.68,1.76,-0.22,1.0,32.71,2.28,141.93,12.8,False
1296,6.07,36.59,1.44,0.1,1.0,23.06,2.6,101.06,8.89,False
1297,7.47,56.33,1.68,-0.14,1.0,30.36,2.35,131.98,11.85,False
1298,6.81,47.04,1.57,-0.03,1.0,26.92,2.47,117.42,10.46,False
1299,6.1,36.99,1.44,0.1,1.0,23.21,2.59,101.69,8.95,False
1300,7.75,60.22,1.73,-0.19,1.0,31.8,2.31,138.08,12.43,False
1301,6.85,47.6,1.57,-0.03,1.0,27.13,2.46,118.3,10.54,False
1302,6.49,42.5,1.51,0.03,1.0,25.24,2.53,110.31,9.77,False
1303,6.45,41.96,1.5,0.04,1.0,25.05,2.53,109.47,9.69,False
1304,7.29,53.76,1.65,-0.11,1.0,29.41,2.39,127.96,11.46,False
1305,7.46,56.21,1.68,-0.14,1.0,30.32,2.36,131.8,11.83,False
1306,7.13,51.56,1.62,-0.08,1.0,28.6,2.41,124.5,11.13,False
1307,7.02,49.95,1.6,-0.06,1.0,28.0,2.43,121.98,10.89,False
1308,7.66,58.98,1.72,-0.17,1.0,31.34,2.32,136.14,12.25,False
1309,6.04,36.14,1.43,0.11,1.0,22.89,2.6,100.34,8.82,False
1310,7.01,49.82,1.6,-0.06,1.0,27.95,2.43,121.78,10.87,False
1311,7.57,57.65,1.7,-0.16,1.0,30.85,2.34,134.05,12.05,False
1312,7.51,56.92,1.69,-0.15,1.0,30.58,2.35,132.91,11.94,False
1313,6.77,46.44,1.56,-0.02,1.0,26.7,2.48,116.49,10.37,False
1314,7.94,62.89,1.76,-0.22,1.0,32.79,2.27,142.26,12.83,False
1315,6.51,42.86,1.52,0.03,1.0,25.38,2.52,110.87,9.83,False
1316,7.52,57.01,1.69,-0.15,1.0,30.61,2.35,133.05,11.95,False
1317,6.97,49.31,1.6,-0.05,1.0,27.76,2.44,120.98,10.8,False
1318,6.11,37.19,1.45,0.09,1.0,23.28,2.59,102.0,8.98,False
1319,7.25,53.15,1.64,-0.1,1.0,29.19,2.39,127.0,11.37,False
1320,7.29,53.72,1.65,-0.11,1.0,29.4,2.39,127.9,11.46,False
1321,7.39,55.25,1.67,-0.13,1.0,29.96,2.37,130.3,11.69,False
1322,6.24,39.04,1.47,0.07,1.0,23.97,2.57,104.9,9.26,False
1323,7.51,56.93,1.69,-0.15,1.0,30.59,2.35,132.93,11.94,False
1324,6.11,37.19,1.45,0.09,1.0,23.28,2.59,102.0,8.98,False
1325,7.9,62.38,1.76,-0.21,1.0,32.6,2.28,141.47,12.76,False
1326,5.89,34.11,1.41,0.13,1.0,22.14,2.63,97.17,8.52,False
1327,7.35,54.57,1.66,-0.12,1.0,29.71,2.38,129.23,11.59,False
1328,6.74,46.08,1.56,-0.01,1.0,26.57,2.48,115.92,10.31,False
1329,7.55,57.5,1.7,-0.15,1.0,30.79,2.34,133.82,12.02,False
1330,7.6,58.16,1.71,-0.16,1.0,31.04,2.33,134.85,12.12,False
1331,7.36,54.76,1.66,-0.12,1.0,29.78,2.37,129.53,11.61,False
1332,6.07,36.56,1.44,0.1,1.0,23.05,2.6,101.01,8.88,False
1333,6.23,38.87,1.47,0.07,1.0,23.9,2.57,104.63,9.23,False
1334,6.82,47.14,1.57,-0.03,1.0,26.96,2.47,117.59,10.47,False
1335,7.12,51.42,1.62,-0.08,1.0,28.55,2.41,124.3,11.11,False
1336,7.3,53.96,1.65,-0.11,1.0,29.49,2.38,128.28,11.49,False
1337,6.57,43.63,1.53,0.02,1.0,25.66,2.51,112.09,9.94,False
1338,7.87,61.95,1.75,-0.21,1.0,32.44,2.29,140.79,12.69,False
1339,7.14,51.65,1.62,-0.08,1.0,28.63,2.41,124.65,11.15,False
1340,7.18,52.17,1.63,-0.09,1.0,28.82,2.41,125.47,11.23,False
1341,7.78,60.62,1.74,-0.19,1.0,31.95,2.3,138.71,12.49,False
1342,7.76,60.41,1.73,-0.19,1.0,31.87,2.3,138.37,12.46,False
1343,6.71,45.56,1.55,-0.01,1.0,26.38,2.49,115.1,10.23,False
1344,6.89,48.22,1.58,-0.04,1.0,27.36,2.45,119.27,10.63,False
1345,6.52,42.88,1.52,0.02,1.0,25.39,2.52,110.92,9.83,False
1346,6.47,42.26,1.51,0.03,1.0,25.16,2.53,109.95,9.74,False
1347,6.57,43.66,1.53,0.02,1.0,25.68,2.51,112.14,9.95,False
1348,6.32,40.08,1.48,0.06,1.0,24.35,2.55,106.53,9.41,False
1349,7.68,59.27,1.72,-0.18,1.0,31.45,2.32,136.58,12.29,False
1350,6.42,41.55,1.5,0.04,1.0,24.9,2.54,108.84,9.63,False
1351,6.55,43.43,1.52,0.02,1.0,25.59,2.51,111.77,9.91,False
1352,7.43,55.76,1.68,-0.13,1.0,30.15,2.36,131.09,11.76,False
1353,6.26,39.31,1.47,0.07,1.0,24.06,2.56,105.32,9.3,False
1354,6.44,41.89,1.5,0.04,1.0,25.02,2.53,109.36,9.68,False
1355,7.59,57.97,1.7,-0.16,1.0,30.97,2.33,134.56,12.1,False
1356,6.3,39.83,1.48,0.06,1.0,24.26,2.56,106.14,9.37,False
1357,6.69,45.29,1.55,-0.0,1.0,26.28,2.49,114.69,10.19,False
1358,6.86,47.78,1.58,-0.04,1.0,27.2,2.46,118.59,10.57,False
1359,6.87,47.85,1.58,-0.04,1.0,27.22,2.46,118.69,10.58,False
1360,7.9,62.38,1.76,-0.21,1.0,32.6,2.28,141.46,12.76,False
1361,7.63,58.61,1.71,-0.17,1.0,31.21,2.33,135.55,12.19,False
1362,6.51,42.79,1.52,0.03,1.0,25.35,2.52,110.77,9.82,False
1363,6.58,43.77,1.53,0.01,1.0,25.71,2.51,112.31,9.97,False
1364,7.69,59.43,1.72,-0.18,1.0,31.51,2.32,136.85,12.32,False
1365,6.25,39.11,1.47,0.07,1.0,23.99,2.57,105.01,9.27,False
1366,8.01,63.88,1.78,-0.23,1.0,33.15,2.26,143.81,12.98,False
1367,7.88,62.02,1.75,-0.21,1.0,32.47,2.28,140.9,12.7,False
1368,7.71,59.75,1.73,-0.18,1.0,31.63,2.31,137.34,12.36,False
1369,7.45,55.98,1.68,-0.14,1.0,30.23,2.36,131.44,11.8,False
1370,7.63,58.58,1.71,-0.17,1.0,31.19,2.33,135.5,12.19,False
1371,7.58,57.81,1.7,-0.16,1.0,30.91,2.34,134.31,12.07,False
1372,7.27,53.52,1.65,-0.11,1.0,29.32,2.39,127.59,11.43,False
1373,6.83,47.28,1.57,-0.03,1.0,27.01,2.47,117.81,10.49,False
1374,6.96,49.11,1.59,-0.05,1.0,27.69,2.44,120.67,10.77,False
1375,7.8,60.93,1.74,-0.2,1.0,32.07,2.3,139.2,12.54,False
1376,7.7,59.57,1.72,-0.18,1.0,31.56,2.31,137.07,12.34,False
1377,6.19,38.32,1.46,0.08,1.0,23.7,2.58,103.77,9.15,False
1378,6.33,40.25,1.48,0.06,1.0,24.41,2.55,106.8,9.44,False
1379,6.7,45.41,1.55,-0.01,1.0,26.32,2.49,114.88,10.21,False
1380,6.78,46.66,1.56,-0.02,1.0,26.78,2.47,116.83,10.4,False
1381,7.03,50.08,1.61,-0.06,1.0,28.05,2.43,122.19,10.91,False
1382,7.55,57.39,1.7,-0.15,1.0,30.75,2.34,133.64,12.01,False
1383,6.98,49.48,1.6,-0.06,1.0,27.83,2.44,121.25,10.82,False
1384,6.23,38.84,1.47,0.07,1.0,23.89,2.57,104.58,9.23,False
1385,7.1,51.05,1.62,-0.08,1.0,28.41,2.42,123.71,11.06,False
1386,6.89,48.11,1.58,-0.04,1.0,27.32,2.46,119.11,10.62,False
1387,5.89,34.14,1.41,0.13,1.0,22.15,2.63,97.21,8.52,False
1388,6.51,42.83,1.52,0.03,1.0,25.37,2.52,110.84,9.82,False
1389,7.34,54.48,1.66,-0.12,1.0,29.68,2.38,129.09,11.57,False
1390,7.98,63.51,1.77,-0.23,1.0,33.02,2.27,143.24,12.93,False
1391,6.04,36.22,1.43,0.11,1.0,22.92,2.6,100.48,8.83,False
1392,7.63,58.54,1.71,-0.17,1.0,31.18,2.33,135.44,12.18,False
1393,7.15,51.87,1.63,-0.09,1.0,28.71,2.41,124.99,11.18,False
1394,6.65,44.78,1.54,0.0,1.0,26.09,2.5,113.89,10.12,False
1395,7.43,55.77,1.68,-0.13,1.0,30.16,2.36,131.11,11.77,False
1396,7.11,51.23,1.62,-0.08,1.0,28.47,2.42,123.99,11.08,False
1397,5.99,35.43,1.42,0.12,1.0,22.63,2.61,99.24,8.71,False
1398,8.0,63.73,1.77,-0.23,1.0,33.1,2.26,143.58,12.96,False
1399,7.74,60.05,1.73,-0.19,1.0,31.74,2.31,137.82,12.41,False
1400,6.68,45.18,1.54,-0.0,1.0,26.24,2.49,114.52,10.18,False
1401,6.53,43.06,1.52,0.02,1.0,25.45,2.52,111.2,9.86,False
1402,6.85,47.55,1.57,-0.03,1.0,27.11,2.46,118.23,10.53,False
1403,7.37,54.89,1.66,-0.12,1.0,29.83,2.37,129.73,11.63,False
1404,7.01,49.79,1.6,-0.06,1.0,27.94,2.44,121.73,10.87,False
1405,8.0,63.77,1.77,-0.23,1.0,33.11,2.26,143.63,12.96,False
1406,6.85,47.55,1.57,-0.03,1.0,27.11,2.46,118.22,10.53,False
1407,6.03,35.99,1.43,0.11,1.0,22.84,2.61,100.13,8.8,False
1408,6.19,38.37,1.46,0.08,1.0,23.72,2.58,103.85,9.16,False
1409,6.69,45.32,1.55,-0.0,1.0,26.29,2.49,114.73,10.2,False
1410,6.2,38.48,1.46,0.08,1.0,23.76,2.57,104.01,9.17,False
1411,7.16,51.99,1.63,-0.09,1.0,28.76,2.41,125.18,11.2,False
1412,7.76,60.35,1.73,-0.19,1.0,31.85,2.3,138.27,12.45,False
1413,6.88,48.05,1.58,-0.04,1.0,27.3,2.46,119.0,10.61,False
1414,6.63,44.48,1.54,0.01,1.0,25.98,2.5,113.41,10.07,False
1415,7.14,51.68,1.63,-0.08,1.0,28.64,2.41,124.69,11.15,False
1416,6.19,38.31,1.46,0.08,1.0,23.7,2.58,103.76,9.15,False
1417,6.66,44.98,1.54,-0.0,1.0,26.16,2.49,114.21,10.15,False
1418,6.0,35.61,1.43,0.11,1.0,22.7,2.61,99.53,8.74,False
1419,7.0,49.67,1.6,-0.06,1.0,27.9,2.44,121.55,10.85,False
1420,7.25,53.18,1.64,-0.1,1.0,29.19,2.39,127.04,11.38,False
1421,7.7,59.59,1.72,-0.18,1.0,31.57,2.31,137.09,12.34,False
1422,5.92,34.58,1.41,0.13,1.0,22.31,2.62,97.91,8.59,False
1423,7.93,62.76,1.76,-0.22,1.0,32.74,2.27,142.06,12.81,False
1424,6.81,47.01,1.57,-0.03,1.0,26.91,2.47,117.38,10.45,False
1425,7.91,62.44,1.76,-0.21,1.0,32.62,2.28,141.56,12.77,False
1426,6.21,38.64,1.46,0.08,1.0,23.82,2.57,104.27,9.2,False
1427,7.12,51.35,1.62,-0.08,1.0,28.52,2.42,124.18,11.1,False
1428,6.3,39.81,1.48,0.06,1.0,24.25,2.56,106.1,9.37,False
1429,6.35,40.53,1.49,0.05,1.0,24.52,2.55,107.23,9.48,False
1430,6.08,36.71,1.44,0.1,1.0,23.1,2.6,101.25,8.91,False
1431,8.0,63.73,1.77,-0.23,1.0,33.1,2.26,143.57,12.96,False
1432,7.57,57.73,1.7,-0.16,1.0,30.88,2.34,134.17,12.06,False
1433,7.22,52.82,1.64,-0.1,1.0,29.07,2.4,126.49,11.32,False
1434,6.7,45.55,1.55,-0.01,1.0,26.37,2.49,115.1,10.23,False
1435,6.07,36.66,1.44,0.1,1.0,23.08,2.6,101.17,8.9,False
1436,7.15,51.84,1.63,-0.08,1.0,28.7,2.41,124.94,11.18,False
1437,6.21,38.64,1.46,0.08,1.0,23.82,2.57,104.27,9.2,False
1438,6.25,39.22,1.47,0.07,1.0,24.03,2.57,105.18,9.28,False
1439,7.62,58.48,1.71,-0.17,1.0,31.16,2.33,135.36,12.17,False
1440,7.14,51.69,1.63,-0.08,1.0,28.64,2.41,124.71,11.15,False
1441,6.96,49.14,1.59,-0.05,1.0,27.7,2.44,120.71,10.77,False
1442,7.26,53.4,1.65,-0.1,1.0,29.28,2.39,127.39,11.41,False
1443,6.6,44.06,1.53,0.01,1.0,25.82,2.51,112.77,10.01,False
1444,6.3,39.92,1.48,0.06,1.0,24.29,2.56,106.28,9.39,False
1445,7.7,59.55,1.72,-0.18,1.0,31.55,2.31,137.03,12.33,False
1446,6.17,37.98,1.46,0.08,1.0,23.57,2.58,103.24,9.1,False
1447,6.59,43.91,1.53,0.01,1.0,25.77,2.51,112.53,9.99,False
1448,7.26,53.34,1.65,-0.1,1.0,29.26,2.39,127.3,11.4,False
1449,6.98,49.48,1.6,-0.06,1.0,27.83,2.44,121.25,10.82,False
1450,6.08,36.73,1.44,0.1,1.0,23.11,2.6,101.28,8.91,False
1451,5.94,34.74,1.42,0.12,1.0,22.37,2.62,98.15,8.61,False
1452,6.42,41.54,1.5,0.04,1.0,24.89,2.54,108.81,9.63,False
1453,6.53,43.12,1.52,0.02,1.0,25.47,2.52,111.28,9.87,False
1454,7.1,51.1,1.62,-0.08,1.0,28.43,2.42,123.8,11.07,False
1455,7.56,57.63,1.7,-0.16,1.0,30.84,2.34,134.02,12.04,False
1456,7.43,55.75,1.68,-0.13,1.0,30.15,2.36,131.07,11.76,False
1457,5.98,35.33,1.42,0.12,1.0,22.59,2.61,99.08,8.7,False
1458,7.04,50.3,1.61,-0.07,1.0,28.13,2.43,122.53,10.94,False
1459,6.92,48.61,1.59,-0.05,1.0,27.51,2.45,119.89,10.69,False
1460,5.93,34.64,1.41,0.13,1.0,22.34,2.62,98.0,8.6,False
1461,6.42,41.53,1.5,0.04,1.0,24.88,2.54,108.79,9.63,False
1462,7.54,57.29,1.69,-0.15,1.0,30.72,2.34,133.49,11.99,False
1463,6.66,44.89,1.54,0.0,1.0,26.13,2.5,114.07,10.13,False
1464,7.24,53.11,1.64,-0.1,1.0,29.17,2.39,126.95,11.37,False
1465,6.44,41.82,1.5,0.04,1.0,24.99,2.53,109.25,9.67,False
1466,6.21,38.66,1.46,0.08,1.0,23.83,2.57,104.3,9.2,False
1467,6.75,46.13,1.56,-0.01,1.0,26.59,2.48,116.01,10.32,False
1468,7.88,62.03,1.75,-0.21,1.0,32.47,2.28,140.91,12.7,False
1469,7.77,60.55,1.74,-0.19,1.0,31.92,2.3,138.59,12.48,False
1470,6.76,46.39,1.56,-0.02,1.0,26.68,2.48,116.4,10.36,False
1471,7.07,50.73,1.61,-0.07,1.0,28.29,2.42,123.21,11.01,False
1472,7.95,63.08,1.77,-0.22,1.0,32.86,2.27,142.56,12.86,False
1473,7.35,54.57,1.66,-0.12,1.0,29.71,2.38,129.22,11.59,False
1474,7.14,51.67,1.63,-0.08,1.0,28.64,2.41,124.69,11.15,False
1475,7.19,52.42,1.63,-0.09,1.0,28.92,2.4,125.86,11.26,False
1476,7.17,52.12,1.63,-0.09,1.0,28.8,2.41,125.39,11.22,False
1477,7.48,56.44,1.68,-0.14,1.0,30.4,2.35,132.16,11.87,False
1478,7.45,55.98,1.68,-0.14,1.0,30.23,2.36,131.44,11.8,False
1479,8.0,63.78,1.78,-0.23,1.0,33.12,2.26,143.66,12.97,False
1480,7.59,57.99,1.7,-0.16,1.0,30.98,2.33,134.59,12.1,False
1481,6.33,40.25,1.48,0.06,1.0,24.41,2.55,106.78,9.44,False
1482,7.63,58.6,1.71,-0.17,1.0,31.2,2.33,135.53,12.19,False
1483,6.01,35.76,1.43,0.11,1.0,22.75,2.61,99.75,8.76,False
1484,6.59,44.0,1.53,0.01,1.0,25.8,2.51,112.67,10.0,False
1485,5.99,35.48,1.42,0.12,1.0,22.65,2.61,99.32,8.72,False
1486,7.6,58.2,1.71,-0.16,1.0,31.05,2.33,134.92,12.13,False
1487,6.36,40.72,1.49,0.05,1.0,24.59,2.55,107.53,9.51,False
1488,5.95,34.93,1.42,0.12,1.0,22.44,2.62,98.45,8.64,False
1489,6.19,38.35,1.46,0.08,1.0,23.71,2.58,103.81,9.15,False
1490,8.0,63.76,1.77,-0.23,1.0,33.11,2.26,143.63,12.96,False
1491,7.97,63.3,1.77,-0.22,1.0,32.94,2.27,142.91,12.9,False
1492,7.4,55.32,1.67,-0.13,1.0,29.99,2.37,130.4,11.7,False
1493,7.44,55.94,1.68,-0.13,1.0,30.22,2.36,131.37,11.79,False
1494,7.19,52.38,1.63,-0.09,1.0,28.9,2.4,125.79,11.26,False
1495,7.69,59.41,1.72,-0.18,1.0,31.5,2.32,136.8,12.31,False
1496,6.05,36.4,1.44,0.1,1.0,22.99,2.6,100.76,8.86,False
1497,7.49,56.53,1.69,-0.14,1.0,30.43,2.35,132.29,11.88,False
1498,6.07,36.65,1.44,0.1,1.0,23.08,2.6,101.16,8.9,False
1499,7.27,53.57,1.65,-0.11,1.0,29.34,2.39,127.66,11.44,False
1500,6.47,42.27,1.51,0.03,1.0,25.16,2.53,109.95,9.74,False
1501,7.8,60.91,1.74,-0.2,1.0,32.06,2.3,139.16,12.54,False
1502,6.38,40.92,1.49,0.05,1.0,24.66,2.54,107.83,9.54,False
1503,6.5,42.72,1.51,0.03,1.0,25.33,2.52,110.66,9.81,False
1504,7.81,61.05,1.74,-0.2,1.0,32.11,2.3,139.37,12.56,False
1505,6.37,40.8,1.49,0.05,1.0,24.62,2.55,107.65,9.52,False
1506,7.31,54.08,1.65,-0.11,1.0,29.53,2.38,128.47,11.51,False
1507,6.29,39.75,1.48,0.06,1.0,24.23,2.56,106.01,9.36,False
1508,6.66,44.92,1.54,-0.0,1.0,26.14,2.5,114.11,10.14,False
1509,7.54,57.33,1.7,-0.15,1.0,30.73,2.34,133.56,12.0,False
1510,7.76,60.33,1.73,-0.19,1.0,31.84,2.3,138.26,12.45,False
1511,7.82,61.21,1.74,-0.2,1.0,32.17,2.29,139.63,12.58,False
1512,6.15,37.71,1.45,0.09,1.0,23.47,2.58,102.81,9.06,False
1513,7.74,60.13,1.73,-0.19,1.0,31.77,2.31,137.94,12.42,False
1514,6.87,47.84,1.58,-0.04,1.0,27.22,2.46,118.68,10.58,False
1515,7.41,55.45,1.67,-0.13,1.0,30.04,2.37,130.61,11.72,False
1516,7.85,61.66,1.75,-0.2,1.0,32.33,2.29,140.33,12.65,False
1517,6.99,49.53,1.6,-0.06,1.0,27.84,2.44,121.32,10.83,False
1518,6.52,43.0,1.52,0.02,1.0,25.43,2.52,111.1,9.85,False
1519,6.83,47.3,1.57,-0.03,1.0,27.02,2.47,117.84,10.5,False
1520,5.93,34.67,1.41,0.13,1.0,22.35,2.62,98.06,8.6,False
1521,5.94,34.86,1.42,0.12,1.0,22.42,2.62,98.34,8.63,False
1522,6.87,47.85,1.58,-0.04,1.0,27.23,2.46,118.7,10.58,False
1523,7.43,55.73,1.68,-0.13,1.0,30.14,2.36,131.04,11.76,False
1524,7.6,58.1,1.7,-0.16,1.0,31.02,2.33,134.75,12.11,False
1525,7.84,61.58,1.75,-0.2,1.0,32.31,2.29,140.21,12.64,False
1526,7.88,62.06,1.75,-0.21,1.0,32.48,2.28,140.96,12.71,False
1527,7.25,53.22,1.64,-0.1,1.0,29.21,2.39,127.11,11.38,False
1528,7.36,54.8,1.66,-0.12,1.0,29.8,2.37,129.59,11.62,False
1529,7.91,62.57,1.76,-0.22,1.0,32.67,2.28,141.75,12.78,False
1530,6.18,38.11,1.46,0.08,1.0,23.62,2.58,103.44,9.12,False
1531,7.59,58.04,1.7,-0.16,1.0,30.99,2.33,134.66,12.11,False
1532,7.06,50.49,1.61,-0.07,1.0,28.2,2.43,122.83,10.97,False
1533,6.97,49.27,1.6,-0.05,1.0,27.75,2.44,120.92,10.79,False
1534,6.97,49.21,1.59,-0.05,1.0,27.73,2.44,120.83,10.78,False
1535,5.99,35.47,1.42,0.12,1.0,22.64,2.61,99.3,8.72,False
1536,6.44,41.78,1.5,0.04,1.0,24.98,2.53,109.19,9.67,False
1537,6.78,46.67,1.56,-0.02,1.0,26.79,2.47,116.86,10.4,False
1538,7.11,51.25,1.62,-0.08,1.0,28.48,2.42,124.02,11.09,False
1539,6.14,37.65,1.45,0.09,1.0,23.45,2.58,102.71,9.05,False
1540,6.55,43.38,1.52,0.02,1.0,25.57,2.51,111.69,9.91,False
1541,6.65,44.82,1.54,0.0,1.0,26.1,2.5,113.96,10.12,False
1542,7.32,54.27,1.66,-0.11,1.0,29.6,2.38,128.76,11.54,False
1543,7.43,55.73,1.68,-0.13,1.0,30.14,2.36,131.04,11.76,False
1544,8.0,63.77,1.77,-0.23,1.0,33.12,2.26,143.64,12.97,False
1545,7.75,60.27,1.73,-0.19,1.0,31.82,2.31,138.16,12.44,False
1546,7.49,56.64,1.69,-0.14,1.0,30.48,2.35,132.48,11.9,False
1547,6.33,40.31,1.48,0.06,1.0,24.44,2.55,106.89,9.45,False
1548,7.72,59.82,1.73,-0.18,1.0,31.65,2.31,137.46,12.37,False
1549,7.13,51.47,1.62,-0.08,1.0,28.56,2.41,124.37,11.12,False
1550,6.36,40.68,1.49,0.05,1.0,24.57,2.55,107.47,9.5,False
1551,5.93,34.63,1.41,0.13,1.0,22.33,2.62,97.98,8.59,False
1552,6.55,43.44,1.52,0.02,1.0,25.59,2.51,111.79,9.92,False
1553,7.86,61.8,1.75,-0.21,1.0,32.39,2.29,140.55,12.67,False
1554,6.1,37.01,1.44,0.1,1.0,23.21,2.59,101.71,8.95,False
1555,7.48,56.42,1.68,-0.14,1.0,30.4,2.35,132.13,11.86,False
1556,6.34,40.42,1.49,0.05,1.0,24.48,2.55,107.06,9.46,False
1557,6.23,38.93,1.47,0.07,1.0,23.92,2.57,104.72,9.24,False
1558,6.1,37.09,1.44,0.1,1.0,23.24,2.59,101.85,8.96,False
1559,6.83,47.37,1.57,-0.03,1.0,27.05,2.46,117.95,10.51,False
1560,6.11,37.17,1.45,0.09,1.0,23.27,2.59,101.97,8.98,False
1561,5.9,34.28,1.41,0.13,1.0,22.2,2.63,97.44,8.54,False
1562,7.68,59.22,1.72,-0.17,1.0,31.43,2.32,136.51,12.28,False
1563,7.85,61.59,1.75,-0.2,1.0,32.31,2.29,140.23,12.64,False
1564,6.25,39.22,1.47,0.07,1.0,24.03,2.57,105.17,9.28,False
1565,7.9,62.3,1.76,-0.21,1.0,32.57,2.28,141.34,12.75,False
1566,7.08,50.76,1.61,-0.07,1.0,28.3,2.42,123.26,11.01,False
1567,7.32,54.22,1.66,-0.11,1.0,29.58,2.38,128.67,11.53,False
1568,7.95,63.0,1.77,-0.22,1.0,32.83,2.27,142.43,12.85,False
1569,6.88,48.0,1.58,-0.04,1.0,27.28,2.46,118.94,10.6,False
1570,6.74,46.0,1.55,-0.01,1.0,26.54,2.48,115.8,10.3,False
1571,6.43,41.71,1.5,0.04,1.0,24.95,2.53,109.09,9.66,False
1572,7.68,59.28,1.72,-0.18,1.0,31.45,2.32,136.6,12.29,False
1573,6.69,45.34,1.55,-0.01,1.0,26.29,2.49,114.76,10.2,False
1574,6.11,37.14,1.45,0.09,1.0,23.26,2.59,101.92,8.97,False
1575,5.9,34.25,1.41,0.13,1.0,22.19,2.63,97.39,8.54,False
1576,6.29,39.75,1.48,0.06,1.0,24.23,2.56,106.01,9.36,False
1577,6.19,38.33,1.46,0.08,1.0,23.7,2.58,103.78,9.15,False
1578,7.09,50.92,1.62,-0.07,1.0,28.36,2.42,123.51,11.04,False
1579,7.53,57.17,1.69,-0.15,1.0,30.67,2.34,133.3,11.98,False
1580,7.11,51.31,1.62,-0.08,1.0,28.5,2.42,124.11,11.1,False
1581,5.9,34.2,1.41,0.13,1.0,22.18,2.63,97.32,8.53,False
1582,6.47,42.29,1.51,0.03,1.0,25.17,2.53,109.98,9.74,False
1583,6.17,38.08,1.46,0.08,1.0,23.61,2.58,103.39,9.11,False
1584,7.7,59.62,1.72,-0.18,1.0,31.58,2.31,137.13,12.34,False
1585,6.01,35.8,1.43,0.11,1.0,22.76,2.61,99.82,8.77,False
1586,6.9,48.29,1.58,-0.04,1.0,27.39,2.45,119.38,10.64,False
1587,7.78,60.65,1.74,-0.19,1.0,31.96,2.3,138.75,12.5,False
1588,6.39,41.17,1.5,0.05,1.0,24.75,2.54,108.23,9.57,False
1589,7.62,58.45,1.71,-0.17,1.0,31.15,2.33,135.31,12.17,False
1590,6.01,35.75,1.43,0.11,1.0,22.75,2.61,99.75,8.76,False
1591,6.81,47.02,1.57,-0.03,1.0,26.92,2.47,117.4,10.45,False
1592,6.06,36.55,1.44,0.1,1.0,23.04,2.6,101.0,8.88,False
1593,7.42,55.59,1.67,-0.13,1.0,30.09,2.36,130.82,11.74,False
1594,7.52,56.96,1.69,-0.15,1.0,30.59,2.35,132.96,11.94,False
1595,7.04,50.22,1.61,-0.06,1.0,28.1,2.43,122.41,10.93,False
1596,7.21,52.67,1.64,-0.09,1.0,29.01,2.4,126.25,11.3,False
1597,6.25,39.23,1.47,0.07,1.0,24.03,2.57,105.19,9.28,False
1598,7.37,54.85,1.66,-0.12,1.0,29.82,2.37,129.67,11.63,False
1599,7.95,63.12,1.77,-0.22,1.0,32.87,2.27,142.62,12.87,False
1600,6.79,46.74,1.56,-0.02,1.0,26.81,2.47,116.96,10.41,False
1601,6.27,39.42,1.47,0.07,1.0,24.1,2.56,105.49,9.31,False
1602,5.96,35.01,1.42,0.12,1.0,22.47,2.62,98.58,8.65,False
1603,5.94,34.74,1.42,0.12,1.0,22.37,2.62,98.16,8.61,False
1604,5.9,34.25,1.41,0.13,1.0,22.19,2.63,97.39,8.54,False
1605,6.96,49.16,1.59,-0.05,1.0,27.71,2.44,120.75,10.77,False
1606,6.09,36.94,1.44,0.1,1.0,23.19,2.59,101.61,8.94,False
1607,5.95,34.97,1.42,0.12,1.0,22.46,2.62,98.51,8.64,False
1608,7.96,63.2,1.77,-0.22,1.0,32.9,2.27,142.75,12.88,False
1609,7.53,57.15,1.69,-0.15,1.0,30.67,2.34,133.27,11.97,False
1610,6.1,37.07,1.44,0.1,1.0,23.24,2.59,101.81,8.96,False
1611,5.96,35.14,1.42,0.12,1.0,22.52,2.62,98.79,8.67,False
1612,6.42,41.5,1.5,0.04,1.0,24.87,2.54,108.75,9.62,False
1613,6.33,40.25,1.48,0.06,1.0,24.41,2.55,106.79,9.44,False
1614,6.03,36.09,1.43,0.11,1.0,22.87,2.6,100.27,8.81,False
1615,6.96,49.13,1.59,-0.05,1.0,27.7,2.44,120.71,10.77,False
1616,6.6,44.02,1.53,0.01,1.0,25.81,2.51,112.69,10.0,False
1617,7.96,63.21,1.77,-0.22,1.0,32.91,2.27,142.77,12.88,False
1618,6.12,37.35,1.45,0.09,1.0,23.34,2.59,102.25,9.0,False
1619,6.1,37.01,1.44,0.1,1.0,23.21,2.59,101.72,8.95,False
1620,7.09,50.9,1.62,-0.07,1.0,28.35,2.42,123.48,11.04,False
1621,7.39,55.25,1.67,-0.13,1.0,29.96,2.37,130.28,11.69,False
1622,6.03,36.07,1.43,0.11,1.0,22.86,2.6,100.24,8.81,False
1623,7.84,61.52,1.75,-0.2,1.0,32.28,2.29,140.11,12.63,False
1624,6.79,46.72,1.56,-0.02,1.0,26.81,2.47,116.93,10.41,False
1625,6.63,44.5,1.54,0.0,1.0,25.99,2.5,113.45,10.08,False
1626,7.37,54.92,1.67,-0.12,1.0,29.84,2.37,129.77,11.64,False
1627,6.54,43.2,1.52,0.02,1.0,25.51,2.52,111.42,9.88,False
1628,7.39,55.13,1.67,-0.12,1.0,29.92,2.37,130.1,11.67,False
1629,7.91,62.52,1.76,-0.22,1.0,32.65,2.28,141.68,12.78,False
1630,7.43,55.68,1.67,-0.13,1.0,30.12,2.36,130.97,11.75,False
1631,6.05,36.35,1.44,0.1,1.0,22.97,2.6,100.69,8.85,False
1632,6.19,38.31,1.46,0.08,1.0,23.7,2.58,103.76,9.15,False
1633,6.93,48.77,1.59,-0.05,1.0,27.57,2.45,120.14,10.72,False
1634,6.12,37.26,1.45,0.09,1.0,23.31,2.59,102.11,8.99,False
1635,7.93,62.74,1.76,-0.22,1.0,32.73,2.28,142.02,12.81,False
1636,6.07,36.6,1.44,0.1,1.0,23.06,2.6,101.07,8.89,False
1637,6.5,42.72,1.51,0.03,1.0,25.33,2.52,110.66,9.81,False
1638,6.8,46.95,1.57,-0.02,1.0,26.89,2.47,117.29,10.44,False
1639,7.02,50.04,1.6,-0.06,1.0,28.03,2.43,122.12,10.91,False
1640,6.55,43.38,1.52,0.02,1.0,25.57,2.51,111.7,9.91,False
1641,7.92,62.7,1.76,-0.22,1.0,32.72,2.28,141.96,12.8,False
1642,6.82,47.1,1.57,-0.03,1.0,26.95,2.47,117.53,10.47,False
1643,7.41,55.53,1.67,-0.13,1.0,30.07,2.36,130.73,11.73,False
1644,7.93,62.84,1.76,-0.22,1.0,32.77,2.27,142.19,12.83,False
1645,6.93,48.74,1.59,-0.05,1.0,27.55,2.45,120.09,10.71,False
1646,6.78,46.6,1.56,-0.02,1.0,26.76,2.47,116.74,10.39,False
1647,6.56,43.53,1.52,0.02,1.0,25.63,2.51,111.93,9.93,False
1648,7.41,55.5,1.67,-0.13,1.0,30.05,2.36,130.68,11.72,False
1649,7.34,54.48,1.66,-0.12,1.0,29.68,2.38,129.09,11.57,False
1650,6.46,42.13,1.51,0.03,1.0,25.11,2.53,109.74,9.72,False
1651,7.86,61.85,1.75,-0.21,1.0,32.4,2.29,140.63,12.68,False
1652,6.95,48.98,1.59,-0.05,1.0,27.64,2.44,120.48,10.75,False
1653,6.14,37.6,1.45,0.09,1.0,23.43,2.59,102.65,9.04,False
1654,7.16,52.01,1.63,-0.09,1.0,28.77,2.41,125.22,11.2,False
1655,7.43,55.76,1.68,-0.13,1.0,30.15,2.36,131.09,11.76,False
1656,6.75,46.16,1.56,-0.02,1.0,26.6,2.48,116.05,10.32,False
1657,6.11,37.2,1.45,0.09,1.0,23.29,2.59,102.02,8.98,False
1658,7.76,60.4,1.73,-0.19,1.0,31.87,2.3,138.36,12.46,False
1659,7.66,58.97,1.72,-0.17,1.0,31.34,2.32,136.12,12.25,False
1660,6.8,46.85,1.57,-0.02,1.0,26.86,2.47,117.14,10.43,False
1661,6.47,42.25,1.51,0.03,1.0,25.15,2.53,109.92,9.74,False
1662,6.33,40.33,1.48,0.06,1.0,24.44,2.55,106.91,9.45,False
1663,7.17,52.13,1.63,-0.09,1.0,28.81,2.41,125.4,11.22,False
1664,7.35,54.58,1.66,-0.12,1.0,29.72,2.38,129.25,11.59,False
1665,7.26,53.43,1.65,-0.1,1.0,29.29,2.39,127.44,11.41,False
1666,7.35,54.67,1.66,-0.12,1.0,29.75,2.37,129.38,11.6,False
1667,6.21,38.57,1.46,0.08,1.0,23.79,2.57,104.15,9.18,False
1668,7.64,58.73,1.71,-0.17,1.0,31.25,2.32,135.74,12.21,False
1669,6.3,39.88,1.48,0.06,1.0,24.27,2.56,106.2,9.38,False
1670,7.15,51.76,1.63,-0.08,1.0,28.67,2.41,124.82,11.16,False
1671,7.57,57.76,1.7,-0.16,1.0,30.89,2.34,134.23,12.06,False
1672,6.8,46.93,1.57,-0.02,1.0,26.88,2.47,117.25,10.44,False
1673,7.43,55.79,1.68,-0.13,1.0,30.16,2.36,131.13,11.77,False
1674,6.78,46.63,1.56,-0.02,1.0,26.77,2.47,116.78,10.39,False
1675,7.48,56.5,1.68,-0.14,1.0,30.43,2.35,132.26,11.88,False
1676,6.68,45.16,1.54,-0.0,1.0,26.23,2.49,114.49,10.17,False
1677,6.14,37.66,1.45,0.09,1.0,23.45,2.58,102.73,9.05,False
1678,6.95,49.04,1.59,-0.05,1.0,27.67,2.44,120.56,10.76,False
1679,6.17,38.03,1.46,0.08,1.0,23.59,2.58,103.32,9.11,False
1680,6.92,48.59,1.59,-0.05,1.0,27.5,2.45,119.86,10.69,False
1681,6.92,48.57,1.59,-0.04,1.0,27.49,2.45,119.82,10.69,False
1682,6.95,48.95,1.59,-0.05,1.0,27.63,2.45,120.42,10.74,False
1683,7.65,58.81,1.71,-0.17,1.0,31.28,2.32,135.87,12.22,False
1684,7.63,58.57,1.71,-0.17,1.0,31.19,2.33,135.5,12.19,False
1685,7.33,54.33,1.66,-0.12,1.0,29.62,2.38,128.84,11.55,False
1686,7.49,56.52,1.69,-0.14,1.0,30.43,2.35,132.29,11.88,False
1687,6.26,39.27,1.47,0.07,1.0,24.05,2.56,105.26,9.29,False
1688,7.79,60.78,1.74,-0.19,1.0,32.01,2.3,138.95,12.52,False
1689,7.55,57.44,1.7,-0.15,1.0,30.77,2.34,133.71,12.02,False
1690,6.36,40.77,1.49,0.05,1.0,24.61,2.55,107.61,9.52,False
1691,7.21,52.7,1.64,-0.1,1.0,29.02,2.4,126.3,11.31,False
1692,7.26,53.34,1.65,-0.1,1.0,29.25,2.39,127.3,11.4,False
1693,7.07,50.72,1.61,-0.07,1.0,28.29,2.42,123.19,11.01,False
1694,7.66,58.98,1.72,-0.17,1.0,31.34,2.32,136.13,12.25,False
1695,7.29,53.74,1.65,-0.11,1.0,29.41,2.39,127.93,11.46,False
1696,7.74,60.09,1.73,-0.19,1.0,31.75,2.31,137.88,12.41,False
1697,6.08,36.75,1.44,0.1,1.0,23.12,2.6,101.31,8.91,False
1698,7.78,60.6,1.74,-0.19,1.0,31.94,2.3,138.68,12.49,False
1699,6.48,42.45,1.51,0.03,1.0,25.23,2.53,110.23,9.77,False
1700,6.25,39.13,1.47,0.07,1.0,24.0,2.57,105.04,9.27,False
1701,7.29,53.83,1.65,-0.11,1.0,29.44,2.39,128.06,11.47,False
1702,7.19,52.42,1.63,-0.09,1.0,28.92,2.4,125.86,11.26,False
1703,5.99,35.56,1.43,0.11,1.0,22.68,2.61,99.45,8.73,False
1704,8.01,63.91,1.78,-0.23,1.0,33.17,2.26,143.86,12.99,False
1705,7.38,54.98,1.67,-0.12,1.0,29.86,2.37,129.87,11.65,False
1706,6.93,48.65,1.59,-0.05,1.0,27.52,2.45,119.95,10.7,False
1707,6.81,46.98,1.57,-0.03,1.0,26.9,2.47,117.33,10.45,False
1708,7.95,63.1,1.77,-0.22,1.0,32.87,2.27,142.58,12.86,False
1709,6.85,47.65,1.58,-0.03,1.0,27.15,2.46,118.38,10.55,False
1710,6.01,35.77,1.43,0.11,1.0,22.75,2.61,99.77,8.76,False
1711,6.65,44.84,1.54,0.0,1.0,26.11,2.5,113.98,10.13,False
1712,6.17,37.96,1.46,0.08,1.0,23.57,2.58,103.21,9.09,False
1713,7.22,52.81,1.64,-0.1,1.0,29.06,2.4,126.47,11.32,False
1714,7.8,60.94,1.74,-0.2,1.0,32.07,2.3,139.21,12.54,False
1715,7.91,62.49,1.76,-0.21,1.0,32.64,2.28,141.63,12.77,False
1716,7.86,61.77,1.75,-0.21,1.0,32.38,2.29,140.51,12.67,False
1717,7.72,59.79,1.73,-0.18,1.0,31.64,2.31,137.41,12.37,False
1718,7.63,58.63,1.71,-0.17,1.0,31.21,2.33,135.58,12.19,False
1719,6.44,41.76,1.5,0.04,1.0,24.97,2.53,109.16,9.66,False
1720,6.26,39.3,1.47,0.07,1.0,24.06,2.56,105.3,9.3,False
1721,7.76,60.34,1.73,-0.19,1.0,31.85,2.3,138.27,12.45,False
1722,7.87,61.93,1.75,-0.21,1.0,32.44,2.29,140.76,12.69,False
1723,7.79,60.87,1.74,-0.2,1.0,32.04,2.3,139.1,12.53,False
1724,7.61,58.35,1.71,-0.16,1.0,31.11,2.33,135.14,12.15,False
1725,7.02,49.95,1.6,-0.06,1.0,28.0,2.43,121.99,10.89,False
1726,7.89,62.27,1.76,-0.21,1.0,32.56,2.28,141.28,12.74,False
1727,6.75,46.24,1.56,-0.02,1.0,26.63,2.48,116.17,10.34,False
1728,7.26,53.38,1.65,-0.1,1.0,29.27,2.39,127.36,11.41,False
1729,6.54,43.23,1.52,0.02,1.0,25.51,2.52,111.45,9.88,False
1730,7.03,50.07,1.61,-0.06,1.0,28.05,2.43,122.18,10.91,False
1731,7.85,61.59,1.75,-0.2,1.0,32.31,2.29,140.23,12.64,False
1732,7.16,51.99,1.63,-0.09,1.0,28.76,2.41,125.18,11.2,False
1733,7.86,61.81,1.75,-0.21,1.0,32.39,2.29,140.57,12.67,False
1734,6.04,36.25,1.43,0.11,1.0,22.93,2.6,100.52,8.84,False
1735,7.8,61.02,1.74,-0.2,1.0,32.1,2.3,139.33,12.55,False
1736,7.51,56.87,1.69,-0.15,1.0,30.56,2.35,132.83,11.93,False
1737,6.57,43.63,1.53,0.02,1.0,25.66,2.51,112.09,9.94,False
1738,6.37,40.81,1.49,0.05,1.0,24.62,2.55,107.68,9.52,False
1739,7.37,54.87,1.66,-0.12,1.0,29.82,2.37,129.69,11.63,False
1740,7.72,59.77,1.73,-0.18,1.0,31.63,2.31,137.37,12.36,False
1741,7.49,56.61,1.69,-0.14,1.0,30.47,2.35,132.43,11.89,False
1742,6.72,45.72,1.55,-0.01,1.0,26.44,2.49,115.36,10.26,False
1743,5.95,34.91,1.42,0.12,1.0,22.44,2.62,98.42,8.64,False
1744,7.87,61.94,1.75,-0.21,1.0,32.44,2.29,140.77,12.69,False
1745,7.1,51.09,1.62,-0.08,1.0,28.42,2.42,123.77,11.06,False
1746,7.14,51.64,1.62,-0.08,1.0,28.63,2.41,124.63,11.15,False
1747,7.34,54.44,1.66,-0.12,1.0,29.66,2.38,129.03,11.57,False
1748,7.53,57.15,1.69,-0.15,1.0,30.66,2.34,133.27,11.97,False
1749,7.14,51.64,1.62,-0.08,1.0,28.63,2.41,124.64,11.15,False
1750,6.9,48.31,1.58,-0.04,1.0,27.39,2.45,119.42,10.65,False
1751,7.37,54.86,1.66,-0.12,1.0,29.82,2.37,129.69,11.63,False
1752,6.82,47.18,1.57,-0.03,1.0,26.98,2.47,117.65,10.48,False
1753,6.13,37.43,1.45,0.09,1.0,23.37,2.59,102.37,9.01,False
1754,6.59,43.98,1.53,0.01,1.0,25.79,2.51,112.64,10.0,False
1755,6.78,46.59,1.56,-0.02,1.0,26.76,2.47,116.73,10.39,False
1756,5.95,34.87,1.42,0.12,1.0,22.42,2.62,98.36,8.63,False
1757,6.62,44.36,1.53,0.01,1.0,25.93,2.5,113.23,10.05,False
1758,6.44,41.87,1.5,0.04,1.0,25.01,2.53,109.32,9.68,False
1759,6.75,46.15,1.56,-0.02,1.0,26.59,2.48,116.03,10.32,False
1760,6.09,36.97,1.44,0.1,1.0,23.2,2.59,101.66,8.95,False
1761,6.99,49.56,1.6,-0.06,1.0,27.86,2.44,121.37,10.83,False
1762,6.53,43.03,1.52,0.02,1.0,25.44,2.52,111.14,9.85,False
1763,6.02,35.92,1.43,0.11,1.0,22.81,2.61,100.01,8.79,False
1764,6.18,38.21,1.46,0.08,1.0,23.66,2.58,103.6,9.13,False
1765,6.7,45.42,1.55,-0.01,1.0,26.33,2.49,114.89,10.21,False
1766,5.93,34.7,1.42,0.12,1.0,22.36,2.62,98.1,8.61,False
1767,7.84,61.56,1.75,-0.2,1.0,32.3,2.29,140.18,12.63,False
1768,7.65,58.87,1.71,-0.17,1.0,31.3,2.32,135.96,12.23,False
1769,7.7,59.48,1.72,-0.18,1.0,31.53,2.32,136.92,12.32,False
1770,7.51,56.9,1.69,-0.15,1.0,30.57,2.35,132.87,11.93,False
1771,7.11,51.26,1.62,-0.08,1.0,28.48,2.42,124.03,11.09,False
1772,6.94,48.91,1.59,-0.05,1.0,27.61,2.45,120.35,10.74,False
1773,7.48,56.45,1.68,-0.14,1.0,30.41,2.35,132.17,11.87,False
1774,7.84,61.51,1.75,-0.2,1.0,32.28,2.29,140.09,12.63,False
1775,6.15,37.77,1.45,0.09,1.0,23.49,2.58,102.9,9.07,False
1776,6.91,48.46,1.59,-0.04,1.0,27.45,2.45,119.65,10.67,False
1777,7.69,59.38,1.72,-0.18,1.0,31.49,2.32,136.77,12.31,False
1778,7.68,59.25,1.72,-0.18,1.0,31.44,2.32,136.55,12.29,False
1779,6.75,46.14,1.56,-0.02,1.0,26.59,2.48,116.02,10.32,False
1780,6.32,40.18,1.48,0.06,1.0,24.39,2.55,106.69,9.43,False
1781,6.94,48.79,1.59,-0.05,1.0,27.57,2.45,120.18,10.72,False
1782,6.87,47.94,1.58,-0.04,1.0,27.26,2.46,118.84,10.59,False
1783,7.62,58.41,1.71,-0.17,1.0,31.13,2.33,135.24,12.16,False
1784,6.44,41.77,1.5,0.04,1.0,24.98,2.53,109.17,9.67,False
1785,7.27,53.46,1.65,-0.1,1.0,29.3,2.39,127.49,11.42,False
1786,7.73,59.9,1.73,-0.18,1.0,31.68,2.31,137.58,12.39,False
1787,7.1,51.11,1.62,-0.08,1.0,28.43,2.42,123.81,11.07,False
1788,5.92,34.58,1.41,0.13,1.0,22.31,2.62,97.91,8.59,False
1789,7.39,55.14,1.67,-0.13,1.0,29.92,2.37,130.11,11.67,False
1790,6.56,43.48,1.52,0.02,1.0,25.61,2.51,111.85,9.92,False
1791,6.91,48.38,1.58,-0.04,1.0,27.42,2.45,119.53,10.66,False
1792,6.13,37.51,1.45,0.09,1.0,23.4,2.59,102.5,9.03,False
1793,6.98,49.43,1.6,-0.06,1.0,27.81,2.44,121.17,10.81,False
1794,6.07,36.66,1.44,0.1,1.0,23.08,2.6,101.17,8.9,False
1795,6.31,39.98,1.48,0.06,1.0,24.31,2.56,106.37,9.4,False
1796,6.31,39.96,1.48,0.06,1.0,24.3,2.56,106.33,9.39,False
1797,7.53,57.18,1.69,-0.15,1.0,30.68,2.34,133.32,11.98,False
1798,6.67,45.05,1.54,-0.0,1.0,26.19,2.49,114.32,10.16,False
1799,7.58,57.82,1.7,-0.16,1.0,30.91,2.34,134.32,12.07,False
1800,7.88,62.13,1.75,-0.21,1.0,32.51,2.28,141.07,12.72,False
1801,7.34,54.49,1.66,-0.12,1.0,29.68,2.38,129.1,11.57,False
1802,7.64,58.67,1.71,-0.17,1.0,31.23,2.33,135.65,12.2,False
1803,6.99,49.53,1.6,-0.06,1.0,27.85,2.44,121.34,10.83,False
1804,7.07,50.63,1.61,-0.07,1.0,28.25,2.42,123.06,10.99,False
1805,6.62,44.4,1.54,0.01,1.0,25.95,2.5,113.29,10.06,False
1806,6.64,44.71,1.54,0.0,1.0,26.06,2.5,113.78,10.11,False
1807,7.64,58.67,1.71,-0.17,1.0,31.23,2.33,135.65,12.2,False
1808,6.46,42.09,1.51,0.03,1.0,25.09,2.53,109.67,9.71,False
1809,7.55,57.4,1.7,-0.15,1.0,30.76,2.34,133.67,12.01,False
1810,6.16,37.9,1.45,0.09,1.0,23.54,2.58,103.11,9.09,False
1811,6.11,37.17,1.45,0.09,1.0,23.27,2.59,101.97,8.98,False
1812,7.26,53.39,1.65,-0.1,1.0,29.28,2.39,127.38,11.41,False
1813,7.48,56.48,1.68,-0.14,1.0,30.42,2.35,132.22,11.87,False
1814,6.49,42.52,1.51,0.03,1.0,25.25,2.52,110.34,9.78,False
1815,6.8,46.84,1.57,-0.02,1.0,26.85,2.47,117.11,10.43,False
1816,7.02,50.04,1.6,-0.06,1.0,28.03,2.43,122.12,10.91,False
1817,6.8,46.93,1.57,-0.02,1.0,26.88,2.47,117.26,10.44,False
1818,6.65,44.77,1.54,0.0,1.0,26.09,2.5,113.88,10.12,False
1819,6.56,43.57,1.52,0.02,1.0,25.64,2.51,112.0,9.94,False
1820,6.3,39.8,1.48,0.06,1.0,24.24,2.56,106.08,9.37,False
1821,6.8,46.91,1.57,-0.02,1.0,26.88,2.47,117.23,10.44,False
1822,6.58,43.8,1.53,0.01,1.0,25.73,2.51,112.36,9.97,False
1823,6.08,36.78,1.44,0.1,1.0,23.13,2.6,101.36,8.92,False
1824,6.1,37.06,1.44,0.1,1.0,23.23,2.59,101.8,8.96,False
1825,7.61,58.31,1.71,-0.16,1.0,31.09,2.33,135.08,12.15,False
1826,7.64,58.7,1.71,-0.17,1.0,31.24,2.33,135.7,12.21,False
1827,6.26,39.3,1.47,0.07,1.0,24.06,2.56,105.3,9.29,False
1828,6.69,45.33,1.55,-0.01,1.0,26.29,2.49,114.76,10.2,False
1829,6.47,42.27,1.51,0.03,1.0,25.16,2.53,109.95,9.74,False
1830,5.9,34.2,1.41,0.13,1.0,22.17,2.63,97.31,8.53,False
1831,6.71,45.56,1.55,-0.01,1.0,26.38,2.49,115.11,10.23,False
1832,7.76,60.4,1.73,-0.19,1.0,31.87,2.3,138.36,12.46,False
1833,6.42,41.53,1.5,0.04,1.0,24.88,2.54,108.79,9.63,False
1834,7.53,57.22,1.69,-0.15,1.0,30.69,2.34,133.38,11.98,False
1835,6.66,44.95,1.54,-0.0,1.0,26.15,2.49,114.15,10.14,False
1836,7.62,58.36,1.71,-0.16,1.0,31.11,2.33,135.17,12.15,False
1837,6.62,44.35,1.53,0.01,1.0,25.93,2.5,113.21,10.05,False
1838,7.99,63.6,1.77,-0.23,1.0,33.05,2.26,143.37,12.94,False
1839,6.02,35.87,1.43,0.11,1.0,22.79,2.61,99.93,8.78,False
1840,7.07,50.62,1.61,-0.07,1.0,28.25,2.42,123.03,10.99,False
1841,7.08,50.89,1.62,-0.07,1.0,28.35,2.42,123.46,11.03,False
1842,7.26,53.31,1.65,-0.1,1.0,29.25,2.39,127.25,11.4,False
1843,7.81,61.04,1.74,-0.2,1.0,32.1,2.3,139.36,12.56,False
1844,6.53,43.14,1.52,0.02,1.0,25.48,2.52,111.32,9.87,False
1845,6.55,43.37,1.52,0.02,1.0,25.57,2.51,111.68,9.91,False
1846,7.05,50.4,1.61,-0.07,1.0,28.17,2.43,122.69,10.96,False
1847,6.79,46.69,1.56,-0.02,1.0,26.79,2.47,116.88,10.4,False
1848,7.99,63.61,1.77,-0.23,1.0,33.05,2.26,143.38,12.94,False
1849,8.0,63.82,1.78,-0.23,1.0,33.13,2.26,143.71,12.97,False
1850,7.92,62.69,1.76,-0.22,1.0,32.71,2.28,141.95,12.8,False
1851,6.35,40.6,1.49,0.05,1.0,24.54,2.55,107.34,9.49,False
1852,5.89,34.07,1.41,0.13,1.0,22.12,2.63,97.11,8.51,False
1853,7.87,61.96,1.75,-0.21,1.0,32.44,2.28,140.8,12.69,False
1854,7.89,62.19,1.76,-0.21,1.0,32.53,2.28,141.16,12.73,False
1855,6.29,39.77,1.48,0.06,1.0,24.23,2.56,106.03,9.37,False
1856,6.46,42.07,1.51,0.03,1.0,25.09,2.53,109.65,9.71,False
1857,7.28,53.66,1.65,-0.11,1.0,29.37,2.39,127.8,11.45,False
1858,6.31,40.04,1.48,0.06,1.0,24.33,2.56,106.46,9.41,False
1859,5.91,34.32,1.41,0.13,1.0,22.22,2.63,97.5,8.55,False
1860,7.99,63.57,1.77,-0.23,1.0,33.04,2.27,143.33,12.94,False
1861,7.27,53.47,1.65,-0.1,1.0,29.3,2.39,127.5,11.42,False
1862,6.74,46.1,1.56,-0.01,1.0,26.58,2.48,115.95,10.31,False
1863,6.94,48.88,1.59,-0.05,1.0,27.61,2.45,120.31,10.73,False
1864,7.77,60.56,1.74,-0.19,1.0,31.93,2.3,138.61,12.48,False
1865,7.08,50.85,1.61,-0.07,1.0,28.34,2.42,123.4,11.03,False
1866,6.86,47.79,1.58,-0.04,1.0,27.2,2.46,118.61,10.57,False
1867,7.18,52.27,1.63,-0.09,1.0,28.86,2.4,125.63,11.24,False
1868,6.06,36.48,1.44,0.1,1.0,23.02,2.6,100.89,8.87,False
1869,6.34,40.47,1.49,0.05,1.0,24.49,2.55,107.14,9.47,False
1870,6.59,43.98,1.53,0.01,1.0,25.79,2.51,112.64,10.0,False
1871,6.71,45.59,1.55,-0.01,1.0,26.39,2.49,115.16,10.24,False
1872,7.16,51.89,1.63,-0.09,1.0,28.72,2.41,125.02,11.18,False
1873,6.73,45.86,1.55,-0.01,1.0,26.49,2.48,115.58,10.28,False
1874,7.14,51.72,1.63,-0.08,1.0,28.66,2.41,124.76,11.16,False
1875,6.25,39.09,1.47,0.07,1.0,23.98,2.57,104.98,9.26,False
1876,6.93,48.74,1.59,-0.05,1.0,27.55,2.45,120.09,10.71,False
1877,6.7,45.5,1.55,-0.01,1.0,26.35,2.49,115.01,10.22,False
1878,7.9,62.3,1.76,-0.21,1.0,32.57,2.28,141.33,12.74,False
1879,6.75,46.16,1.56,-0.02,1.0,26.6,2.48,116.05,10.32,False
1880,7.27,53.46,1.65,-0.1,1.0,29.3,2.39,127.49,11.42,False
1881,6.07,36.69,1.44,0.1,1.0,23.09,2.6,101.21,8.9,False
1882,5.97,35.28,1.42,0.12,1.0,22.57,2.61,99.01,8.69,False
1883,7.64,58.65,1.71,-0.17,1.0,31.22,2.33,135.62,12.2,False
1884,6.42,41.53,1.5,0.04,1.0,24.89,2.54,108.79,9.63,False
1885,7.47,56.27,1.68,-0.14,1.0,30.34,2.36,131.88,11.84,False
1886,6.78,46.61,1.56,-0.02,1.0,26.77,2.47,116.76,10.39,False
1887,6.63,44.44,1.54,0.01,1.0,25.96,2.5,113.36,10.07,False
1888,6.89,48.1,1.58,-0.04,1.0,27.32,2.46,119.09,10.61,False
1889,7.77,60.55,1.74,-0.19,1.0,31.92,2.3,138.59,12.48,False
1890,6.29,39.69,1.48,0.06,1.0,24.21,2.56,105.92,9.35,False
1891,6.75,46.21,1.56,-0.02,1.0,26.62,2.48,116.13,10.33,False
1892,7.55,57.37,1.7,-0.15,1.0,30.75,2.34,133.62,12.01,False
1893,6.48,42.32,1.51,0.03,1.0,25.18,2.53,110.04,9.75,False
1894,7.11,51.18,1.62,-0.08,1.0,28.46,2.42,123.92,11.08,False
1895,5.93,34.7,1.42,0.12,1.0,22.36,2.62,98.1,8.61,False
1896,7.52,56.96,1.69,-0.15,1.0,30.6,2.35,132.97,11.94,False
1897,7.9,62.36,1.76,-0.21,1.0,32.59,2.28,141.42,12.75,False
1898,6.92,48.53,1.59,-0.04,1.0,27.48,2.45,119.76,10.68,False
1899,6.61,44.19,1.53,0.01,1.0,25.87,2.5,112.96,10.03,False
1900,6.94,48.83,1.59,-0.05,1.0,27.59,2.45,120.24,10.72,False
1901,7.18,52.3,1.63,-0.09,1.0,28.87,2.4,125.67,11.24,False
1902,6.13,37.5,1.45,0.09,1.0,23.4,2.59,102.49,9.03,False
1903,6.95,48.97,1.59,-0.05,1.0,27.64,2.45,120.45,10.75,False
1904,7.58,57.92,1.7,-0.16,1.0,30.95,2.33,134.47,12.09,False
1905,6.62,44.38,1.53,0.01,1.0,25.94,2.5,113.26,10.06,False
1906,7.98,63.48,1.77,-0.23,1.0,33.01,2.27,143.18,12.92,False
1907,7.77,60.57,1.74,-0.19,1.0,31.93,2.3,138.63,12.49,False
1908,6.49,42.49,1.51,0.03,1.0,25.24,2.53,110.3,9.77,False
1909,5.94,34.82,1.42,0.12,1.0,22.4,2.62,98.28,8.62,False
1910,6.1,37.03,1.44,0.1,1.0,23.22,2.59,101.75,8.95,False
1911,7.2,52.5,1.64,-0.09,1.0,28.95,2.4,125.99,11.28,False
1912,7.53,57.16,1.69,-0.15,1.0,30.67,2.34,133.28,11.97,False
1913,7.86,61.75,1.75,-0.21,1.0,32.37,2.29,140.48,12.66,False
1914,7.76,60.38,1.73,-0.19,1.0,31.86,2.3,138.32,12.46,False
1915,7.9,62.32,1.76,-0.21,1.0,32.58,2.28,141.36,12.75,False
1916,6.31,39.96,1.48,0.06,1.0,24.31,2.56,106.34,9.39,False
1917,7.55,57.42,1.7,-0.15,1.0,30.76,2.34,133.69,12.01,False
1918,7.94,62.87,1.76,-0.22,1.0,32.78,2.27,142.23,12.83,False
1919,7.82,61.2,1.74,-0.2,1.0,32.16,2.29,139.61,12.58,False
1920,7.27,53.55,1.65,-0.11,1.0,29.33,2.39,127.62,11.43,False
1921,6.09,36.95,1.44,0.1,1.0,23.19,2.59,101.62,8.94,False
1922,6.93,48.72,1.59,-0.05,1.0,27.55,2.45,120.06,10.71,False
1923,7.94,62.97,1.77,-0.22,1.0,32.82,2.27,142.39,12.85,False
1924,6.2,38.49,1.46,0.08,1.0,23.76,2.57,104.03,9.17,False
1925,7.98,63.54,1.77,-0.23,1.0,33.03,2.27,143.28,12.93,False
1926,7.06,50.52,1.61,-0.07,1.0,28.21,2.43,122.88,10.98,False
1927,7.6,58.19,1.71,-0.16,1.0,31.05,2.33,134.9,12.13,False
1928,6.06,36.42,1.44,0.1,1.0,23.0,2.6,100.8,8.86,False
1929,6.75,46.17,1.56,-0.02,1.0,26.6,2.48,116.07,10.33,False
1930,7.59,58.02,1.7,-0.16,1.0,30.99,2.33,134.63,12.1,False
1931,7.16,52.0,1.63,-0.09,1.0,28.76,2.41,125.2,11.2,False
1932,6.68,45.27,1.55,-0.0,1.0,26.27,2.49,114.65,10.19,False
1933,5.95,34.94,1.42,0.12,1.0,22.45,2.62,98.47,8.64,False
1934,6.28,39.62,1.48,0.06,1.0,24.18,2.56,105.8,9.34,False
1935,7.04,50.27,1.61,-0.07,1.0,28.12,2.43,122.48,10.94,False
1936,6.43,41.62,1.5,0.04,1.0,24.92,2.54,108.94,9.64,False
1937,7.59,58.06,1.7,-0.16,1.0,31.0,2.33,134.69,12.11,False
1938,6.37,40.9,1.49,0.05,1.0,24.65,2.54,107.81,9.53,False
1939,6.36,40.74,1.49,0.05,1.0,24.59,2.55,107.56,9.51,False
1940,7.66,59.04,1.72,-0.17,1.0,31.36,2.32,136.22,12.26,False
1941,7.65,58.77,1.71,-0.17,1.0,31.27,2.32,135.81,12.22,False
1942,6.33,40.27,1.48,0.06,1.0,24.42,2.55,106.82,9.44,False
1943,7.38,55.06,1.67,-0.12,1.0,29.89,2.37,129.99,11.66,False
1944,6.78,46.6,1.56,-0.02,1.0,26.76,2.47,116.74,10.39,False
1945,6.06,36.43,1.44,0.1,1.0,23.0,2.6,100.8,8.86,False
1946,7.74,60.1,1.73,-0.19,1.0,31.76,2.31,137.89,12.41,False
1947,5.89,34.16,1.41,0.13,1.0,22.16,2.63,97.25,8.52,False
1948,6.32,40.18,1.48,0.06,1.0,24.39,2.55,106.68,9.43,False
1949,7.17,52.04,1.63,-0.09,1.0,28.78,2.41,125.26,11.21,False
1950,7.57,57.78,1.7,-0.16,1.0,30.9,2.34,134.25,12.07,False
1951,6.91,48.4,1.58,-0.04,1.0,27.43,2.45,119.56,10.66,False
1952,5.9,34.21,1.41,0.13,1.0,22.18,2.63,97.34,8.53,False
1953,7.96,63.22,1.77,-0.22,1.0,32.91,2.27,142.77,12.88,False
1954,6.15,37.71,1.45,0.09,1.0,23.47,2.58,102.82,9.06,False
1955,6.69,45.28,1.55,-0.0,1.0,26.28,2.49,114.68,10.19,False
1956,6.01,35.79,1.43,0.11,1.0,22.76,2.61,99.81,8.77,False
1957,7.76,60.38,1.73,-0.19,1.0,31.86,2.3,138.34,12.46,False
1958,7.75,60.3,1.73,-0.19,1.0,31.83,2.31,138.2,12.44,False
1959,6.06,36.5,1.44,0.1,1.0,23.03,2.6,100.92,8.88,False
1960,6.32,40.1,1.48,0.06,1.0,24.36,2.55,106.55,9.41,False
1961,7.65,58.87,1.71,-0.17,1.0,31.3,2.32,135.96,12.23,False
1962,6.22,38.67,1.46,0.08,1.0,23.83,2.57,104.32,9.2,False
1963,6.92,48.59,1.59,-0.04,1.0,27.5,2.45,119.85,10.69,False
1964,7.54,57.33,1.7,-0.15,1.0,30.73,2.34,133.56,12.0,False
1965,7.2,52.47,1.63,-0.09,1.0,28.93,2.4,125.93,11.27,False
1966,7.82,61.23,1.74,-0.2,1.0,32.17,2.29,139.65,12.58,False
1967,6.28,39.57,1.48,0.07,1.0,24.16,2.56,105.73,9.34,False
1968,7.87,61.91,1.75,-0.21,1.0,32.43,2.29,140.72,12.69,False
1969,6.95,48.99,1.59,-0.05,1.0,27.65,2.44,120.49,10.75,False
1970,6.79,46.68,1.56,-0.02,1.0,26.79,2.47,116.87,10.4,False
1971,7.66,58.92,1.71,-0.17,1.0,31.32,2.32,136.04,12.24,False
1972,6.08,36.82,1.44,0.1,1.0,23.14,2.6,101.42,8.92,False
1973,6.04,36.26,1.43,0.11,1.0,22.94,2.6,100.55,8.84,False
1974,7.75,60.2,1.73,-0.19,1.0,31.79,2.31,138.05,12.43,False
1975,7.33,54.41,1.66,-0.12,1.0,29.65,2.38,128.97,11.56,False
1976,7.21,52.72,1.64,-0.1,1.0,29.03,2.4,126.33,11.31,False
1977,5.97,35.21,1.42,0.12,1.0,22.55,2.61,98.89,8.68,False
1978,6.34,40.44,1.49,0.05,1.0,24.48,2.55,107.08,9.47,False
1979,7.44,55.95,1.68,-0.13,1.0,30.22,2.36,131.39,11.79,False
1980,7.91,62.47,1.76,-0.21,1.0,32.64,2.28,141.61,12.77,False
1981,7.58,57.9,1.7,-0.16,1.0,30.94,2.33,134.44,12.09,False
1982,6.83,47.37,1.57,-0.03,1.0,27.05,2.46,117.94,10.51,False
1983,6.06,36.45,1.44,0.1,1.0,23.0,2.6,100.83,8.87,False
1984,6.19,38.35,1.46,0.08,1.0,23.71,2.58,103.81,9.15,False
1985,6.25,39.17,1.47,0.07,1.0,24.01,2.57,105.1,9.28,False
1986,6.39,41.16,1.49,0.05,1.0,24.75,2.54,108.22,9.57,False
1987,7.78,60.65,1.74,-0.19,1.0,31.96,2.3,138.75,12.5,False
1988,6.16,37.96,1.46,0.08,1.0,23.57,2.58,103.2,9.09,False
1989,7.07,50.62,1.61,-0.07,1.0,28.25,2.42,123.04,10.99,False
1990,6.35,40.61,1.49,0.05,1.0,24.54,2.55,107.35,9.49,False
1991,7.28,53.66,1.65,-0.11,1.0,29.38,2.39,127.81,11.45,False
1992,7.16,51.9,1.63,-0.09,1.0,28.72,2.41,125.04,11.18,False
1993,6.07,36.61,1.44,0.1,1.0,23.07,2.6,101.09,8.89,False
1994,7.48,56.45,1.68,-0.14,1.0,30.41,2.35,132.18,11.87,False
1995,7.83,61.42,1.75,-0.2,1.0,32.24,2.29,139.95,12.61,False
1996,7.21,52.64,1.64,-0.09,1.0,29.0,2.4,126.2,11.3,False
1997,7.66,58.95,1.72,-0.17,1.0,31.33,2.32,136.09,12.24,False
1998,6.45,42.02,1.51,0.04,1.0,25.07,2.53,109.56,9.7,False
1999,6.58,43.86,1.53,0.01,1.0,25.75,2.51,112.45,9.98,False
2000,6.63,44.44,1.54,0.01,1.0,25.96,2.5,113.36,10.07,False
2001,6.93,48.79,1.59,-0.05,1.0,27.57,2.45,120.16,10.72,False
2002,6.54,43.29,1.52,0.02,1.0,25.54,2.52,111.56,9.89,False
2003,6.75,46.18,1.56,-0.02,1.0,26.61,2.48,116.08,10.33,False
2004,5.94,34.79,1.42,0.12,1.0,22.39,2.62,98.24,8.62,False
2005,7.44,55.89,1.68,-0.13,1.0,30.2,2.36,131.3,11.78,False
2006,7.59,58.04,1.7,-0.16,1.0,31.0,2.33,134.67,12.11,False
2007,5.99,35.51,1.43,0.11,1.0,22.66,2.61,99.37,8.73,False
2008,6.64,44.71,1.54,0.0,1.0,26.06,2.5,113.77,10.11,False
2009,7.95,63.11,1.77,-0.22,1.0,32.87,2.27,142.6,12.87,False
2010,7.87,61.87,1.75,-0.21,1.0,32.41,2.29,140.67,12.68,False
2011,7.92,62.6,1.76,-0.22,1.0,32.68,2.28,141.8,12.79,False
2012,6.72,45.72,1.55,-0.01,1.0,26.44,2.49,115.37,10.26,False
2013,7.54,57.33,1.7,-0.15,1.0,30.73,2.34,133.54,12.0,False
2014,6.75,46.14,1.56,-0.01,1.0,26.59,2.48,116.01,10.32,False
2015,7.91,62.46,1.76,-0.21,1.0,32.63,2.28,141.58,12.77,False
2016,7.23,52.89,1.64,-0.1,1.0,29.09,2.4,126.6,11.33,False
2017,6.69,45.32,1.55,-0.01,1.0,26.29,2.49,114.74,10.2,False
2018,7.63,58.55,1.71,-0.17,1.0,31.18,2.33,135.46,12.18,False
2019,7.37,54.96,1.67,-0.12,1.0,29.86,2.37,129.84,11.64,False
2020,7.74,60.14,1.73,-0.19,1.0,31.77,2.31,137.96,12.42,False
2021,6.41,41.39,1.5,0.04,1.0,24.83,2.54,108.58,9.61,False
2022,7.16,51.95,1.63,-0.09,1.0,28.74,2.41,125.13,11.19,False
2023,6.87,47.81,1.58,-0.04,1.0,27.21,2.46,118.64,10.57,False
2024,6.63,44.52,1.54,0.0,1.0,25.99,2.5,113.48,10.08,False
2025,7.58,57.79,1.7,-0.16,1.0,30.9,2.34,134.28,12.07,False
2026,7.32,54.21,1.66,-0.11,1.0,29.58,2.38,128.67,11.53,False
2027,7.52,57.05,1.69,-0.15,1.0,30.63,2.35,133.1,11.96,False
2028,6.34,40.39,1.49,0.06,1.0,24.47,2.55,107.02,9.46,False
2029,7.06,50.51,1.61,-0.07,1.0,28.21,2.43,122.86,10.98,False
2030,6.16,37.9,1.45,0.09,1.0,23.54,2.58,103.12,9.09,False
2031,6.42,41.6,1.5,0.04,1.0,24.91,2.54,108.91,9.64,False
2032,6.54,43.19,1.52,0.02,1.0,25.5,2.52,111.4,9.88,False
2033,6.06,36.43,1.44,0.1,1.0,23.0,2.6,100.81,8.86,False
2034,7.81,61.16,1.74,-0.2,1.0,32.15,2.29,139.56,12.57,False
2035,6.08,36.78,1.44,0.1,1.0,23.13,2.6,101.35,8.92,False
2036,7.11,51.26,1.62,-0.08,1.0,28.49,2.42,124.04,11.09,False
2037,7.79,60.79,1.74,-0.19,1.0,32.01,2.3,138.98,12.52,False
2038,7.01,49.84,1.6,-0.06,1.0,27.96,2.43,121.81,10.88,False
2039,7.05,50.47,1.61,-0.07,1.0,28.2,2.43,122.81,10.97,False
2040,6.51,42.83,1.52,0.03,1.0,25.37,2.52,110.83,9.82,False
2041,7.92,62.61,1.76,-0.22,1.0,32.68,2.28,141.81,12.79,False
2042,6.39,41.06,1.49,0.05,1.0,24.71,2.54,108.07,9.56,False
2043,7.7,59.52,1.72,-0.18,1.0,31.54,2.31,136.99,12.33,False
2044,7.84,61.52,1.75,-0.2,1.0,32.28,2.29,140.11,12.63,False
2045,6.15,37.78,1.45,0.09,1.0,23.5,2.58,102.92,9.07,False
2046,6.27,39.46,1.47,0.07,1.0,24.12,2.56,105.56,9.32,False
2047,6.16,37.96,1.46,0.08,1.0,23.56,2.58,103.2,9.09,False
2048,6.29,39.65,1.48,0.06,1.0,24.19,2.56,105.86,9.35,False
2049,6.91,48.46,1.59,-0.04,1.0,27.45,2.45,119.66,10.67,False
2050,7.97,63.38,1.77,-0.23,1.0,32.97,2.27,143.03,12.91,False
2051,6.94,48.81,1.59,-0.05,1.0,27.58,2.45,120.19,10.72,False
2052,7.55,57.44,1.7,-0.15,1.0,30.77,2.34,133.72,12.02,False
2053,7.99,63.69,1.77,-0.23,1.0,33.08,2.26,143.51,12.95,False
2054,7.95,63.02,1.77,-0.22,1.0,32.84,2.27,142.46,12.85,False
2055,6.63,44.43,1.54,0.01,1.0,25.96,2.5,113.34,10.06,False
2056,7.86,61.75,1.75,-0.21,1.0,32.37,2.29,140.47,12.66,False
2057,6.2,38.46,1.46,0.08,1.0,23.75,2.57,103.99,9.17,False
2058,7.77,60.57,1.74,-0.19,1.0,31.93,2.3,138.63,12.49,False
2059,6.57,43.61,1.53,0.02,1.0,25.66,2.51,112.06,9.94,False
2060,7.07,50.65,1.61,-0.07,1.0,28.26,2.42,123.09,11.0,False
2061,6.43,41.71,1.5,0.04,1.0,24.95,2.53,109.08,9.66,False
2062,7.04,50.25,1.61,-0.07,1.0,28.11,2.43,122.46,10.94,False
2063,7.5,56.7,1.69,-0.14,1.0,30.5,2.35,132.57,11.91,False
2064,6.79,46.69,1.56,-0.02,1.0,26.8,2.47,116.88,10.4,False
2065,6.05,36.3,1.43,0.11,1.0,22.95,2.6,100.6,8.84,False
2066,7.75,60.24,1.73,-0.19,1.0,31.81,2.31,138.12,12.44,False
2067,5.96,35.04,1.42,0.12,1.0,22.48,2.62,98.63,8.66,False
2068,6.88,48.05,1.58,-0.04,1.0,27.3,2.46,119.01,10.61,False
2069,5.99,35.5,1.42,0.12,1.0,22.65,2.61,99.34,8.72,False
2070,8.01,63.87,1.78,-0.23,1.0,33.15,2.26,143.8,12.98,False
2071,7.94,62.93,1.76,-0.22,1.0,32.8,2.27,142.32,12.84,False
2072,7.35,54.65,1.66,-0.12,1.0,29.74,2.38,129.36,11.6,False
2073,7.25,53.18,1.64,-0.1,1.0,29.19,2.39,127.04,11.38,False
2074,7.46,56.16,1.68,-0.14,1.0,30.3,2.36,131.72,11.82,False
2075,5.89,34.03,1.41,0.13,1.0,22.11,2.63,97.04,8.5,False
2076,5.98,35.41,1.42,0.12,1.0,22.62,2.61,99.21,8.71,False
2077,5.97,35.26,1.42,0.12,1.0,22.57,2.61,98.97,8.69,False
2078,6.98,49.44,1.6,-0.06,1.0,27.81,2.44,121.19,10.82,False
2079,7.15,51.74,1.63,-0.08,1.0,28.67,2.41,124.8,11.16,False
2080,6.85,47.54,1.57,-0.03,1.0,27.11,2.46,118.21,10.53,False
2081,6.85,47.58,1.57,-0.03,1.0,27.12,2.46,118.28,10.54,False
2082,7.71,59.69,1.72,-0.18,1.0,31.61,2.31,137.25,12.35,False
2083,7.11,51.28,1.62,-0.08,1.0,28.49,2.42,124.07,11.09,False
2084,7.25,53.17,1.64,-0.1,1.0,29.19,2.39,127.04,11.38,False
2085,7.81,61.06,1.74,-0.2,1.0,32.11,2.3,139.39,12.56,False
2086,7.04,50.26,1.61,-0.07,1.0,28.12,2.43,122.48,10.94,False
2087,6.42,41.6,1.5,0.04,1.0,24.91,2.54,108.91,9.64,False
2088,6.63,44.5,1.54,0.01,1.0,25.98,2.5,113.45,10.07,False
2089,6.78,46.6,1.56,-0.02,1.0,26.76,2.47,116.73,10.39,False
2090,6.03,36.04,1.43,0.11,1.0,22.86,2.6,100.2,8.81,False
2091,7.89,62.28,1.76,-0.21,1.0,32.57,2.28,141.31,12.74,False
2092,6.3,39.89,1.48,0.06,1.0,24.28,2.56,106.24,9.38,False
2093,6.33,40.22,1.48,0.06,1.0,24.4,2.55,106.74,9.43,False
2094,7.06,50.56,1.61,-0.07,1.0,28.23,2.43,122.95,10.98,False
2095,6.03,36.11,1.43,0.11,1.0,22.88,2.6,100.31,8.82,False
2096,7.86,61.77,1.75,-0.21,1.0,32.37,2.29,140.5,12.67,False
2097,7.05,50.42,1.61,-0.07,1.0,28.17,2.43,122.72,10.96,False
2098,6.43,41.73,1.5,0.04,1.0,24.96,2.53,109.1,9.66,False
2099,6.72,45.72,1.55,-0.01,1.0,26.44,2.49,115.36,10.26,False
2100,7.21,52.62,1.64,-0.09,1.0,28.99,2.4,126.17,11.29,False
2101,7.31,54.13,1.66,-0.11,1.0,29.55,2.38,128.53,11.52,False
2102,6.77,46.42,1.56,-0.02,1.0,26.7,2.48,116.47,10.36,False
2103,7.26,53.32,1.65,-0.1,1.0,29.25,2.39,127.26,11.4,False
2104,8.0,63.76,1.77,-0.23,1.0,33.11,2.26,143.62,12.96,False
2105,6.81,47.02,1.57,-0.03,1.0,26.92,2.47,117.4,10.45,False
2106,7.66,58.95,1.72,-0.17,1.0,31.33,2.32,136.09,12.24,False
2107,6.78,46.59,1.56,-0.02,1.0,26.76,2.47,116.72,10.39,False
2108,6.45,42.0,1.51,0.04,1.0,25.06,2.53,109.54,9.7,False
2109,7.09,50.98,1.62,-0.07,1.0,28.38,2.42,123.6,11.05,False
2110,6.67,45.0,1.54,-0.0,1.0,26.17,2.49,114.23,10.15,False
2111,7.59,58.04,1.7,-0.16,1.0,31.0,2.33,134.67,12.11,False
2112,6.64,44.62,1.54,0.0,1.0,26.03,2.5,113.64,10.09,False
2113,6.92,48.53,1.59,-0.04,1.0,27.48,2.45,119.76,10.68,False
2114,7.42,55.62,1.67,-0.13,1.0,30.1,2.36,130.88,11.74,False
2115,7.78,60.72,1.74,-0.19,1.0,31.98,2.3,138.85,12.51,False
2116,7.84,61.57,1.75,-0.2,1.0,32.3,2.29,140.19,12.64,False
2117,7.44,55.95,1.68,-0.13,1.0,30.22,2.36,131.38,11.79,False
2118,7.62,58.46,1.71,-0.17,1.0,31.15,2.33,135.33,12.17,False
2119,8.01,63.85,1.78,-0.23,1.0,33.14,2.26,143.76,12.98,False
2120,7.57,57.77,1.7,-0.16,1.0,30.9,2.34,134.25,12.07,False
2121,5.94,34.74,1.42,0.12,1.0,22.38,2.62,98.17,8.61,False
2122,6.22,38.79,1.47,0.07,1.0,23.87,2.57,104.51,9.22,False
2123,5.9,34.27,1.41,0.13,1.0,22.2,2.63,97.43,8.54,False
2124,7.83,61.33,1.74,-0.2,1.0,32.21,2.29,139.81,12.6,False
2125,6.58,43.86,1.53,0.01,1.0,25.75,2.51,112.44,9.98,False
2126,6.93,48.72,1.59,-0.05,1.0,27.55,2.45,120.07,10.71,False
2127,5.95,34.97,1.42,0.12,1.0,22.46,2.62,98.52,8.65,False
2128,7.5,56.75,1.69,-0.14,1.0,30.52,2.35,132.65,11.91,False
2129,7.39,55.2,1.67,-0.13,1.0,29.94,2.37,130.21,11.68,False
2130,7.88,62.08,1.75,-0.21,1.0,32.49,2.28,141.0,12.71,False
2131,7.71,59.66,1.72,-0.18,1.0,31.59,2.31,137.2,12.35,False
2132,7.97,63.33,1.77,-0.23,1.0,32.95,2.27,142.95,12.9,False
2133,5.95,34.99,1.42,0.12,1.0,22.47,2.62,98.55,8.65,False
2134,6.86,47.79,1.58,-0.04,1.0,27.2,2.46,118.61,10.57,False
2135,7.94,62.97,1.76,-0.22,1.0,32.82,2.27,142.38,12.84,False
2136,6.83,47.34,1.57,-0.03,1.0,27.04,2.47,117.9,10.5,False
2137,7.77,60.51,1.73,-0.19,1.0,31.91,2.3,138.53,12.48,False
2138,7.47,56.26,1.68,-0.14,1.0,30.34,2.36,131.88,11.84,False
2139,7.33,54.28,1.66,-0.11,1.0,29.6,2.38,128.77,11.54,False
2140,6.11,37.24,1.45,0.09,1.0,23.3,2.59,102.07,8.99,False
2141,7.53,57.14,1.69,-0.15,1.0,30.66,2.34,133.25,11.97,False
2142,6.04,36.16,1.43,0.11,1.0,22.9,2.6,100.38,8.82,False
2143,8.0,63.83,1.78,-0.23,1.0,33.14,2.26,143.73,12.97,False
2144,7.59,57.96,1.7,-0.16,1.0,30.96,2.33,134.53,12.09,False
2145,6.37,40.89,1.49,0.05,1.0,24.65,2.54,107.8,9.53,False
2146,6.89,48.15,1.58,-0.04,1.0,27.34,2.46,119.17,10.62,False
2147,5.9,34.3,1.41,0.13,1.0,22.21,2.63,97.47,8.55,False
2148,7.52,57.07,1.69,-0.15,1.0,30.64,2.35,133.15,11.96,False
2149,6.21,38.63,1.46,0.08,1.0,23.81,2.57,104.25,9.19,False
2150,6.77,46.52,1.56,-0.02,1.0,26.73,2.48,116.61,10.38,False
2151,7.72,59.77,1.73,-0.18,1.0,31.64,2.31,137.38,12.37,False
2152,7.81,61.15,1.74,-0.2,1.0,32.15,2.29,139.54,12.57,False
2153,7.87,61.91,1.75,-0.21,1.0,32.43,2.29,140.73,12.69,False
2154,7.04,50.32,1.61,-0.07,1.0,28.14,2.43,122.56,10.95,False
2155,6.2,38.4,1.46,0.08,1.0,23.73,2.58,103.89,9.16,False
2156,6.05,36.33,1.44,0.1,1.0,22.96,2.6,100.66,8.85,False
2157,7.59,57.99,1.7,-0.16,1.0,30.98,2.33,134.58,12.1,False
2158,6.88,48.05,1.58,-0.04,1.0,27.3,2.46,119.01,10.61,False
2159,7.33,54.3,1.66,-0.11,1.0,29.61,2.38,128.8,11.54,False
2160,7.28,53.61,1.65,-0.11,1.0,29.35,2.39,127.72,11.44,False
2161,7.9,62.42,1.76,-0.21,1.0,32.62,2.28,141.53,12.76,False
2162,7.18,52.2,1.63,-0.09,1.0,28.83,2.41,125.51,11.23,False
2163,6.22,38.75,1.47,0.08,1.0,23.86,2.57,104.45,9.21,False
2164,6.27,39.41,1.47,0.07,1.0,24.1,2.56,105.47,9.31,False
2165,5.89,34.12,1.41,0.13,1.0,22.14,2.63,97.18,8.52,False
2166,6.9,48.33,1.58,-0.04,1.0,27.4,2.45,119.46,10.65,False
2167,6.98,49.36,1.6,-0.05,1.0,27.78,2.44,121.07,10.8,False
2168,7.25,53.26,1.64,-0.1,1.0,29.22,2.39,127.17,11.39,False
2169,7.73,59.94,1.73,-0.18,1.0,31.7,2.31,137.64,12.39,False
2170,7.92,62.66,1.76,-0.22,1.0,32.71,2.28,141.91,12.8,False
2171,6.22,38.76,1.47,0.08,1.0,23.86,2.57,104.46,9.21,False
2172,6.34,40.41,1.49,0.05,1.0,24.47,2.55,107.05,9.46,False
2173,6.74,46.01,1.56,-0.01,1.0,26.54,2.48,115.81,10.3,False
2174,6.64,44.62,1.54,0.0,1.0,26.03,2.5,113.64,10.09,False
2175,6.37,40.9,1.49,0.05,1.0,24.65,2.54,107.81,9.54,False
2176,7.38,55.06,1.67,-0.12,1.0,29.89,2.37,129.99,11.66,False
2177,7.84,61.53,1.75,-0.2,1.0,32.29,2.29,140.13,12.63,False
2178,6.6,44.11,1.53,0.01,1.0,25.84,2.51,112.83,10.02,False
2179,7.87,61.88,1.75,-0.21,1.0,32.42,2.29,140.69,12.68,False
2180,7.07,50.75,1.61,-0.07,1.0,28.3,2.42,123.25,11.01,False
2181,7.56,57.54,1.7,-0.15,1.0,30.81,2.34,133.88,12.03,False
2182,7.01,49.89,1.6,-0.06,1.0,27.98,2.43,121.9,10.88,False
2183,6.2,38.42,1.46,0.08,1.0,23.73,2.58,103.92,9.16,False
2184,6.69,45.41,1.55,-0.01,1.0,26.32,2.49,114.88,10.21,False
2185,7.76,60.41,1.73,-0.19,1.0,31.87,2.3,138.38,12.46,False
2186,6.2,38.41,1.46,0.08,1.0,23.73,2.58,103.91,9.16,False
2187,6.29,39.66,1.48,0.06,1.0,24.2,2.56,105.87,9.35,False
2188,7.38,55.01,1.67,-0.12,1.0,29.87,2.37,129.91,11.65,False
2189,7.28,53.69,1.65,-0.11,1.0,29.39,2.39,127.85,11.45,False
2190,7.48,56.4,1.68,-0.14,1.0,30.39,2.35,132.1,11.86,False
2191,7.72,59.88,1.73,-0.18,1.0,31.68,2.31,137.55,12.38,False
2192,7.0,49.73,1.6,-0.06,1.0,27.92,2.44,121.64,10.86,False
2193,7.77,60.51,1.73,-0.19,1.0,31.91,2.3,138.54,12.48,False
2194,6.02,35.99,1.43,0.11,1.0,22.84,2.61,100.12,8.8,False
2195,6.85,47.6,1.57,-0.03,1.0,27.13,2.46,118.31,10.54,False
2196,6.54,43.3,1.52,0.02,1.0,25.54,2.52,111.57,9.9,False
2197,7.68,59.23,1.72,-0.17,1.0,31.43,2.32,136.52,12.28,False
2198,6.85,47.54,1.57,-0.03,1.0,27.11,2.46,118.21,10.53,False
2199,6.75,46.2,1.56,-0.02,1.0,26.62,2.48,116.12,10.33,False
2200,7.68,59.33,1.72,-0.18,1.0,31.47,2.32,136.69,12.3,False
2201,7.05,50.36,1.61,-0.07,1.0,28.15,2.43,122.63,10.95,False
2202,7.52,57.07,1.69,-0.15,1.0,30.63,2.35,133.14,11.96,False
