,nuc,aexp,nd,ns,age,la,ld,target
0,369.5,105.0,2.0,2.0,33.5,12.0,0.0,1
1,449.5,144.0,2.0,2.0,1.0,14.0,4.0,1
2,476.0,94.0,2.0,2.0,3.0,7.0,0.0,1
3,483.5,132.0,2.0,2.0,0.5,5.0,1.0,1
4,436.5,46.0,2.0,2.0,8.0,12.0,2.0,1
5,467.0,166.0,2.0,2.0,3.5,11.0,0.0,1
6,468.5,152.0,2.0,2.0,13.0,5.0,47.0,1
7,509.5,61.0,2.0,2.0,3.5,3.0,1.0,1
8,366.67,155.0,2.0,2.0,23.67,67.0,14.0,1
9,348.33,178.0,3.0,2.0,26.33,3.0,8.0,1
10,320.33,64.0,3.0,2.0,28.0,10.0,1.0,1
11,476.5,67.0,2.0,2.0,0.0,5.0,1.0,1
12,481.5,51.0,2.0,2.0,1.5,7.0,12.0,1
13,356.0,53.0,2.0,2.0,32.0,21.0,2.0,1
14,493.5,161.0,2.0,2.0,8.0,381.0,113.0,1
15,483.5,163.0,2.0,2.0,0.0,136.0,57.0,1
16,491.5,166.0,2.0,2.0,23.0,23.0,20.0,1
17,494.0,59.0,2.0,2.0,5.5,4.0,1.0,1
18,501.0,26.0,2.0,2.0,21.0,4.0,1.0,1
19,427.25,43.0,3.0,2.0,14.25,115.0,2.0,1
20,329.25,51.0,3.0,2.0,36.25,8.0,5.0,1
21,516.67,56.0,2.0,2.0,27.67,124.0,22.0,1
22,411.25,103.0,3.0,2.0,18.0,28.0,5.0,1
23,449.75,134.0,4.0,2.0,69.75,42.0,3.0,1
24,457.0,85.0,3.0,2.0,34.25,83.0,25.0,1
25,495.75,114.0,3.0,2.0,4.25,234.0,13.0,1
26,421.6,99.0,4.0,2.0,67.4,32.0,11.0,1
27,536.0,0.0,4.0,2.0,28.5,16.0,5.0,1
28,455.8,179.0,3.0,2.0,14.4,64.0,264.0,1
29,594.0,215.0,4.0,2.0,8.75,25.0,15.0,1
30,782.33,37.0,2.0,2.0,5.67,15.0,4.0,1
31,489.0,119.0,4.0,2.0,51.6,27.0,5.0,1
32,494.6,107.0,5.0,2.0,35.6,79.0,259.0,1
33,501.4,67.0,4.0,2.0,67.4,24.0,3.0,1
34,407.2,107.0,4.0,2.0,14.0,361.0,33.0,1
35,358.38,108.0,4.0,2.0,41.75,148.0,13.0,1
36,549.86,20.0,4.0,2.0,54.14,88.0,2.0,1
37,439.44,129.0,5.0,2.0,59.89,30.0,8.0,1
38,490.29,164.0,4.0,2.0,45.14,126.0,24.0,1
39,481.44,78.0,5.0,2.0,34.0,122.0,2.0,1
40,394.66,92.48,3.0,2.0,21.69,23.95,5.0,1
41,351.85,65.33,3.0,2.0,31.22,13.51,5.0,1
42,410.35,102.43,3.0,2.0,18.2,27.78,5.0,1
43,374.1,79.44,3.0,2.0,26.27,18.94,5.0,1
44,357.3,68.79,3.0,2.0,30.01,14.84,5.0,1
45,368.86,76.12,3.0,2.0,27.43,17.66,5.0,1
46,364.94,73.63,3.0,2.0,28.31,16.7,5.0,1
47,358.48,69.53,3.0,2.0,29.75,15.13,5.0,1
48,341.66,58.87,3.0,2.0,33.49,11.03,5.0,1
49,367.66,75.36,3.0,2.0,27.7,17.37,5.0,1
50,363.43,72.68,3.0,2.0,28.64,16.34,5.0,1
51,409.96,102.18,3.0,2.0,18.29,27.69,5.0,1
52,361.18,71.25,3.0,2.0,29.14,15.79,5.0,1
53,366.92,74.89,3.0,2.0,27.87,17.19,5.0,1
54,402.86,97.68,3.0,2.0,19.87,25.95,5.0,1
55,364.41,73.3,3.0,2.0,28.42,16.58,5.0,1
56,401.95,97.1,3.0,2.0,20.07,25.73,5.0,1
57,401.06,96.54,3.0,2.0,20.27,25.51,5.0,1
58,393.27,91.6,3.0,2.0,22.0,23.62,5.0,1
59,371.33,77.68,3.0,2.0,26.88,18.26,5.0,1
60,377.85,81.82,3.0,2.0,25.43,19.85,5.0,1
61,352.86,65.97,3.0,2.0,31.0,13.76,5.0,1
62,394.79,92.56,3.0,2.0,21.66,23.99,5.0,1
63,338.91,57.13,3.0,2.0,34.1,10.36,5.0,1
64,338.7,56.99,3.0,2.0,34.15,10.31,5.0,1
65,406.33,99.88,3.0,2.0,19.09,26.8,5.0,1
66,399.89,95.79,3.0,2.0,20.53,25.23,5.0,1
67,375.36,80.24,3.0,2.0,25.99,19.25,5.0,1
68,346.38,61.86,3.0,2.0,32.44,12.18,5.0,1
69,339.1,57.25,3.0,2.0,34.06,10.4,5.0,1
70,344.21,60.48,3.0,2.0,32.92,11.65,5.0,1
71,348.47,63.19,3.0,2.0,31.97,12.69,5.0,1
72,339.57,57.55,3.0,2.0,33.95,10.52,5.0,1
73,386.77,87.48,3.0,2.0,23.45,22.03,5.0,1
74,391.52,90.49,3.0,2.0,22.39,23.19,5.0,1
75,373.96,79.35,3.0,2.0,26.3,18.9,5.0,1
76,350.1,64.22,3.0,2.0,31.61,13.09,5.0,1
77,343.47,60.02,3.0,2.0,33.09,11.47,5.0,1
78,346.85,62.16,3.0,2.0,32.33,12.29,5.0,1
79,371.56,77.83,3.0,2.0,26.83,18.32,5.0,1
80,382.86,85.0,3.0,2.0,24.32,21.08,5.0,1
81,410.69,102.64,3.0,2.0,18.12,27.86,5.0,1
82,400.9,96.44,3.0,2.0,20.3,25.48,5.0,1
83,338.11,56.62,3.0,2.0,34.28,10.16,5.0,1
84,401.71,96.95,3.0,2.0,20.12,25.67,5.0,1
85,372.79,78.61,3.0,2.0,26.56,18.62,5.0,1
86,390.12,89.6,3.0,2.0,22.7,22.85,5.0,1
87,363.79,72.9,3.0,2.0,28.56,16.42,5.0,1
88,405.7,99.48,3.0,2.0,19.24,26.65,5.0,1
89,347.85,62.79,3.0,2.0,32.11,12.54,5.0,1
90,365.06,73.71,3.0,2.0,28.28,16.73,5.0,1
91,374.9,79.95,3.0,2.0,26.09,19.13,5.0,1
92,406.53,100.01,3.0,2.0,19.05,26.85,5.0,1
93,389.9,89.46,3.0,2.0,22.75,22.79,5.0,1
94,366.41,74.56,3.0,2.0,27.98,17.06,5.0,1
95,340.88,58.37,3.0,2.0,33.66,10.84,5.0,1
96,358.12,69.31,3.0,2.0,29.82,15.04,5.0,1
97,389.57,89.25,3.0,2.0,22.82,22.71,5.0,1
98,330.28,51.65,3.0,2.0,36.02,8.25,5.0,1
99,338.06,56.59,3.0,2.0,34.29,10.15,5.0,1
100,391.34,90.37,3.0,2.0,22.43,23.14,5.0,1
101,330.59,51.85,3.0,2.0,35.95,8.33,5.0,1
102,335.97,55.26,3.0,2.0,34.75,9.64,5.0,1
103,389.7,89.34,3.0,2.0,22.8,22.74,5.0,1
104,350.53,64.5,3.0,2.0,31.51,13.19,5.0,1
105,342.83,59.61,3.0,2.0,33.23,11.31,5.0,1
106,406.33,99.88,3.0,2.0,19.09,26.8,5.0,1
107,335.2,54.77,3.0,2.0,34.93,9.45,5.0,1
108,402.66,97.56,3.0,2.0,19.91,25.91,5.0,1
109,386.07,87.03,3.0,2.0,23.6,21.86,5.0,1
110,374.78,79.87,3.0,2.0,26.12,19.1,5.0,1
111,389.85,89.43,3.0,2.0,22.76,22.78,5.0,1
112,410.17,102.32,3.0,2.0,18.24,27.74,5.0,1
113,404.79,98.9,3.0,2.0,19.44,26.42,5.0,1
114,400.73,96.33,3.0,2.0,20.34,25.43,5.0,1
115,346.16,61.73,3.0,2.0,32.49,12.13,5.0,1
116,392.39,91.04,3.0,2.0,22.2,23.4,5.0,1
117,365.89,74.23,3.0,2.0,28.1,16.94,5.0,1
118,408.83,101.46,3.0,2.0,18.54,27.41,5.0,1
119,409.18,101.69,3.0,2.0,18.46,27.5,5.0,1
120,387.6,88.0,3.0,2.0,23.26,22.23,5.0,1
121,395.84,93.23,3.0,2.0,21.43,24.24,5.0,1
122,350.89,64.72,3.0,2.0,31.43,13.28,5.0,1
123,359.08,69.92,3.0,2.0,29.61,15.28,5.0,1
124,389.89,89.45,3.0,2.0,22.75,22.79,5.0,1
125,385.11,86.42,3.0,2.0,23.82,21.62,5.0,1
126,342.31,59.28,3.0,2.0,33.34,11.19,5.0,1
127,381.18,83.93,3.0,2.0,24.69,20.67,5.0,1
128,400.83,96.39,3.0,2.0,20.32,25.46,5.0,1
129,375.96,80.62,3.0,2.0,25.85,19.39,5.0,1
130,396.94,93.92,3.0,2.0,21.19,24.51,5.0,1
131,368.09,75.63,3.0,2.0,27.61,17.47,5.0,1
132,407.56,100.66,3.0,2.0,18.82,27.1,5.0,1
133,400.41,96.13,3.0,2.0,20.41,25.36,5.0,1
134,365.55,74.02,3.0,2.0,28.17,16.85,5.0,1
135,399.52,95.56,3.0,2.0,20.61,25.14,5.0,1
136,411.18,102.96,3.0,2.0,18.02,27.98,5.0,1
137,333.24,53.53,3.0,2.0,35.36,8.97,5.0,1
138,401.48,96.8,3.0,2.0,20.17,25.62,5.0,1
139,396.77,93.82,3.0,2.0,21.22,24.47,5.0,1
140,398.25,94.75,3.0,2.0,20.89,24.83,5.0,1
141,381.55,84.17,3.0,2.0,24.61,20.76,5.0,1
142,337.23,56.06,3.0,2.0,34.47,9.95,5.0,1
143,388.57,88.62,3.0,2.0,23.05,22.47,5.0,1
144,336.77,55.77,3.0,2.0,34.58,9.83,5.0,1
145,383.39,85.33,3.0,2.0,24.2,21.2,5.0,1
146,352.45,65.72,3.0,2.0,31.09,13.66,5.0,1
147,347.77,62.74,3.0,2.0,32.13,12.52,5.0,1
148,377.25,81.44,3.0,2.0,25.57,19.71,5.0,1
149,402.39,97.38,3.0,2.0,19.97,25.84,5.0,1
150,394.27,92.23,3.0,2.0,21.78,23.86,5.0,1
151,369.47,76.51,3.0,2.0,27.3,17.81,5.0,1
152,387.02,87.64,3.0,2.0,23.39,22.09,5.0,1
153,401.73,96.96,3.0,2.0,20.12,25.68,5.0,1
154,398.91,95.17,3.0,2.0,20.75,24.99,5.0,1
155,347.92,62.84,3.0,2.0,32.1,12.55,5.0,1
156,339.92,57.77,3.0,2.0,33.87,10.6,5.0,1
157,356.23,68.11,3.0,2.0,30.25,14.58,5.0,1
158,339.08,57.24,3.0,2.0,34.06,10.4,5.0,1
159,393.44,91.71,3.0,2.0,21.96,23.66,5.0,1
160,382.03,84.47,3.0,2.0,24.5,20.87,5.0,1
161,380.44,83.46,3.0,2.0,24.86,20.49,5.0,1
162,355.36,67.56,3.0,2.0,30.44,14.37,5.0,1
163,398.54,94.94,3.0,2.0,20.83,24.9,5.0,1
164,376.65,81.06,3.0,2.0,25.7,19.56,5.0,1
165,383.11,85.15,3.0,2.0,24.26,21.14,5.0,1
166,355.6,67.71,3.0,2.0,30.39,14.43,5.0,1
167,388.51,88.58,3.0,2.0,23.06,22.45,5.0,1
168,387.47,87.92,3.0,2.0,23.29,22.2,5.0,1
169,389.88,89.45,3.0,2.0,22.76,22.79,5.0,1
170,372.91,78.69,3.0,2.0,26.53,18.65,5.0,1
171,377.54,81.62,3.0,2.0,25.5,19.78,5.0,1
172,379.38,82.79,3.0,2.0,25.09,20.23,5.0,1
173,365.66,74.09,3.0,2.0,28.15,16.88,5.0,1
174,384.02,85.73,3.0,2.0,24.06,21.36,5.0,1
175,387.16,87.72,3.0,2.0,23.36,22.12,5.0,1
176,341.46,58.75,3.0,2.0,33.53,10.98,5.0,1
177,335.11,54.72,3.0,2.0,34.94,9.43,5.0,1
178,408.53,101.27,3.0,2.0,18.61,27.34,5.0,1
179,405.08,99.09,3.0,2.0,19.37,26.5,5.0,1
180,338.99,57.17,3.0,2.0,34.08,10.37,5.0,1
181,362.21,71.9,3.0,2.0,28.91,16.04,5.0,1
182,348.53,63.22,3.0,2.0,31.96,12.7,5.0,1
183,383.14,85.17,3.0,2.0,24.26,21.14,5.0,1
184,400.09,95.93,3.0,2.0,20.48,25.28,5.0,1
185,332.69,53.18,3.0,2.0,35.48,8.84,5.0,1
186,387.29,87.8,3.0,2.0,23.33,22.16,5.0,1
187,382.38,84.69,3.0,2.0,24.42,20.96,5.0,1
188,343.0,59.72,3.0,2.0,33.19,11.35,5.0,1
189,361.59,71.51,3.0,2.0,29.05,15.89,5.0,1
190,403.05,97.8,3.0,2.0,19.82,26.0,5.0,1
191,349.1,63.59,3.0,2.0,31.83,12.84,5.0,1
192,393.71,91.88,3.0,2.0,21.9,23.72,5.0,1
193,352.59,65.8,3.0,2.0,31.06,13.69,5.0,1
194,368.61,75.96,3.0,2.0,27.49,17.6,5.0,1
195,380.06,83.22,3.0,2.0,24.94,20.39,5.0,1
196,359.23,70.01,3.0,2.0,29.58,15.31,5.0,1
197,335.88,55.2,3.0,2.0,34.78,9.62,5.0,1
198,367.78,75.43,3.0,2.0,27.67,17.4,5.0,1
199,401.79,97.0,3.0,2.0,20.1,25.69,5.0,1
200,363.0,72.4,3.0,2.0,28.74,16.23,5.0,1
201,404.14,98.49,3.0,2.0,19.58,26.27,5.0,1
202,333.51,53.7,3.0,2.0,35.3,9.04,5.0,1
203,331.19,52.23,3.0,2.0,35.82,8.47,5.0,1
204,349.71,63.98,3.0,2.0,31.7,12.99,5.0,1
205,401.67,96.93,3.0,2.0,20.13,25.66,5.0,1
206,385.88,86.91,3.0,2.0,23.65,21.81,5.0,1
207,356.94,68.56,3.0,2.0,30.09,14.75,5.0,1
208,340.08,57.87,3.0,2.0,33.84,10.64,5.0,1
209,339.18,57.3,3.0,2.0,34.04,10.42,5.0,1
210,337.43,56.19,3.0,2.0,34.43,9.99,5.0,1
211,332.69,53.18,3.0,2.0,35.48,8.84,5.0,1
212,377.75,81.76,3.0,2.0,25.46,19.83,5.0,1
213,357.35,68.82,3.0,2.0,30.0,14.85,5.0,1
214,362.53,72.1,3.0,2.0,28.84,16.12,5.0,1
215,331.61,52.5,3.0,2.0,35.72,8.58,5.0,1
216,356.93,68.55,3.0,2.0,30.09,14.75,5.0,1
217,399.81,95.74,3.0,2.0,20.55,25.21,5.0,1
218,345.01,61.0,3.0,2.0,32.74,11.84,5.0,1
219,390.83,90.05,3.0,2.0,22.55,23.02,5.0,1
220,344.54,60.69,3.0,2.0,32.85,11.73,5.0,1
221,344.78,60.85,3.0,2.0,32.79,11.79,5.0,1
222,366.96,74.92,3.0,2.0,27.86,17.2,5.0,1
223,343.51,60.04,3.0,2.0,33.08,11.48,5.0,1
224,344.26,60.52,3.0,2.0,32.91,11.66,5.0,1
225,387.7,88.07,3.0,2.0,23.24,22.26,5.0,1
226,346.1,61.68,3.0,2.0,32.5,12.11,5.0,1
227,342.37,59.32,3.0,2.0,33.33,11.2,5.0,1
228,384.13,85.8,3.0,2.0,24.04,21.39,5.0,1
229,393.58,91.8,3.0,2.0,21.93,23.69,5.0,1
230,387.68,88.05,3.0,2.0,23.25,22.25,5.0,1
231,374.31,79.57,3.0,2.0,26.22,18.99,5.0,1
232,363.95,73.01,3.0,2.0,28.53,16.46,5.0,1
233,343.78,60.21,3.0,2.0,33.02,11.54,5.0,1
234,338.26,56.72,3.0,2.0,34.24,10.2,5.0,1
235,368.59,75.95,3.0,2.0,27.5,17.59,5.0,1
236,371.37,77.71,3.0,2.0,26.87,18.27,5.0,1
237,349.09,63.58,3.0,2.0,31.83,12.84,5.0,1
238,399.08,95.29,3.0,2.0,20.71,25.03,5.0,1
239,358.19,69.35,3.0,2.0,29.81,15.06,5.0,1
240,334.31,54.21,3.0,2.0,35.12,9.23,5.0,1
241,330.84,52.01,3.0,2.0,35.9,8.39,5.0,1
242,340.67,58.24,3.0,2.0,33.71,10.78,5.0,1
243,366.26,74.47,3.0,2.0,28.01,17.03,5.0,1
244,360.74,70.97,3.0,2.0,29.24,15.68,5.0,1
245,367.98,75.56,3.0,2.0,27.63,17.45,5.0,1
246,332.6,53.13,3.0,2.0,35.5,8.82,5.0,1
247,388.0,88.26,3.0,2.0,23.17,22.33,5.0,1
248,385.62,86.75,3.0,2.0,23.7,21.75,5.0,1
249,405.8,99.55,3.0,2.0,19.21,26.67,5.0,1
250,353.71,66.51,3.0,2.0,30.81,13.97,5.0,1
251,354.95,67.3,3.0,2.0,30.53,14.27,5.0,1
252,405.23,99.19,3.0,2.0,19.34,26.53,5.0,1
253,341.16,58.56,3.0,2.0,33.6,10.91,5.0,1
254,351.62,65.18,3.0,2.0,31.27,13.46,5.0,1
255,369.99,76.83,3.0,2.0,27.18,17.94,5.0,1
256,363.88,72.96,3.0,2.0,28.54,16.45,5.0,1
257,383.49,85.39,3.0,2.0,24.18,21.23,5.0,1
258,382.0,84.45,3.0,2.0,24.51,20.86,5.0,1
259,337.16,56.02,3.0,2.0,34.49,9.93,5.0,1
260,381.37,84.05,3.0,2.0,24.65,20.71,5.0,1
261,337.74,56.38,3.0,2.0,34.36,10.07,5.0,1
262,357.78,69.09,3.0,2.0,29.9,14.96,5.0,1
263,388.69,88.69,3.0,2.0,23.02,22.5,5.0,1
264,364.97,73.65,3.0,2.0,28.3,16.71,5.0,1
265,407.55,100.65,3.0,2.0,18.82,27.1,5.0,1
266,353.45,66.35,3.0,2.0,30.86,13.9,5.0,1
267,363.59,72.78,3.0,2.0,28.61,16.38,5.0,1
268,350.44,64.44,3.0,2.0,31.53,13.17,5.0,1
269,388.8,88.76,3.0,2.0,23.0,22.52,5.0,1
270,341.6,58.83,3.0,2.0,33.5,11.01,5.0,1
271,344.27,60.53,3.0,2.0,32.91,11.66,5.0,1
272,342.12,59.16,3.0,2.0,33.39,11.14,5.0,1
273,374.59,79.75,3.0,2.0,26.16,19.06,5.0,1
274,368.71,76.03,3.0,2.0,27.47,17.63,5.0,1
275,406.37,99.91,3.0,2.0,19.09,26.81,5.0,1
276,348.4,63.15,3.0,2.0,31.99,12.67,5.0,1
277,340.52,58.14,3.0,2.0,33.74,10.75,5.0,1
278,343.53,60.06,3.0,2.0,33.07,11.48,5.0,1
279,350.07,64.2,3.0,2.0,31.62,13.08,5.0,1
280,342.87,59.64,3.0,2.0,33.22,11.32,5.0,1
281,406.99,100.3,3.0,2.0,18.95,26.96,5.0,1
282,371.96,78.09,3.0,2.0,26.74,18.42,5.0,1
283,338.21,56.68,3.0,2.0,34.26,10.18,5.0,1
284,380.24,83.34,3.0,2.0,24.9,20.44,5.0,1
285,348.15,62.99,3.0,2.0,32.04,12.61,5.0,1
286,392.62,91.19,3.0,2.0,22.15,23.46,5.0,1
287,360.12,70.58,3.0,2.0,29.38,15.53,5.0,1
288,382.54,84.79,3.0,2.0,24.39,21.0,5.0,1
289,336.51,55.61,3.0,2.0,34.63,9.77,5.0,1
290,338.88,57.11,3.0,2.0,34.11,10.35,5.0,1
291,347.46,62.55,3.0,2.0,32.2,12.44,5.0,1
292,382.46,84.75,3.0,2.0,24.41,20.98,5.0,1
293,347.76,62.74,3.0,2.0,32.13,12.52,5.0,1
294,397.23,94.11,3.0,2.0,21.12,24.58,5.0,1
295,388.21,88.39,3.0,2.0,23.13,22.38,5.0,1
296,404.22,98.54,3.0,2.0,19.56,26.29,5.0,1
297,381.1,83.88,3.0,2.0,24.71,20.65,5.0,1
298,352.23,65.58,3.0,2.0,31.13,13.61,5.0,1
299,378.15,82.01,3.0,2.0,25.37,19.93,5.0,1
300,346.8,62.13,3.0,2.0,32.34,12.28,5.0,1
301,347.14,62.35,3.0,2.0,32.27,12.36,5.0,1
302,375.33,80.22,3.0,2.0,25.99,19.24,5.0,1
303,353.83,66.58,3.0,2.0,30.78,13.99,5.0,1
304,402.26,97.3,3.0,2.0,20.0,25.81,5.0,1
305,381.58,84.18,3.0,2.0,24.6,20.76,5.0,1
306,342.55,59.44,3.0,2.0,33.29,11.24,5.0,1
307,371.25,77.63,3.0,2.0,26.9,18.24,5.0,1
308,372.77,78.6,3.0,2.0,26.56,18.61,5.0,1
309,376.34,80.86,3.0,2.0,25.77,19.49,5.0,1
310,367.71,75.39,3.0,2.0,27.69,17.38,5.0,1
311,383.9,85.66,3.0,2.0,24.09,21.33,5.0,1
312,383.85,85.62,3.0,2.0,24.1,21.32,5.0,1
313,347.99,62.88,3.0,2.0,32.08,12.57,5.0,1
314,381.44,84.09,3.0,2.0,24.64,20.73,5.0,1
315,366.84,74.84,3.0,2.0,27.88,17.17,5.0,1
316,393.92,92.01,3.0,2.0,21.86,23.77,5.0,1
317,363.74,72.87,3.0,2.0,28.57,16.41,5.0,1
318,351.84,65.32,3.0,2.0,31.22,13.51,5.0,1
319,364.1,73.1,3.0,2.0,28.49,16.5,5.0,1
320,389.04,88.92,3.0,2.0,22.94,22.58,5.0,1
321,332.91,53.32,3.0,2.0,35.44,8.89,5.0,1
322,337.13,56.0,3.0,2.0,34.5,9.92,5.0,1
323,375.66,80.43,3.0,2.0,25.92,19.32,5.0,1
324,389.76,89.37,3.0,2.0,22.78,22.76,5.0,1
325,359.61,70.25,3.0,2.0,29.49,15.4,5.0,1
326,402.15,97.23,3.0,2.0,20.03,25.78,5.0,1
327,334.55,54.36,3.0,2.0,35.07,9.29,5.0,1
328,345.69,61.43,3.0,2.0,32.59,12.01,5.0,1
329,383.37,85.32,3.0,2.0,24.2,21.2,5.0,1
330,355.14,67.42,3.0,2.0,30.49,14.32,5.0,1
331,335.94,55.24,3.0,2.0,34.76,9.63,5.0,1
332,355.63,67.73,3.0,2.0,30.38,14.43,5.0,1
333,365.64,74.08,3.0,2.0,28.15,16.88,5.0,1
334,401.34,96.71,3.0,2.0,20.21,25.58,5.0,1
335,403.1,97.83,3.0,2.0,19.81,26.01,5.0,1
336,382.34,84.66,3.0,2.0,24.44,20.95,5.0,1
337,359.4,70.12,3.0,2.0,29.54,15.35,5.0,1
338,366.41,74.56,3.0,2.0,27.98,17.06,5.0,1
339,398.54,94.94,3.0,2.0,20.83,24.9,5.0,1
340,392.31,90.99,3.0,2.0,22.22,23.38,5.0,1
341,340.86,58.36,3.0,2.0,33.67,10.83,5.0,1
342,390.86,90.07,3.0,2.0,22.54,23.03,5.0,1
343,397.77,94.45,3.0,2.0,21.0,24.71,5.0,1
344,340.34,58.03,3.0,2.0,33.78,10.7,5.0,1
345,341.59,58.83,3.0,2.0,33.5,11.01,5.0,1
346,339.01,57.19,3.0,2.0,34.08,10.38,5.0,1
347,355.15,67.42,3.0,2.0,30.49,14.32,5.0,1
348,339.57,57.55,3.0,2.0,33.95,10.52,5.0,1
349,408.39,101.18,3.0,2.0,18.64,27.3,5.0,1
350,377.55,81.63,3.0,2.0,25.5,19.78,5.0,1
351,357.92,69.18,3.0,2.0,29.87,14.99,5.0,1
352,331.3,52.3,3.0,2.0,35.79,8.5,5.0,1
353,391.3,90.35,3.0,2.0,22.44,23.13,5.0,1
354,372.61,78.5,3.0,2.0,26.6,18.58,5.0,1
355,371.7,77.92,3.0,2.0,26.8,18.35,5.0,1
356,398.21,94.73,3.0,2.0,20.9,24.82,5.0,1
357,391.14,90.25,3.0,2.0,22.47,23.1,5.0,1
358,401.68,96.93,3.0,2.0,20.13,25.67,5.0,1
359,404.34,98.62,3.0,2.0,19.54,26.31,5.0,1
360,333.46,53.67,3.0,2.0,35.31,9.03,5.0,1
361,362.61,72.15,3.0,2.0,28.83,16.14,5.0,1
362,355.48,67.63,3.0,2.0,30.41,14.4,5.0,1
363,338.84,57.08,3.0,2.0,34.12,10.34,5.0,1
364,341.73,58.92,3.0,2.0,33.47,11.05,5.0,1
365,371.54,77.82,3.0,2.0,26.84,18.31,5.0,1
366,347.43,62.53,3.0,2.0,32.2,12.43,5.0,1
367,360.18,70.62,3.0,2.0,29.37,15.54,5.0,1
368,377.32,81.48,3.0,2.0,25.55,19.72,5.0,1
369,403.19,97.89,3.0,2.0,19.79,26.03,5.0,1
370,334.07,54.06,3.0,2.0,35.18,9.18,5.0,1
371,335.9,55.21,3.0,2.0,34.77,9.62,5.0,1
372,399.34,95.44,3.0,2.0,20.65,25.09,5.0,1
373,370.58,77.21,3.0,2.0,27.05,18.08,5.0,1
374,373.36,78.97,3.0,2.0,26.43,18.76,5.0,1
375,386.76,87.47,3.0,2.0,23.45,22.03,5.0,1
376,397.54,94.31,3.0,2.0,21.05,24.66,5.0,1
377,345.8,61.49,3.0,2.0,32.57,12.04,5.0,1
378,337.85,56.45,3.0,2.0,34.34,10.1,5.0,1
379,397.2,94.09,3.0,2.0,21.13,24.57,5.0,1
380,359.25,70.03,3.0,2.0,29.57,15.32,5.0,1
381,386.9,87.56,3.0,2.0,23.42,22.06,5.0,1
382,349.32,63.73,3.0,2.0,31.78,12.9,5.0,1
383,406.26,99.83,3.0,2.0,19.11,26.78,5.0,1
384,346.48,61.93,3.0,2.0,32.41,12.2,5.0,1
385,402.84,97.66,3.0,2.0,19.87,25.95,5.0,1
386,366.73,74.77,3.0,2.0,27.91,17.14,5.0,1
387,351.62,65.19,3.0,2.0,31.27,13.46,5.0,1
388,344.1,60.42,3.0,2.0,32.95,11.62,5.0,1
389,373.45,79.03,3.0,2.0,26.41,18.78,5.0,1
390,353.9,66.63,3.0,2.0,30.76,14.01,5.0,1
391,394.36,92.29,3.0,2.0,21.76,23.88,5.0,1
392,360.84,71.03,3.0,2.0,29.22,15.71,5.0,1
393,404.89,98.97,3.0,2.0,19.41,26.45,5.0,1
394,382.34,84.67,3.0,2.0,24.43,20.95,5.0,1
395,341.27,58.62,3.0,2.0,33.58,10.93,5.0,1
396,370.52,77.17,3.0,2.0,27.06,18.07,5.0,1
397,342.92,59.67,3.0,2.0,33.21,11.33,5.0,1
398,367.81,75.45,3.0,2.0,27.67,17.4,5.0,1
399,410.61,102.6,3.0,2.0,18.14,27.84,5.0,1
400,329.46,51.13,3.0,2.0,36.2,8.05,5.0,1
401,363.82,72.92,3.0,2.0,28.56,16.43,5.0,1
402,341.52,58.78,3.0,2.0,33.52,10.99,5.0,1
403,348.56,63.25,3.0,2.0,31.95,12.71,5.0,1
404,348.49,63.2,3.0,2.0,31.97,12.69,5.0,1
405,404.49,98.71,3.0,2.0,19.5,26.35,5.0,1
406,389.0,88.89,3.0,2.0,22.95,22.57,5.0,1
407,375.47,80.31,3.0,2.0,25.96,19.27,5.0,1
408,369.13,76.29,3.0,2.0,27.37,17.73,5.0,1
409,390.83,90.05,3.0,2.0,22.54,23.02,5.0,1
410,332.52,53.08,3.0,2.0,35.52,8.8,5.0,1
411,354.66,67.11,3.0,2.0,30.59,14.2,5.0,1
412,371.42,77.74,3.0,2.0,26.86,18.29,5.0,1
413,406.04,99.69,3.0,2.0,19.16,26.73,5.0,1
414,345.49,61.3,3.0,2.0,32.64,11.96,5.0,1
415,374.24,79.53,3.0,2.0,26.24,18.97,5.0,1
416,346.22,61.76,3.0,2.0,32.47,12.14,5.0,1
417,400.21,96.0,3.0,2.0,20.46,25.31,5.0,1
418,363.9,72.97,3.0,2.0,28.54,16.45,5.0,1
419,397.32,94.17,3.0,2.0,21.1,24.6,5.0,1
420,370.67,77.27,3.0,2.0,27.03,18.1,5.0,1
421,404.98,99.02,3.0,2.0,19.4,26.47,5.0,1
422,398.75,95.07,3.0,2.0,20.78,24.95,5.0,1
423,405.06,99.08,3.0,2.0,19.38,26.49,5.0,1
424,331.61,52.5,3.0,2.0,35.73,8.58,5.0,1
425,399.01,95.24,3.0,2.0,20.72,25.02,5.0,1
426,331.59,52.48,3.0,2.0,35.73,8.57,5.0,1
427,376.12,80.72,3.0,2.0,25.82,19.43,5.0,1
428,354.19,66.82,3.0,2.0,30.7,14.08,5.0,1
429,347.36,62.48,3.0,2.0,32.22,12.42,5.0,1
430,350.64,64.57,3.0,2.0,31.49,13.22,5.0,1
431,402.53,97.47,3.0,2.0,19.94,25.87,5.0,1
432,356.44,68.24,3.0,2.0,30.2,14.63,5.0,1
433,353.36,66.29,3.0,2.0,30.89,13.88,5.0,1
434,344.46,60.64,3.0,2.0,32.87,11.71,5.0,1
435,403.68,98.2,3.0,2.0,19.69,26.15,5.0,1
436,411.06,102.88,3.0,2.0,18.04,27.95,5.0,1
437,361.09,71.19,3.0,2.0,29.16,15.77,5.0,1
438,334.35,54.23,3.0,2.0,35.12,9.24,5.0,1
439,380.57,83.55,3.0,2.0,24.83,20.52,5.0,1
440,398.89,95.16,3.0,2.0,20.75,24.99,5.0,1
441,358.22,69.37,3.0,2.0,29.8,15.07,5.0,1
442,340.12,57.89,3.0,2.0,33.83,10.65,5.0,1
443,331.48,52.41,3.0,2.0,35.75,8.54,5.0,1
444,336.31,55.47,3.0,2.0,34.68,9.72,5.0,1
445,410.71,102.66,3.0,2.0,18.12,27.87,5.0,1
446,374.61,79.76,3.0,2.0,26.15,19.06,5.0,1
447,392.35,91.02,3.0,2.0,22.21,23.39,5.0,1
448,334.09,54.07,3.0,2.0,35.17,9.18,5.0,1
449,409.64,101.98,3.0,2.0,18.36,27.61,5.0,1
450,339.56,57.54,3.0,2.0,33.96,10.51,5.0,1
451,360.14,70.59,3.0,2.0,29.38,15.53,5.0,1
452,402.22,97.27,3.0,2.0,20.01,25.8,5.0,1
453,354.18,66.81,3.0,2.0,30.7,14.08,5.0,1
454,366.55,74.66,3.0,2.0,27.95,17.1,5.0,1
455,343.55,60.07,3.0,2.0,33.07,11.49,5.0,1
456,366.27,74.48,3.0,2.0,28.01,17.03,5.0,1
457,396.46,93.62,3.0,2.0,21.29,24.39,5.0,1
458,339.02,57.2,3.0,2.0,34.08,10.38,5.0,1
459,344.88,60.91,3.0,2.0,32.77,11.81,5.0,1
460,356.48,68.26,3.0,2.0,30.19,14.64,5.0,1
461,344.92,60.94,3.0,2.0,32.76,11.82,5.0,1
462,383.54,85.43,3.0,2.0,24.17,21.24,5.0,1
463,400.04,95.89,3.0,2.0,20.49,25.27,5.0,1
464,331.93,52.7,3.0,2.0,35.65,8.65,5.0,1
465,355.02,67.34,3.0,2.0,30.51,14.29,5.0,1
466,366.91,74.88,3.0,2.0,27.87,17.19,5.0,1
467,376.22,80.79,3.0,2.0,25.8,19.46,5.0,1
468,409.45,101.86,3.0,2.0,18.4,27.56,5.0,1
469,399.9,95.8,3.0,2.0,20.53,25.23,5.0,1
470,402.12,97.21,3.0,2.0,20.03,25.77,5.0,1
471,410.83,102.73,3.0,2.0,18.09,27.9,5.0,1
472,348.97,63.51,3.0,2.0,31.86,12.81,5.0,1
473,330.67,51.9,3.0,2.0,35.93,8.35,5.0,1
474,358.38,69.48,3.0,2.0,29.77,15.11,5.0,1
475,333.89,53.94,3.0,2.0,35.22,9.13,5.0,1
476,391.85,90.7,3.0,2.0,22.32,23.27,5.0,1
477,384.03,85.74,3.0,2.0,24.06,21.36,5.0,1
478,345.28,61.17,3.0,2.0,32.68,11.91,5.0,1
479,404.14,98.49,3.0,2.0,19.58,26.27,5.0,1
480,362.42,72.03,3.0,2.0,28.87,16.09,5.0,1
481,353.16,66.16,3.0,2.0,30.93,13.83,5.0,1
482,404.73,98.86,3.0,2.0,19.45,26.41,5.0,1
483,380.43,83.45,3.0,2.0,24.86,20.48,5.0,1
484,393.06,91.46,3.0,2.0,22.05,23.56,5.0,1
485,352.88,65.98,3.0,2.0,30.99,13.76,5.0,1
486,406.15,99.77,3.0,2.0,19.13,26.76,5.0,1
487,353.72,66.52,3.0,2.0,30.8,13.97,5.0,1
488,373.41,79.01,3.0,2.0,26.42,18.77,5.0,1
489,408.13,101.02,3.0,2.0,18.69,27.24,5.0,1
490,335.58,55.01,3.0,2.0,34.84,9.54,5.0,1
491,391.63,90.56,3.0,2.0,22.37,23.21,5.0,1
492,352.7,65.87,3.0,2.0,31.03,13.72,5.0,1
493,334.74,54.48,3.0,2.0,35.03,9.34,5.0,1
494,380.6,83.56,3.0,2.0,24.82,20.52,5.0,1
495,403.87,98.32,3.0,2.0,19.64,26.2,5.0,1
496,393.27,91.6,3.0,2.0,22.0,23.61,5.0,1
497,369.74,76.68,3.0,2.0,27.24,17.88,5.0,1
498,410.7,102.65,3.0,2.0,18.12,27.87,5.0,1
499,400.77,96.35,3.0,2.0,20.33,25.44,5.0,1
500,411.24,102.99,3.0,2.0,18.0,28.0,5.0,1
501,379.59,82.92,3.0,2.0,25.05,20.28,5.0,1
502,382.9,85.02,3.0,2.0,24.31,21.09,5.0,1
503,388.93,88.84,3.0,2.0,22.97,22.56,5.0,1
504,403.8,98.28,3.0,2.0,19.66,26.18,5.0,1
505,372.34,78.32,3.0,2.0,26.66,18.51,5.0,1
506,400.47,96.16,3.0,2.0,20.4,25.37,5.0,1
507,354.39,66.94,3.0,2.0,30.65,14.13,5.0,1
508,337.73,56.38,3.0,2.0,34.36,10.07,5.0,1
509,333.91,53.96,3.0,2.0,35.21,9.14,5.0,1
510,381.02,83.83,3.0,2.0,24.73,20.63,5.0,1
511,352.37,65.66,3.0,2.0,31.1,13.64,5.0,1
512,355.91,67.91,3.0,2.0,30.32,14.5,5.0,1
513,329.41,51.1,3.0,2.0,36.21,8.04,5.0,1
514,361.67,71.56,3.0,2.0,29.04,15.91,5.0,1
515,338.35,56.77,3.0,2.0,34.22,10.22,5.0,1
516,362.83,72.3,3.0,2.0,28.78,16.19,5.0,1
517,348.94,63.49,3.0,2.0,31.87,12.8,5.0,1
518,407.61,100.69,3.0,2.0,18.81,27.11,5.0,1
519,348.71,63.34,3.0,2.0,31.92,12.75,5.0,1
520,346.35,61.84,3.0,2.0,32.44,12.17,5.0,1
521,345.13,61.07,3.0,2.0,32.72,11.87,5.0,1
522,382.03,84.47,3.0,2.0,24.5,20.87,5.0,1
523,334.97,54.63,3.0,2.0,34.98,9.4,5.0,1
524,389.91,89.47,3.0,2.0,22.75,22.8,5.0,1
525,331.12,52.19,3.0,2.0,35.83,8.46,5.0,1
526,352.5,65.75,3.0,2.0,31.07,13.67,5.0,1
527,344.4,60.6,3.0,2.0,32.88,11.69,5.0,1
528,369.09,76.27,3.0,2.0,27.38,17.72,5.0,1
529,343.4,59.97,3.0,2.0,33.1,11.45,5.0,1
530,397.87,94.52,3.0,2.0,20.98,24.74,5.0,1
531,393.26,91.59,3.0,2.0,22.0,23.61,5.0,1
532,362.77,72.26,3.0,2.0,28.79,16.18,5.0,1
533,339.44,57.46,3.0,2.0,33.98,10.49,5.0,1
534,408.76,101.42,3.0,2.0,18.55,27.39,5.0,1
535,354.11,66.76,3.0,2.0,30.72,14.06,5.0,1
536,380.57,83.54,3.0,2.0,24.83,20.52,5.0,1
537,375.39,80.26,3.0,2.0,25.98,19.25,5.0,1
538,342.55,59.44,3.0,2.0,33.29,11.24,5.0,1
539,354.35,66.92,3.0,2.0,30.66,14.12,5.0,1
540,396.43,93.6,3.0,2.0,21.3,24.38,5.0,1
541,411.0,102.84,3.0,2.0,18.06,27.94,5.0,1
542,370.1,76.9,3.0,2.0,27.16,17.96,5.0,1
543,370.41,77.1,3.0,2.0,27.09,18.04,5.0,1
544,330.13,51.56,3.0,2.0,36.05,8.21,5.0,1
545,396.65,93.74,3.0,2.0,21.25,24.44,5.0,1
546,391.64,90.56,3.0,2.0,22.36,23.22,5.0,1
547,393.68,91.86,3.0,2.0,21.91,23.72,5.0,1
548,376.84,81.18,3.0,2.0,25.66,19.61,5.0,1
549,400.91,96.44,3.0,2.0,20.3,25.48,5.0,1
550,409.34,101.79,3.0,2.0,18.42,27.53,5.0,1
551,381.58,84.18,3.0,2.0,24.6,20.76,5.0,1
552,336.39,55.53,3.0,2.0,34.66,9.74,5.0,1
553,371.64,77.88,3.0,2.0,26.82,18.34,5.0,1
554,370.46,77.14,3.0,2.0,27.08,18.05,5.0,1
555,372.36,78.34,3.0,2.0,26.66,18.51,5.0,1
556,394.57,92.42,3.0,2.0,21.71,23.93,5.0,1
557,335.12,54.72,3.0,2.0,34.94,9.43,5.0,1
558,408.98,101.56,3.0,2.0,18.5,27.45,5.0,1
559,397.55,94.31,3.0,2.0,21.05,24.66,5.0,1
560,401.46,96.79,3.0,2.0,20.18,25.61,5.0,1
561,335.37,54.88,3.0,2.0,34.89,9.49,5.0,1
562,335.45,54.93,3.0,2.0,34.87,9.51,5.0,1
563,375.58,80.38,3.0,2.0,25.94,19.3,5.0,1
564,404.36,98.63,3.0,2.0,19.53,26.32,5.0,1
565,391.63,90.56,3.0,2.0,22.37,23.21,5.0,1
566,346.35,61.85,3.0,2.0,32.44,12.17,5.0,1
567,355.42,67.6,3.0,2.0,30.42,14.38,5.0,1
568,394.91,92.64,3.0,2.0,21.64,24.01,5.0,1
569,388.57,88.62,3.0,2.0,23.05,22.47,5.0,1
570,335.12,54.72,3.0,2.0,34.94,9.43,5.0,1
571,356.87,68.52,3.0,2.0,30.1,14.74,5.0,1
572,358.41,69.49,3.0,2.0,29.76,15.11,5.0,1
573,400.25,96.02,3.0,2.0,20.45,25.32,5.0,1
574,387.19,87.74,3.0,2.0,23.36,22.13,5.0,1
575,400.06,95.91,3.0,2.0,20.49,25.27,5.0,1
576,348.67,63.32,3.0,2.0,31.93,12.74,5.0,1
577,394.65,92.47,3.0,2.0,21.7,23.95,5.0,1
578,402.06,97.17,3.0,2.0,20.05,25.76,5.0,1
579,409.24,101.72,3.0,2.0,18.45,27.51,5.0,1
580,384.11,85.79,3.0,2.0,24.04,21.38,5.0,1
581,389.34,89.11,3.0,2.0,22.88,22.66,5.0,1
582,390.25,89.68,3.0,2.0,22.67,22.88,5.0,1
583,335.01,54.65,3.0,2.0,34.97,9.4,5.0,1
584,399.9,95.8,3.0,2.0,20.53,25.23,5.0,1
585,338.22,56.69,3.0,2.0,34.25,10.19,5.0,1
586,340.56,58.17,3.0,2.0,33.73,10.76,5.0,1
587,349.77,64.01,3.0,2.0,31.68,13.0,5.0,1
588,344.82,60.87,3.0,2.0,32.78,11.8,5.0,1
589,373.41,79.0,3.0,2.0,26.42,18.77,5.0,1
590,332.27,52.92,3.0,2.0,35.58,8.74,5.0,1
591,410.77,102.69,3.0,2.0,18.11,27.88,5.0,1
592,389.03,88.91,3.0,2.0,22.95,22.58,5.0,1
593,404.03,98.42,3.0,2.0,19.61,26.24,5.0,1
594,390.83,90.05,3.0,2.0,22.54,23.02,5.0,1
595,394.77,92.55,3.0,2.0,21.67,23.98,5.0,1
596,366.16,74.41,3.0,2.0,28.03,17.0,5.0,1
597,369.01,76.21,3.0,2.0,27.4,17.7,5.0,1
598,402.46,97.42,3.0,2.0,19.96,25.86,5.0,1
599,353.46,66.35,3.0,2.0,30.86,13.91,5.0,1
600,401.31,96.7,3.0,2.0,20.21,25.58,5.0,1
601,360.22,70.64,3.0,2.0,29.36,15.55,5.0,1
602,362.57,72.13,3.0,2.0,28.83,16.13,5.0,1
603,370.9,77.41,3.0,2.0,26.98,18.16,5.0,1
604,359.85,70.4,3.0,2.0,29.44,15.46,5.0,1
605,366.55,74.65,3.0,2.0,27.95,17.1,5.0,1
606,380.71,83.63,3.0,2.0,24.8,20.55,5.0,1
607,357.23,68.74,3.0,2.0,30.02,14.82,5.0,1
608,346.88,62.18,3.0,2.0,32.33,12.3,5.0,1
609,394.13,92.14,3.0,2.0,21.81,23.82,5.0,1
610,344.21,60.49,3.0,2.0,32.92,11.65,5.0,1
611,366.73,74.77,3.0,2.0,27.91,17.14,5.0,1
612,353.48,66.36,3.0,2.0,30.86,13.91,5.0,1
613,346.55,61.97,3.0,2.0,32.4,12.22,5.0,1
614,387.41,87.88,3.0,2.0,23.31,22.18,5.0,1
615,380.5,83.5,3.0,2.0,24.84,20.5,5.0,1
616,356.86,68.51,3.0,2.0,30.11,14.73,5.0,1
617,366.54,74.65,3.0,2.0,27.95,17.1,5.0,1
618,373.48,79.05,3.0,2.0,26.41,18.79,5.0,1
619,380.98,83.8,3.0,2.0,24.74,20.62,5.0,1
620,367.8,75.45,3.0,2.0,27.67,17.4,5.0,1
621,398.22,94.74,3.0,2.0,20.9,24.82,5.0,1
622,339.65,57.6,3.0,2.0,33.93,10.54,5.0,1
623,408.57,101.3,3.0,2.0,18.6,27.35,5.0,1
624,381.64,84.22,3.0,2.0,24.59,20.78,5.0,1
625,369.44,76.48,3.0,2.0,27.31,17.8,5.0,1
626,354.09,66.75,3.0,2.0,30.72,14.06,5.0,1
627,409.28,101.75,3.0,2.0,18.44,27.52,5.0,1
628,374.44,79.65,3.0,2.0,26.19,19.02,5.0,1
629,365.0,73.67,3.0,2.0,28.29,16.72,5.0,1
630,399.64,95.64,3.0,2.0,20.58,25.17,5.0,1
631,343.7,60.16,3.0,2.0,33.03,11.52,5.0,1
632,373.96,79.36,3.0,2.0,26.3,18.91,5.0,1
633,396.24,93.48,3.0,2.0,21.34,24.34,5.0,1
634,347.1,62.32,3.0,2.0,32.28,12.35,5.0,1
635,387.22,87.76,3.0,2.0,23.35,22.14,5.0,1
636,371.23,77.62,3.0,2.0,26.91,18.24,5.0,1
637,330.93,52.07,3.0,2.0,35.88,8.41,5.0,1
638,401.59,96.87,3.0,2.0,20.15,25.64,5.0,1
639,389.38,89.13,3.0,2.0,22.87,22.67,5.0,1
640,353.26,66.22,3.0,2.0,30.91,13.86,5.0,1
641,343.85,60.26,3.0,2.0,33.0,11.56,5.0,1
642,384.0,85.72,3.0,2.0,24.07,21.35,5.0,1
643,366.35,74.53,3.0,2.0,27.99,17.05,5.0,1
644,399.87,95.78,3.0,2.0,20.53,25.22,5.0,1
645,351.82,65.31,3.0,2.0,31.23,13.51,5.0,1
646,391.05,90.19,3.0,2.0,22.5,23.07,5.0,1
647,353.97,66.68,3.0,2.0,30.75,14.03,5.0,1
648,331.74,52.58,3.0,2.0,35.7,8.61,5.0,1
649,409.78,102.07,3.0,2.0,18.33,27.64,5.0,1
650,363.17,72.51,3.0,2.0,28.7,16.27,5.0,1
651,362.09,71.83,3.0,2.0,28.94,16.01,5.0,1
652,333.83,53.9,3.0,2.0,35.23,9.12,5.0,1
653,370.11,76.91,3.0,2.0,27.16,17.97,5.0,1
654,405.58,99.4,3.0,2.0,19.26,26.62,5.0,1
655,405.79,99.54,3.0,2.0,19.22,26.67,5.0,1
656,376.47,80.94,3.0,2.0,25.74,19.52,5.0,1
657,390.0,89.52,3.0,2.0,22.73,22.82,5.0,1
658,355.3,67.52,3.0,2.0,30.45,14.35,5.0,1
659,355.53,67.67,3.0,2.0,30.4,14.41,5.0,1
660,369.58,76.58,3.0,2.0,27.27,17.84,5.0,1
661,339.59,57.56,3.0,2.0,33.95,10.52,5.0,1
662,376.3,80.84,3.0,2.0,25.78,19.48,5.0,1
663,407.21,100.44,3.0,2.0,18.9,27.02,5.0,1
664,399.6,95.61,3.0,2.0,20.59,25.16,5.0,1
665,352.76,65.91,3.0,2.0,31.02,13.74,5.0,1
666,342.5,59.4,3.0,2.0,33.3,11.23,5.0,1
667,371.87,78.03,3.0,2.0,26.76,18.4,5.0,1
668,384.98,86.34,3.0,2.0,23.85,21.59,5.0,1
669,343.65,60.13,3.0,2.0,33.05,11.51,5.0,1
670,390.87,90.08,3.0,2.0,22.54,23.03,5.0,1
671,375.82,80.53,3.0,2.0,25.88,19.36,5.0,1
672,369.84,76.74,3.0,2.0,27.22,17.9,5.0,1
673,330.42,51.74,3.0,2.0,35.99,8.29,5.0,1
674,351.75,65.27,3.0,2.0,31.24,13.49,5.0,1
675,378.74,82.38,3.0,2.0,25.24,20.07,5.0,1
676,405.62,99.43,3.0,2.0,19.25,26.63,5.0,1
677,394.27,92.23,3.0,2.0,21.78,23.86,5.0,1
678,373.21,78.88,3.0,2.0,26.47,18.72,5.0,1
679,367.98,75.56,3.0,2.0,27.63,17.45,5.0,1
680,409.63,101.97,3.0,2.0,18.36,27.61,5.0,1
681,354.35,66.92,3.0,2.0,30.66,14.12,5.0,1
682,402.61,97.52,3.0,2.0,19.92,25.89,5.0,1
683,358.19,69.35,3.0,2.0,29.81,15.06,5.0,1
684,403.59,98.15,3.0,2.0,19.7,26.13,5.0,1
685,362.9,72.34,3.0,2.0,28.76,16.21,5.0,1
686,369.87,76.76,3.0,2.0,27.21,17.91,5.0,1
687,390.29,89.71,3.0,2.0,22.66,22.89,5.0,1
688,395.88,93.25,3.0,2.0,21.42,24.25,5.0,1
689,409.26,101.74,3.0,2.0,18.44,27.51,5.0,1
690,363.76,72.88,3.0,2.0,28.57,16.42,5.0,1
691,390.54,89.87,3.0,2.0,22.61,22.95,5.0,1
692,403.1,97.83,3.0,2.0,19.81,26.01,5.0,1
693,330.85,52.01,3.0,2.0,35.89,8.39,5.0,1
694,407.34,100.52,3.0,2.0,18.87,27.05,5.0,1
695,410.63,102.61,3.0,2.0,18.14,27.85,5.0,1
696,348.44,63.17,3.0,2.0,31.98,12.68,5.0,1
697,384.7,86.16,3.0,2.0,23.91,21.52,5.0,1
698,396.97,93.94,3.0,2.0,21.18,24.52,5.0,1
699,339.52,57.52,3.0,2.0,33.96,10.51,5.0,1
700,338.79,57.05,3.0,2.0,34.13,10.33,5.0,1
701,367.54,75.28,3.0,2.0,27.73,17.34,5.0,1
702,350.46,64.45,3.0,2.0,31.53,13.17,5.0,1
703,335.51,54.97,3.0,2.0,34.86,9.53,5.0,1
704,407.65,100.71,3.0,2.0,18.8,27.12,5.0,1
705,392.95,91.39,3.0,2.0,22.07,23.54,5.0,1
706,330.11,51.54,3.0,2.0,36.06,8.21,5.0,1
707,346.47,61.92,3.0,2.0,32.42,12.2,5.0,1
708,392.04,90.82,3.0,2.0,22.27,23.32,5.0,1
709,397.38,94.21,3.0,2.0,21.09,24.62,5.0,1
710,363.65,72.81,3.0,2.0,28.59,16.39,5.0,1
711,374.62,79.77,3.0,2.0,26.15,19.07,5.0,1
712,345.85,61.52,3.0,2.0,32.56,12.05,5.0,1
713,344.07,60.4,3.0,2.0,32.95,11.62,5.0,1
714,378.13,82.0,3.0,2.0,25.37,19.92,5.0,1
715,341.84,58.99,3.0,2.0,33.45,11.07,5.0,1
716,376.51,80.97,3.0,2.0,25.73,19.53,5.0,1
717,395.31,92.89,3.0,2.0,21.55,24.11,5.0,1
718,388.09,88.32,3.0,2.0,23.15,22.35,5.0,1
719,367.0,74.94,3.0,2.0,27.85,17.21,5.0,1
720,334.51,54.34,3.0,2.0,35.08,9.28,5.0,1
721,390.62,89.92,3.0,2.0,22.59,22.97,5.0,1
722,330.8,51.99,3.0,2.0,35.9,8.38,5.0,1
723,377.14,81.37,3.0,2.0,25.59,19.68,5.0,1
724,390.14,89.61,3.0,2.0,22.7,22.85,5.0,1
725,345.55,61.34,3.0,2.0,32.62,11.98,5.0,1
726,397.67,94.39,3.0,2.0,21.02,24.69,5.0,1
727,387.89,88.19,3.0,2.0,23.2,22.3,5.0,1
728,349.61,63.91,3.0,2.0,31.72,12.97,5.0,1
729,403.38,98.01,3.0,2.0,19.75,26.08,5.0,1
730,403.06,97.81,3.0,2.0,19.82,26.0,5.0,1
731,340.3,58.0,3.0,2.0,33.79,10.69,5.0,1
732,378.86,82.46,3.0,2.0,25.21,20.1,5.0,1
733,402.34,97.35,3.0,2.0,19.98,25.83,5.0,1
734,330.29,51.66,3.0,2.0,36.02,8.25,5.0,1
735,409.36,101.8,3.0,2.0,18.42,27.54,5.0,1
736,384.16,85.82,3.0,2.0,24.03,21.39,5.0,1
737,345.04,61.02,3.0,2.0,32.73,11.85,5.0,1
738,379.18,82.66,3.0,2.0,25.14,20.18,5.0,1
739,387.24,87.77,3.0,2.0,23.34,22.14,5.0,1
740,390.5,89.84,3.0,2.0,22.62,22.94,5.0,1
741,341.45,58.74,3.0,2.0,33.53,10.98,5.0,1
742,339.19,57.3,3.0,2.0,34.04,10.42,5.0,1
743,353.73,66.53,3.0,2.0,30.8,13.97,5.0,1
744,344.36,60.58,3.0,2.0,32.89,11.69,5.0,1
745,339.58,57.55,3.0,2.0,33.95,10.52,5.0,1
746,344.92,60.94,3.0,2.0,32.76,11.82,5.0,1
747,388.86,88.8,3.0,2.0,22.98,22.54,5.0,1
748,333.06,53.41,3.0,2.0,35.4,8.93,5.0,1
749,374.69,79.82,3.0,2.0,26.14,19.08,5.0,1
750,337.02,55.93,3.0,2.0,34.52,9.9,5.0,1
751,395.31,92.89,3.0,2.0,21.55,24.11,5.0,1
752,334.51,54.34,3.0,2.0,35.08,9.28,5.0,1
753,404.53,98.74,3.0,2.0,19.5,26.36,5.0,1
754,379.63,82.95,3.0,2.0,25.04,20.29,5.0,1
755,363.37,72.63,3.0,2.0,28.66,16.32,5.0,1
756,405.91,99.61,3.0,2.0,19.19,26.7,5.0,1
757,377.45,81.57,3.0,2.0,25.52,19.76,5.0,1
758,376.86,81.19,3.0,2.0,25.65,19.61,5.0,1
759,353.32,66.26,3.0,2.0,30.89,13.87,5.0,1
760,408.04,100.97,3.0,2.0,18.71,27.22,5.0,1
761,353.94,66.65,3.0,2.0,30.76,14.02,5.0,1
762,360.04,70.52,3.0,2.0,29.4,15.51,5.0,1
763,362.64,72.17,3.0,2.0,28.82,16.14,5.0,1
764,370.12,76.91,3.0,2.0,27.15,17.97,5.0,1
765,404.88,98.96,3.0,2.0,19.42,26.45,5.0,1
766,381.96,84.42,3.0,2.0,24.52,20.86,5.0,1
767,337.49,56.23,3.0,2.0,34.42,10.01,5.0,1
768,338.37,56.79,3.0,2.0,34.22,10.23,5.0,1
769,353.35,66.28,3.0,2.0,30.89,13.88,5.0,1
770,402.17,97.24,3.0,2.0,20.02,25.78,5.0,1
771,365.93,74.26,3.0,2.0,28.09,16.95,5.0,1
772,357.59,68.97,3.0,2.0,29.94,14.91,5.0,1
773,407.05,100.33,3.0,2.0,18.94,26.97,5.0,1
774,369.02,76.22,3.0,2.0,27.4,17.7,5.0,1
775,367.85,75.48,3.0,2.0,27.66,17.41,5.0,1
776,399.55,95.58,3.0,2.0,20.6,25.15,5.0,1
777,377.3,81.47,3.0,2.0,25.56,19.72,5.0,1
778,394.15,92.16,3.0,2.0,21.8,23.83,5.0,1
779,388.78,88.75,3.0,2.0,23.0,22.52,5.0,1
780,380.08,83.24,3.0,2.0,24.94,20.4,5.0,1
781,398.68,95.03,3.0,2.0,20.8,24.94,5.0,1
782,400.75,96.34,3.0,2.0,20.34,25.44,5.0,1
783,378.07,81.96,3.0,2.0,25.38,19.91,5.0,1
784,371.1,77.54,3.0,2.0,26.94,18.21,5.0,1
785,350.28,64.34,3.0,2.0,31.57,13.13,5.0,1
786,388.26,88.42,3.0,2.0,23.12,22.39,5.0,1
787,356.67,68.39,3.0,2.0,30.15,14.69,5.0,1
788,391.11,90.23,3.0,2.0,22.48,23.09,5.0,1
789,388.5,88.57,3.0,2.0,23.06,22.45,5.0,1
790,371.33,77.69,3.0,2.0,26.88,18.26,5.0,1
791,342.0,59.09,3.0,2.0,33.41,11.11,5.0,1
792,347.14,62.35,3.0,2.0,32.27,12.36,5.0,1
793,352.72,65.88,3.0,2.0,31.03,13.72,5.0,1
794,374.85,79.92,3.0,2.0,26.1,19.12,5.0,1
795,388.81,88.77,3.0,2.0,22.99,22.53,5.0,1
796,369.11,76.28,3.0,2.0,27.38,17.72,5.0,1
797,358.62,69.63,3.0,2.0,29.71,15.16,5.0,1
798,397.71,94.41,3.0,2.0,21.01,24.7,5.0,1
799,365.56,74.02,3.0,2.0,28.17,16.86,5.0,1
800,351.8,65.3,3.0,2.0,31.23,13.5,5.0,1
801,349.93,64.11,3.0,2.0,31.65,13.04,5.0,1
802,404.68,98.83,3.0,2.0,19.46,26.4,5.0,1
803,399.87,95.78,3.0,2.0,20.53,25.22,5.0,1
804,342.6,59.46,3.0,2.0,33.28,11.25,5.0,1
805,333.73,53.84,3.0,2.0,35.25,9.09,5.0,1
806,392.6,91.17,3.0,2.0,22.15,23.45,5.0,1
807,360.77,70.99,3.0,2.0,29.24,15.69,5.0,1
808,387.7,88.07,3.0,2.0,23.24,22.26,5.0,1
809,376.17,80.75,3.0,2.0,25.81,19.44,5.0,1
810,387.09,87.68,3.0,2.0,23.38,22.11,5.0,1
811,354.97,67.31,3.0,2.0,30.53,14.27,5.0,1
812,364.34,73.25,3.0,2.0,28.44,16.56,5.0,1
813,372.51,78.43,3.0,2.0,26.62,18.55,5.0,1
814,398.41,94.86,3.0,2.0,20.86,24.87,5.0,1
815,359.27,70.04,3.0,2.0,29.57,15.32,5.0,1
816,403.69,98.2,3.0,2.0,19.68,26.16,5.0,1
817,353.53,66.4,3.0,2.0,30.85,13.92,5.0,1
818,379.48,82.85,3.0,2.0,25.07,20.25,5.0,1
819,364.86,73.58,3.0,2.0,28.33,16.68,5.0,1
820,341.69,58.89,3.0,2.0,33.48,11.03,5.0,1
821,340.56,58.17,3.0,2.0,33.73,10.76,5.0,1
822,404.49,98.72,3.0,2.0,19.5,26.35,5.0,1
823,362.81,72.28,3.0,2.0,28.78,16.19,5.0,1
824,367.35,75.16,3.0,2.0,27.77,17.29,5.0,1
825,410.75,102.68,3.0,2.0,18.11,27.88,5.0,1
826,397.15,94.06,3.0,2.0,21.14,24.56,5.0,1
827,400.49,96.18,3.0,2.0,20.39,25.38,5.0,1
828,353.32,66.26,3.0,2.0,30.89,13.87,5.0,1
829,403.03,97.79,3.0,2.0,19.83,25.99,5.0,1
830,345.13,61.07,3.0,2.0,32.71,11.87,5.0,1
831,362.03,71.79,3.0,2.0,28.96,15.99,5.0,1
832,343.3,59.91,3.0,2.0,33.12,11.43,5.0,1
833,371.93,78.06,3.0,2.0,26.75,18.41,5.0,1
834,333.93,53.97,3.0,2.0,35.21,9.14,5.0,1
835,389.76,89.37,3.0,2.0,22.78,22.76,5.0,1
836,379.86,83.09,3.0,2.0,24.99,20.34,5.0,1
837,392.55,91.14,3.0,2.0,22.16,23.44,5.0,1
838,391.7,90.6,3.0,2.0,22.35,23.23,5.0,1
839,410.12,102.28,3.0,2.0,18.25,27.72,5.0,1
840,365.75,74.14,3.0,2.0,28.13,16.9,5.0,1
841,388.67,88.68,3.0,2.0,23.03,22.49,5.0,1
842,329.71,51.29,3.0,2.0,36.15,8.11,5.0,1
843,357.89,69.16,3.0,2.0,29.88,14.98,5.0,1
844,404.19,98.53,3.0,2.0,19.57,26.28,5.0,1
845,368.71,76.03,3.0,2.0,27.47,17.63,5.0,1
846,380.11,83.25,3.0,2.0,24.93,20.41,5.0,1
847,339.18,57.3,3.0,2.0,34.04,10.42,5.0,1
848,393.1,91.49,3.0,2.0,22.04,23.57,5.0,1
849,339.57,57.54,3.0,2.0,33.95,10.52,5.0,1
850,367.06,74.98,3.0,2.0,27.83,17.22,5.0,1
851,364.29,73.22,3.0,2.0,28.45,16.55,5.0,1
852,392.79,91.29,3.0,2.0,22.11,23.5,5.0,1
853,383.59,85.46,3.0,2.0,24.16,21.25,5.0,1
854,379.59,82.92,3.0,2.0,25.05,20.28,5.0,1
855,388.82,88.78,3.0,2.0,22.99,22.53,5.0,1
856,350.03,64.18,3.0,2.0,31.62,13.07,5.0,1
857,367.56,75.3,3.0,2.0,27.72,17.35,5.0,1
858,360.74,70.97,3.0,2.0,29.24,15.68,5.0,1
859,356.9,68.53,3.0,2.0,30.1,14.74,5.0,1
860,348.34,63.1,3.0,2.0,32.0,12.66,5.0,1
861,383.65,85.5,3.0,2.0,24.14,21.27,5.0,1
862,370.91,77.42,3.0,2.0,26.98,18.16,5.0,1
863,354.42,66.96,3.0,2.0,30.65,14.14,5.0,1
864,379.62,82.94,3.0,2.0,25.04,20.29,5.0,1
865,352.22,65.57,3.0,2.0,31.14,13.6,5.0,1
866,397.29,94.15,3.0,2.0,21.11,24.6,5.0,1
867,369.84,76.74,3.0,2.0,27.22,17.9,5.0,1
868,392.25,90.95,3.0,2.0,22.23,23.36,5.0,1
869,329.41,51.1,3.0,2.0,36.21,8.04,5.0,1
870,374.65,79.79,3.0,2.0,26.14,19.07,5.0,1
871,342.38,59.32,3.0,2.0,33.33,11.2,5.0,1
872,405.34,99.25,3.0,2.0,19.31,26.56,5.0,1
873,371.07,77.52,3.0,2.0,26.94,18.2,5.0,1
874,409.65,101.98,3.0,2.0,18.36,27.61,5.0,1
875,334.16,54.12,3.0,2.0,35.16,9.2,5.0,1
876,391.7,90.6,3.0,2.0,22.35,23.23,5.0,1
877,370.98,77.46,3.0,2.0,26.96,18.18,5.0,1
878,330.37,51.71,3.0,2.0,36.0,8.27,5.0,1
879,376.04,80.67,3.0,2.0,25.84,19.41,5.0,1
880,345.82,61.51,3.0,2.0,32.56,12.04,5.0,1
881,337.87,56.47,3.0,2.0,34.33,10.1,5.0,1
882,339.69,57.62,3.0,2.0,33.93,10.55,5.0,1
883,398.17,94.71,3.0,2.0,20.91,24.81,5.0,1
884,340.07,57.86,3.0,2.0,33.84,10.64,5.0,1
885,335.35,54.87,3.0,2.0,34.89,9.49,5.0,1
886,356.77,68.45,3.0,2.0,30.12,14.71,5.0,1
887,388.92,88.84,3.0,2.0,22.97,22.55,5.0,1
888,346.2,61.75,3.0,2.0,32.48,12.13,5.0,1
889,405.61,99.42,3.0,2.0,19.26,26.62,5.0,1
890,331.1,52.17,3.0,2.0,35.84,8.45,5.0,1
891,382.84,84.98,3.0,2.0,24.32,21.07,5.0,1
892,385.2,86.48,3.0,2.0,23.8,21.65,5.0,1
893,398.33,94.81,3.0,2.0,20.88,24.85,5.0,1
894,358.64,69.64,3.0,2.0,29.71,15.17,5.0,1
895,378.41,82.17,3.0,2.0,25.31,19.99,5.0,1
896,339.74,57.65,3.0,2.0,33.92,10.56,5.0,1
897,397.96,94.58,3.0,2.0,20.96,24.76,5.0,1
898,402.21,97.26,3.0,2.0,20.01,25.79,5.0,1
899,351.4,65.05,3.0,2.0,31.32,13.4,5.0,1
900,393.03,91.45,3.0,2.0,22.05,23.56,5.0,1
901,388.27,88.43,3.0,2.0,23.11,22.4,5.0,1
902,381.84,84.35,3.0,2.0,24.54,20.83,5.0,1
903,377.11,81.35,3.0,2.0,25.6,19.67,5.0,1
904,389.91,89.47,3.0,2.0,22.75,22.79,5.0,1
905,367.67,75.36,3.0,2.0,27.7,17.37,5.0,1
906,340.23,57.96,3.0,2.0,33.81,10.68,5.0,1
907,383.02,85.1,3.0,2.0,24.28,21.11,5.0,1
908,398.51,94.92,3.0,2.0,20.84,24.89,5.0,1
909,379.11,82.62,3.0,2.0,25.15,20.16,5.0,1
910,351.68,65.22,3.0,2.0,31.26,13.47,5.0,1
911,329.86,51.39,3.0,2.0,36.11,8.15,5.0,1
912,348.17,63.0,3.0,2.0,32.04,12.61,5.0,1
913,357.54,68.94,3.0,2.0,29.95,14.9,5.0,1
914,354.27,66.86,3.0,2.0,30.68,14.1,5.0,1
915,389.09,88.95,3.0,2.0,22.93,22.6,5.0,1
916,375.41,80.27,3.0,2.0,25.98,19.26,5.0,1
917,380.06,83.22,3.0,2.0,24.94,20.39,5.0,1
918,376.94,81.24,3.0,2.0,25.64,19.63,5.0,1
919,381.7,84.26,3.0,2.0,24.58,20.79,5.0,1
920,372.47,78.41,3.0,2.0,26.63,18.54,5.0,1
921,388.75,88.73,3.0,2.0,23.01,22.51,5.0,1
922,403.04,97.8,3.0,2.0,19.83,26.0,5.0,1
923,410.57,102.57,3.0,2.0,18.15,27.83,5.0,1
924,360.41,70.76,3.0,2.0,29.31,15.6,5.0,1
925,376.24,80.8,3.0,2.0,25.79,19.46,5.0,1
926,348.27,63.06,3.0,2.0,32.02,12.64,5.0,1
927,370.68,77.27,3.0,2.0,27.03,18.11,5.0,1
928,368.68,76.0,3.0,2.0,27.47,17.62,5.0,1
929,361.03,71.15,3.0,2.0,29.18,15.75,5.0,1
930,367.55,75.29,3.0,2.0,27.73,17.34,5.0,1
931,333.73,53.84,3.0,2.0,35.25,9.09,5.0,1
932,356.57,68.32,3.0,2.0,30.17,14.66,5.0,1
933,397.33,94.17,3.0,2.0,21.1,24.61,5.0,1
934,367.58,75.31,3.0,2.0,27.72,17.35,5.0,1
935,365.49,73.98,3.0,2.0,28.18,16.84,5.0,1
936,349.55,63.87,3.0,2.0,31.73,12.95,5.0,1
937,363.78,72.9,3.0,2.0,28.56,16.42,5.0,1
938,334.34,54.22,3.0,2.0,35.12,9.24,5.0,1
939,392.89,91.35,3.0,2.0,22.09,23.52,5.0,1
940,385.81,86.87,3.0,2.0,23.66,21.8,5.0,1
941,363.58,72.77,3.0,2.0,28.61,16.37,5.0,1
942,355.55,67.68,3.0,2.0,30.4,14.42,5.0,1
943,334.63,54.41,3.0,2.0,35.05,9.31,5.0,1
944,353.88,66.62,3.0,2.0,30.77,14.01,5.0,1
945,347.01,62.26,3.0,2.0,32.3,12.33,5.0,1
946,370.71,77.29,3.0,2.0,27.02,18.11,5.0,1
947,407.42,100.57,3.0,2.0,18.85,27.07,5.0,1
948,384.56,86.07,3.0,2.0,23.94,21.49,5.0,1
949,333.26,53.55,3.0,2.0,35.36,8.98,5.0,1
950,359.66,70.28,3.0,2.0,29.48,15.42,5.0,1
951,391.2,90.29,3.0,2.0,22.46,23.11,5.0,1
952,410.75,102.69,3.0,2.0,18.11,27.88,5.0,1
953,349.27,63.7,3.0,2.0,31.79,12.88,5.0,1
954,405.8,99.54,3.0,2.0,19.21,26.67,5.0,1
955,389.82,89.41,3.0,2.0,22.77,22.77,5.0,1
956,390.53,89.86,3.0,2.0,22.61,22.95,5.0,1
957,383.0,85.09,3.0,2.0,24.29,21.11,5.0,1
958,354.73,67.16,3.0,2.0,30.58,14.21,5.0,1
959,368.24,75.73,3.0,2.0,27.57,17.51,5.0,1
960,365.22,73.81,3.0,2.0,28.24,16.77,5.0,1
961,339.12,57.26,3.0,2.0,34.05,10.41,5.0,1
962,329.8,51.35,3.0,2.0,36.13,8.13,5.0,1
963,346.27,61.79,3.0,2.0,32.46,12.15,5.0,1
964,376.95,81.25,3.0,2.0,25.63,19.63,5.0,1
965,384.34,85.93,3.0,2.0,23.99,21.44,5.0,1
966,374.27,79.55,3.0,2.0,26.23,18.98,5.0,1
967,366.25,74.46,3.0,2.0,28.01,17.02,5.0,1
968,362.31,71.97,3.0,2.0,28.89,16.06,5.0,1
969,370.31,77.04,3.0,2.0,27.11,18.01,5.0,1
970,350.03,64.18,3.0,2.0,31.63,13.07,5.0,1
971,370.69,77.28,3.0,2.0,27.03,18.11,5.0,1
972,354.95,67.3,3.0,2.0,30.53,14.27,5.0,1
973,409.37,101.81,3.0,2.0,18.42,27.54,5.0,1
974,378.94,82.51,3.0,2.0,25.19,20.12,5.0,1
975,358.11,69.3,3.0,2.0,29.83,15.04,5.0,1
976,404.89,98.97,3.0,2.0,19.42,26.45,5.0,1
977,383.53,85.42,3.0,2.0,24.17,21.24,5.0,1
978,404.38,98.64,3.0,2.0,19.53,26.32,5.0,1
979,390.78,90.02,3.0,2.0,22.56,23.01,5.0,1
980,361.37,71.37,3.0,2.0,29.1,15.83,5.0,1
981,341.57,58.81,3.0,2.0,33.51,11.0,5.0,1
982,402.19,97.25,3.0,2.0,20.02,25.79,5.0,1
983,384.92,86.3,3.0,2.0,23.86,21.58,5.0,1
984,335.08,54.7,3.0,2.0,34.95,9.42,5.0,1
985,340.53,58.16,3.0,2.0,33.74,10.75,5.0,1
986,358.5,69.55,3.0,2.0,29.74,15.13,5.0,1
987,407.59,100.68,3.0,2.0,18.81,27.11,5.0,1
988,348.28,63.07,3.0,2.0,32.01,12.64,5.0,1
989,387.53,87.96,3.0,2.0,23.28,22.22,5.0,1
990,395.66,93.11,3.0,2.0,21.47,24.2,5.0,1
991,363.37,72.64,3.0,2.0,28.66,16.32,5.0,1
992,399.87,95.78,3.0,2.0,20.53,25.22,5.0,1
993,355.26,67.5,3.0,2.0,30.46,14.34,5.0,1
994,386.94,87.58,3.0,2.0,23.41,22.07,5.0,1
995,386.9,87.56,3.0,2.0,23.42,22.06,5.0,1
996,337.07,55.96,3.0,2.0,34.51,9.91,5.0,1
997,362.4,72.02,3.0,2.0,28.87,16.08,5.0,1
998,358.03,69.25,3.0,2.0,29.84,15.02,5.0,1
999,373.43,79.02,3.0,2.0,26.42,18.78,5.0,1
1000,343.04,59.74,3.0,2.0,33.18,11.36,5.0,1
1001,405.43,99.31,3.0,2.0,19.3,26.58,5.0,1
1002,335.46,54.94,3.0,2.0,34.87,9.51,5.0,1
1003,405.09,99.1,3.0,2.0,19.37,26.5,5.0,1
1004,397.17,94.07,3.0,2.0,21.13,24.56,5.0,1
1005,379.7,82.99,3.0,2.0,25.02,20.3,5.0,1
1006,351.52,65.12,3.0,2.0,31.29,13.43,5.0,1
1007,350.88,64.71,3.0,2.0,31.44,13.27,5.0,1
1008,342.47,59.38,3.0,2.0,33.31,11.22,5.0,1
1009,345.96,61.6,3.0,2.0,32.53,12.08,5.0,1
1010,330.42,51.75,3.0,2.0,35.99,8.29,5.0,1
1011,355.2,67.45,3.0,2.0,30.48,14.33,5.0,1
1012,368.57,75.94,3.0,2.0,27.5,17.59,5.0,1
1013,364.64,73.45,3.0,2.0,28.37,16.63,5.0,1
1014,372.83,78.64,3.0,2.0,26.55,18.63,5.0,1
1015,382.25,84.61,3.0,2.0,24.45,20.93,5.0,1
1016,394.42,92.32,3.0,2.0,21.75,23.89,5.0,1
1017,358.03,69.25,3.0,2.0,29.84,15.02,5.0,1
1018,393.83,91.95,3.0,2.0,21.88,23.75,5.0,1
1019,366.81,74.82,3.0,2.0,27.89,17.16,5.0,1
1020,365.2,73.8,3.0,2.0,28.25,16.77,5.0,1
1021,387.68,88.05,3.0,2.0,23.25,22.25,5.0,1
1022,365.45,73.95,3.0,2.0,28.19,16.83,5.0,1
1023,387.99,88.25,3.0,2.0,23.18,22.33,5.0,1
1024,339.67,57.61,3.0,2.0,33.93,10.54,5.0,1
1025,342.02,59.1,3.0,2.0,33.41,11.11,5.0,1
1026,374.06,79.41,3.0,2.0,26.28,18.93,5.0,1
1027,342.56,59.44,3.0,2.0,33.29,11.25,5.0,1
1028,352.35,65.65,3.0,2.0,31.11,13.63,5.0,1
1029,377.75,81.76,3.0,2.0,25.46,19.83,5.0,1
1030,374.46,79.67,3.0,2.0,26.19,19.03,5.0,1
1031,360.91,71.08,3.0,2.0,29.2,15.72,5.0,1
1032,370.22,76.98,3.0,2.0,27.13,17.99,5.0,1
1033,396.91,93.91,3.0,2.0,21.19,24.5,5.0,1
1034,357.39,68.85,3.0,2.0,29.99,14.86,5.0,1
1035,363.4,72.66,3.0,2.0,28.65,16.33,5.0,1
1036,368.02,75.58,3.0,2.0,27.62,17.46,5.0,1
1037,360.18,70.62,3.0,2.0,29.37,15.54,5.0,1
1038,338.74,57.02,3.0,2.0,34.14,10.32,5.0,1
1039,366.4,74.56,3.0,2.0,27.98,17.06,5.0,1
1040,300.94,61.26,3.0,2.0,39.2,-121.73,-0.3,1
1041,275.35,51.58,3.0,2.0,44.12,-156.47,-1.53,1
1042,301.76,61.57,3.0,2.0,39.04,-120.62,-0.26,1
1043,286.83,55.92,3.0,2.0,41.91,-140.88,-0.98,1
1044,322.99,69.61,3.0,2.0,34.96,-91.8,0.76,1
1045,285.92,55.58,3.0,2.0,42.09,-142.11,-1.02,1
1046,270.09,49.59,3.0,2.0,45.13,-163.6,-1.78,1
1047,272.49,50.5,3.0,2.0,44.67,-160.35,-1.67,1
1048,324.01,69.99,3.0,2.0,34.77,-90.42,0.81,1
1049,293.22,58.34,3.0,2.0,40.68,-132.21,-0.67,1
1050,321.94,69.21,3.0,2.0,35.16,-93.23,0.71,1
1051,270.09,49.59,3.0,2.0,45.13,-163.61,-1.78,1
1052,261.29,46.26,3.0,2.0,46.82,-175.55,-2.21,1
1053,256.55,44.47,3.0,2.0,47.73,-181.98,-2.43,1
1054,299.56,60.74,3.0,2.0,39.47,-123.61,-0.37,1
1055,307.51,63.75,3.0,2.0,37.94,-112.81,0.02,1
1056,266.27,48.14,3.0,2.0,45.86,-168.79,-1.97,1
1057,275.62,51.68,3.0,2.0,44.07,-156.1,-1.52,1
1058,305.9,63.14,3.0,2.0,38.25,-115.0,-0.06,1
1059,261.26,46.25,3.0,2.0,46.83,-175.59,-2.21,1
1060,252.46,42.92,3.0,2.0,48.52,-187.54,-2.63,1
1061,280.86,53.66,3.0,2.0,43.06,-148.98,-1.26,1
1062,321.62,69.09,3.0,2.0,35.23,-93.66,0.69,1
1063,327.8,71.42,3.0,2.0,34.04,-85.27,0.99,1
1064,325.52,70.56,3.0,2.0,34.48,-88.36,0.88,1
1065,266.93,48.39,3.0,2.0,45.74,-167.9,-1.93,1
1066,292.39,58.03,3.0,2.0,40.84,-133.33,-0.71,1
1067,296.2,59.47,3.0,2.0,40.11,-128.16,-0.53,1
1068,257.61,44.87,3.0,2.0,47.53,-180.54,-2.38,1
1069,279.25,53.05,3.0,2.0,43.37,-151.18,-1.34,1
1070,276.05,51.84,3.0,2.0,43.98,-155.51,-1.5,1
1071,308.0,63.93,3.0,2.0,37.84,-112.15,0.04,1
1072,246.34,40.6,3.0,2.0,49.69,-195.84,-2.92,1
1073,293.23,58.35,3.0,2.0,40.68,-132.19,-0.67,1
1074,256.83,44.57,3.0,2.0,47.68,-181.6,-2.42,1
1075,272.39,50.46,3.0,2.0,44.69,-160.48,-1.67,1
1076,306.73,63.45,3.0,2.0,38.09,-113.87,-0.02,1
1077,288.25,56.46,3.0,2.0,41.64,-138.96,-0.91,1
1078,324.53,70.19,3.0,2.0,34.67,-89.71,0.83,1
1079,322.57,69.45,3.0,2.0,35.04,-92.37,0.74,1
1080,320.75,68.76,3.0,2.0,35.39,-94.84,0.65,1
1081,316.74,67.24,3.0,2.0,36.16,-100.29,0.46,1
1082,310.79,64.99,3.0,2.0,37.31,-108.36,0.17,1
1083,301.17,61.35,3.0,2.0,39.16,-121.42,-0.29,1
1084,318.93,68.07,3.0,2.0,35.74,-97.3,0.56,1
1085,309.82,64.62,3.0,2.0,37.49,-109.67,0.13,1
1086,309.98,64.68,3.0,2.0,37.46,-109.46,0.13,1
1087,247.81,41.16,3.0,2.0,49.41,-193.85,-2.85,1
1088,282.5,54.28,3.0,2.0,42.75,-146.76,-1.19,1
1089,319.68,68.35,3.0,2.0,35.6,-96.29,0.6,1
1090,269.59,49.4,3.0,2.0,45.23,-164.28,-1.81,1
1091,270.73,49.83,3.0,2.0,45.01,-162.74,-1.75,1
1092,255.34,44.01,3.0,2.0,47.97,-183.63,-2.49,1
1093,273.64,50.93,3.0,2.0,44.45,-158.79,-1.61,1
1094,270.46,49.73,3.0,2.0,45.06,-163.1,-1.76,1
1095,284.38,55.0,3.0,2.0,42.38,-144.21,-1.1,1
1096,279.96,53.32,3.0,2.0,43.23,-150.21,-1.31,1
1097,304.22,62.5,3.0,2.0,38.57,-117.28,-0.14,1
1098,285.91,55.57,3.0,2.0,42.09,-142.13,-1.02,1
1099,249.17,41.67,3.0,2.0,49.15,-192.01,-2.79,1
1100,313.46,66.0,3.0,2.0,36.79,-104.73,0.3,1
1101,258.31,45.13,3.0,2.0,47.39,-179.59,-2.35,1
1102,276.35,51.96,3.0,2.0,43.93,-155.1,-1.48,1
1103,266.41,48.19,3.0,2.0,45.84,-168.61,-1.96,1
1104,309.46,64.48,3.0,2.0,37.56,-110.17,0.11,1
1105,269.99,49.55,3.0,2.0,45.15,-163.74,-1.79,1
1106,252.37,42.88,3.0,2.0,48.54,-187.66,-2.63,1
1107,318.09,67.75,3.0,2.0,35.91,-98.45,0.52,1
1108,296.74,59.67,3.0,2.0,40.01,-127.43,-0.5,1
1109,315.2,66.66,3.0,2.0,36.46,-102.38,0.38,1
1110,305.03,62.81,3.0,2.0,38.41,-116.17,-0.1,1
1111,299.2,60.6,3.0,2.0,39.53,-124.09,-0.38,1
1112,316.82,67.27,3.0,2.0,36.15,-100.18,0.46,1
1113,277.51,52.4,3.0,2.0,43.7,-153.53,-1.43,1
1114,293.9,58.6,3.0,2.0,40.55,-131.28,-0.64,1
1115,314.05,66.22,3.0,2.0,36.68,-103.94,0.33,1
1116,248.48,41.41,3.0,2.0,49.28,-192.93,-2.82,1
1117,251.79,42.66,3.0,2.0,48.65,-188.44,-2.66,1
1118,301.04,61.3,3.0,2.0,39.18,-121.6,-0.3,1
1119,262.88,46.86,3.0,2.0,46.51,-173.39,-2.13,1
1120,323.1,69.65,3.0,2.0,34.94,-91.65,0.76,1
1121,323.3,69.72,3.0,2.0,34.9,-91.38,0.77,1
1122,276.17,51.89,3.0,2.0,43.96,-155.35,-1.49,1
1123,279.47,53.14,3.0,2.0,43.33,-150.88,-1.33,1
1124,247.09,40.88,3.0,2.0,49.55,-194.83,-2.89,1
1125,299.24,60.62,3.0,2.0,39.53,-124.04,-0.38,1
1126,249.09,41.64,3.0,2.0,49.17,-192.11,-2.79,1
1127,281.91,54.06,3.0,2.0,42.86,-147.56,-1.21,1
1128,256.29,44.37,3.0,2.0,47.78,-182.33,-2.45,1
1129,310.15,64.75,3.0,2.0,37.43,-109.23,0.14,1
1130,250.96,42.35,3.0,2.0,48.81,-189.58,-2.7,1
1131,296.33,59.52,3.0,2.0,40.09,-127.98,-0.52,1
1132,278.25,52.68,3.0,2.0,43.56,-152.53,-1.39,1
1133,254.42,43.66,3.0,2.0,48.14,-184.88,-2.54,1
1134,276.46,52.0,3.0,2.0,43.9,-154.95,-1.48,1
1135,259.67,45.65,3.0,2.0,47.13,-177.75,-2.28,1
1136,260.1,45.81,3.0,2.0,47.05,-177.16,-2.26,1
1137,270.82,49.86,3.0,2.0,44.99,-162.62,-1.75,1
1138,292.88,58.21,3.0,2.0,40.75,-132.67,-0.69,1
1139,303.4,62.19,3.0,2.0,38.73,-118.39,-0.18,1
1140,294.83,58.95,3.0,2.0,40.38,-130.03,-0.59,1
1141,266.99,48.41,3.0,2.0,45.73,-167.81,-1.93,1
1142,300.1,60.94,3.0,2.0,39.36,-122.88,-0.34,1
1143,299.38,60.67,3.0,2.0,39.5,-123.85,-0.38,1
1144,247.65,41.1,3.0,2.0,49.44,-194.07,-2.86,1
1145,245.86,40.42,3.0,2.0,49.79,-196.49,-2.95,1
1146,262.94,46.88,3.0,2.0,46.5,-173.31,-2.13,1
1147,257.5,44.82,3.0,2.0,47.55,-180.7,-2.39,1
1148,251.48,42.54,3.0,2.0,48.71,-188.87,-2.68,1
1149,308.68,64.19,3.0,2.0,37.71,-111.23,0.07,1
1150,287.13,56.04,3.0,2.0,41.85,-140.47,-0.96,1
1151,276.51,52.02,3.0,2.0,43.9,-154.9,-1.47,1
1152,247.64,41.09,3.0,2.0,49.44,-194.08,-2.86,1
1153,266.04,48.06,3.0,2.0,45.91,-169.1,-1.98,1
1154,287.94,56.34,3.0,2.0,41.7,-139.38,-0.92,1
1155,265.94,48.02,3.0,2.0,45.93,-169.24,-1.98,1
1156,318.79,68.01,3.0,2.0,35.77,-97.5,0.56,1
1157,246.77,40.76,3.0,2.0,49.61,-195.26,-2.9,1
1158,251.33,42.49,3.0,2.0,48.74,-189.07,-2.68,1
1159,292.81,58.19,3.0,2.0,40.76,-132.76,-0.69,1
1160,284.27,54.95,3.0,2.0,42.4,-144.35,-1.1,1
1161,310.3,64.8,3.0,2.0,37.4,-109.03,0.15,1
1162,262.46,46.7,3.0,2.0,46.6,-173.95,-2.15,1
1163,257.48,44.82,3.0,2.0,47.55,-180.72,-2.39,1
1164,316.42,67.12,3.0,2.0,36.23,-100.72,0.44,1
1165,257.25,44.73,3.0,2.0,47.6,-181.03,-2.4,1
1166,320.53,68.67,3.0,2.0,35.44,-95.14,0.64,1
1167,321.7,69.11,3.0,2.0,35.21,-93.56,0.7,1
1168,296.87,59.72,3.0,2.0,39.98,-127.25,-0.5,1
1169,264.13,47.33,3.0,2.0,46.28,-171.7,-2.07,1
1170,311.3,65.18,3.0,2.0,37.21,-107.67,0.2,1
1171,284.66,55.1,3.0,2.0,42.33,-143.82,-1.08,1
1172,308.36,64.07,3.0,2.0,37.78,-111.66,0.06,1
1173,285.8,55.53,3.0,2.0,42.11,-142.28,-1.03,1
1174,292.41,58.03,3.0,2.0,40.84,-133.31,-0.71,1
1175,263.32,47.03,3.0,2.0,46.43,-172.79,-2.11,1
1176,272.6,50.54,3.0,2.0,44.65,-160.19,-1.66,1
1177,298.26,60.25,3.0,2.0,39.72,-125.37,-0.43,1
1178,265.71,47.93,3.0,2.0,45.97,-169.55,-1.99,1
1179,279.85,53.28,3.0,2.0,43.25,-150.36,-1.31,1
1180,271.74,50.21,3.0,2.0,44.81,-161.36,-1.7,1
1181,326.49,70.93,3.0,2.0,34.29,-87.05,0.93,1
1182,282.17,54.16,3.0,2.0,42.81,-147.2,-1.2,1
1183,262.19,46.6,3.0,2.0,46.65,-174.33,-2.16,1
1184,261.86,46.48,3.0,2.0,46.71,-174.77,-2.18,1
1185,309.9,64.65,3.0,2.0,37.48,-109.56,0.13,1
1186,265.75,47.95,3.0,2.0,45.96,-169.49,-1.99,1
1187,266.01,48.05,3.0,2.0,45.91,-169.14,-1.98,1
1188,313.43,65.99,3.0,2.0,36.8,-104.77,0.3,1
1189,324.58,70.21,3.0,2.0,34.66,-89.64,0.84,1
1190,253.13,43.17,3.0,2.0,48.39,-186.63,-2.6,1
1191,260.63,46.01,3.0,2.0,46.95,-176.45,-2.24,1
1192,260.66,46.02,3.0,2.0,46.94,-176.4,-2.24,1
1193,253.19,43.19,3.0,2.0,48.38,-186.55,-2.59,1
1194,246.4,40.63,3.0,2.0,49.68,-195.76,-2.92,1
1195,311.0,65.07,3.0,2.0,37.27,-108.07,0.18,1
1196,271.4,50.08,3.0,2.0,44.88,-161.83,-1.72,1
1197,279.43,53.12,3.0,2.0,43.34,-150.93,-1.33,1
1198,283.51,54.67,3.0,2.0,42.55,-145.39,-1.14,1
1199,294.89,58.97,3.0,2.0,40.36,-129.95,-0.59,1
1200,256.02,44.27,3.0,2.0,47.83,-182.7,-2.46,1
1201,310.54,64.89,3.0,2.0,37.36,-108.7,0.16,1
1202,263.2,46.98,3.0,2.0,46.45,-172.96,-2.11,1
1203,324.58,70.2,3.0,2.0,34.66,-89.65,0.84,1
1204,264.78,47.58,3.0,2.0,46.15,-170.82,-2.04,1
1205,258.57,45.23,3.0,2.0,47.34,-179.24,-2.34,1
1206,285.79,55.53,3.0,2.0,42.11,-142.29,-1.03,1
1207,280.54,53.54,3.0,2.0,43.12,-149.42,-1.28,1
1208,304.07,62.45,3.0,2.0,38.6,-117.48,-0.15,1
1209,308.64,64.18,3.0,2.0,37.72,-111.27,0.07,1
1210,248.04,41.24,3.0,2.0,49.37,-193.54,-2.84,1
1211,292.79,58.18,3.0,2.0,40.77,-132.79,-0.69,1
1212,286.62,55.84,3.0,2.0,41.95,-141.17,-0.99,1
1213,259.48,45.57,3.0,2.0,47.17,-178.01,-2.29,1
1214,307.75,63.84,3.0,2.0,37.89,-112.49,0.03,1
1215,257.09,44.67,3.0,2.0,47.63,-181.25,-2.41,1
1216,273.86,51.01,3.0,2.0,44.41,-158.49,-1.6,1
1217,281.33,53.84,3.0,2.0,42.97,-148.35,-1.24,1
1218,248.35,41.36,3.0,2.0,49.31,-193.11,-2.83,1
1219,304.12,62.46,3.0,2.0,38.59,-117.42,-0.15,1
1220,249.03,41.62,3.0,2.0,49.18,-192.18,-2.79,1
1221,313.64,66.07,3.0,2.0,36.76,-104.5,0.31,1
1222,256.72,44.53,3.0,2.0,47.7,-181.75,-2.42,1
1223,251.28,42.47,3.0,2.0,48.74,-189.13,-2.69,1
1224,288.69,56.63,3.0,2.0,41.56,-138.36,-0.89,1
1225,277.36,52.34,3.0,2.0,43.73,-153.74,-1.43,1
1226,289.7,57.01,3.0,2.0,41.36,-136.99,-0.84,1
1227,254.62,43.73,3.0,2.0,48.1,-184.61,-2.53,1
1228,327.91,71.46,3.0,2.0,34.02,-85.13,1.0,1
1229,263.6,47.13,3.0,2.0,46.38,-172.42,-2.09,1
1230,246.19,40.54,3.0,2.0,49.72,-196.05,-2.93,1
1231,325.84,70.68,3.0,2.0,34.41,-87.93,0.9,1
1232,309.59,64.53,3.0,2.0,37.54,-109.99,0.12,1
1233,322.06,69.25,3.0,2.0,35.14,-93.06,0.71,1
1234,306.77,63.47,3.0,2.0,38.08,-113.82,-0.02,1
1235,264.04,47.3,3.0,2.0,46.29,-171.81,-2.07,1
1236,265.86,47.99,3.0,2.0,45.94,-169.35,-1.99,1
1237,281.18,53.78,3.0,2.0,43.0,-148.56,-1.25,1
1238,288.71,56.63,3.0,2.0,41.55,-138.33,-0.89,1
1239,260.82,46.08,3.0,2.0,46.91,-176.19,-2.23,1
1240,295.25,59.11,3.0,2.0,40.29,-129.46,-0.57,1
1241,269.88,49.51,3.0,2.0,45.17,-163.89,-1.79,1
1242,261.94,46.5,3.0,2.0,46.7,-174.67,-2.17,1
1243,272.53,50.51,3.0,2.0,44.66,-160.29,-1.67,1
1244,273.28,50.8,3.0,2.0,44.52,-159.27,-1.63,1
1245,257.32,44.76,3.0,2.0,47.58,-180.93,-2.4,1
1246,272.92,50.66,3.0,2.0,44.59,-159.76,-1.65,1
1247,287.1,56.02,3.0,2.0,41.86,-140.52,-0.97,1
1248,285.56,55.44,3.0,2.0,42.16,-142.61,-1.04,1
1249,309.43,64.47,3.0,2.0,37.57,-110.21,0.11,1
1250,309.55,64.52,3.0,2.0,37.55,-110.04,0.11,1
1251,248.39,41.38,3.0,2.0,49.3,-193.06,-2.83,1
1252,257.22,44.72,3.0,2.0,47.6,-181.08,-2.4,1
1253,266.06,48.06,3.0,2.0,45.9,-169.07,-1.98,1
1254,303.26,62.14,3.0,2.0,38.75,-118.58,-0.19,1
1255,251.82,42.67,3.0,2.0,48.64,-188.41,-2.66,1
1256,268.87,49.13,3.0,2.0,45.36,-165.26,-1.84,1
1257,267.19,48.49,3.0,2.0,45.69,-167.55,-1.92,1
1258,254.85,43.82,3.0,2.0,48.06,-184.29,-2.51,1
1259,299.31,60.64,3.0,2.0,39.51,-123.94,-0.38,1
1260,272.48,50.49,3.0,2.0,44.67,-160.36,-1.67,1
1261,283.99,54.85,3.0,2.0,42.46,-144.74,-1.11,1
1262,284.22,54.93,3.0,2.0,42.41,-144.43,-1.1,1
1263,322.18,69.3,3.0,2.0,35.12,-92.91,0.72,1
1264,295.38,59.16,3.0,2.0,40.27,-129.28,-0.57,1
1265,256.12,44.3,3.0,2.0,47.81,-182.57,-2.45,1
1266,270.26,49.65,3.0,2.0,45.1,-163.38,-1.77,1
1267,246.5,40.66,3.0,2.0,49.66,-195.62,-2.92,1
1268,278.36,52.72,3.0,2.0,43.54,-152.38,-1.39,1
1269,249.65,41.85,3.0,2.0,49.06,-191.35,-2.76,1
1270,322.52,69.43,3.0,2.0,35.05,-92.44,0.74,1
1271,246.5,40.66,3.0,2.0,49.66,-195.63,-2.92,1
1272,252.24,42.83,3.0,2.0,48.56,-187.83,-2.64,1
1273,307.95,63.91,3.0,2.0,37.85,-112.21,0.04,1
1274,251.59,42.59,3.0,2.0,48.68,-188.71,-2.67,1
1275,292.64,58.12,3.0,2.0,40.8,-133.0,-0.7,1
1276,260.26,45.87,3.0,2.0,47.02,-176.94,-2.25,1
1277,296.2,59.47,3.0,2.0,40.11,-128.16,-0.53,1
1278,325.14,70.42,3.0,2.0,34.55,-88.88,0.86,1
1279,317.3,67.45,3.0,2.0,36.06,-99.52,0.49,1
1280,319.19,68.17,3.0,2.0,35.69,-96.95,0.58,1
1281,277.35,52.34,3.0,2.0,43.73,-153.74,-1.43,1
1282,284.44,55.02,3.0,2.0,42.37,-144.12,-1.09,1
1283,255.14,43.93,3.0,2.0,48.0,-183.9,-2.5,1
1284,325.81,70.67,3.0,2.0,34.42,-87.97,0.89,1
1285,253.8,43.42,3.0,2.0,48.26,-185.71,-2.57,1
1286,306.64,63.42,3.0,2.0,38.11,-113.99,-0.03,1
1287,313.62,66.06,3.0,2.0,36.76,-104.51,0.31,1
1288,280.23,53.42,3.0,2.0,43.18,-149.84,-1.3,1
1289,294.93,58.99,3.0,2.0,40.36,-129.89,-0.59,1
1290,260.11,45.81,3.0,2.0,47.05,-177.15,-2.26,1
1291,286.56,55.82,3.0,2.0,41.96,-141.25,-0.99,1
1292,278.56,52.79,3.0,2.0,43.5,-152.1,-1.38,1
1293,272.13,50.36,3.0,2.0,44.74,-160.84,-1.68,1
1294,321.74,69.13,3.0,2.0,35.2,-93.49,0.7,1
1295,249.9,41.95,3.0,2.0,49.01,-191.0,-2.75,1
1296,274.15,51.13,3.0,2.0,44.35,-158.09,-1.59,1
1297,302.38,61.8,3.0,2.0,38.92,-119.78,-0.23,1
1298,298.14,60.2,3.0,2.0,39.74,-125.53,-0.43,1
1299,255.36,44.02,3.0,2.0,47.96,-183.59,-2.49,1
1300,255.73,44.16,3.0,2.0,47.89,-183.09,-2.47,1
1301,259.79,45.69,3.0,2.0,47.11,-177.58,-2.28,1
1302,270.88,49.89,3.0,2.0,44.98,-162.53,-1.74,1
1303,309.95,64.67,3.0,2.0,37.47,-109.5,0.13,1
1304,250.76,42.27,3.0,2.0,48.84,-189.84,-2.71,1
1305,326.34,70.87,3.0,2.0,34.32,-87.26,0.92,1
1306,289.46,56.92,3.0,2.0,41.41,-137.32,-0.85,1
1307,296.69,59.65,3.0,2.0,40.02,-127.5,-0.5,1
1308,256.47,44.43,3.0,2.0,47.75,-182.1,-2.44,1
1309,273.39,50.84,3.0,2.0,44.5,-159.12,-1.62,1
1310,288.89,56.7,3.0,2.0,41.52,-138.09,-0.88,1
1311,295.14,59.07,3.0,2.0,40.31,-129.6,-0.58,1
1312,311.4,65.22,3.0,2.0,37.19,-107.53,0.2,1
1313,287.93,56.34,3.0,2.0,41.7,-139.39,-0.93,1
1314,297.86,60.1,3.0,2.0,39.79,-125.91,-0.45,1
1315,310.5,64.88,3.0,2.0,37.36,-108.76,0.16,1
1316,297.79,60.07,3.0,2.0,39.81,-126.01,-0.45,1
1317,312.95,65.8,3.0,2.0,36.89,-105.43,0.28,1
1318,300.28,61.01,3.0,2.0,39.33,-122.62,-0.33,1
1319,303.25,62.13,3.0,2.0,38.76,-118.6,-0.19,1
1320,254.83,43.81,3.0,2.0,48.06,-184.32,-2.52,1
1321,274.55,51.28,3.0,2.0,44.27,-157.55,-1.57,1
1322,283.97,54.84,3.0,2.0,42.46,-144.76,-1.12,1
1323,255.1,43.92,3.0,2.0,48.01,-183.95,-2.5,1
1324,294.33,58.76,3.0,2.0,40.47,-130.7,-0.62,1
1325,319.83,68.41,3.0,2.0,35.57,-96.08,0.61,1
1326,296.14,59.44,3.0,2.0,40.12,-128.25,-0.53,1
1327,282.77,54.38,3.0,2.0,42.69,-146.4,-1.17,1
1328,261.24,46.24,3.0,2.0,46.83,-175.61,-2.21,1
1329,261.24,46.24,3.0,2.0,46.83,-175.62,-2.21,1
1330,279.76,53.25,3.0,2.0,43.27,-150.47,-1.32,1
1331,285.92,55.58,3.0,2.0,42.09,-142.12,-1.02,1
1332,311.31,65.18,3.0,2.0,37.21,-107.65,0.2,1
1333,276.35,51.96,3.0,2.0,43.93,-155.11,-1.48,1
1334,315.07,66.61,3.0,2.0,36.48,-102.54,0.38,1
1335,306.89,63.51,3.0,2.0,38.06,-113.65,-0.01,1
1336,285.98,55.6,3.0,2.0,42.08,-142.03,-1.02,1
1337,247.95,41.21,3.0,2.0,49.39,-193.66,-2.85,1
1338,316.7,67.22,3.0,2.0,36.17,-100.34,0.46,1
1339,308.11,63.97,3.0,2.0,37.82,-112.0,0.04,1
1340,249.21,41.69,3.0,2.0,49.14,-191.94,-2.79,1
1341,248.07,41.26,3.0,2.0,49.36,-193.49,-2.84,1
1342,313.24,65.92,3.0,2.0,36.84,-105.03,0.29,1
1343,249.11,41.65,3.0,2.0,49.16,-192.08,-2.79,1
1344,250.41,42.14,3.0,2.0,48.91,-190.32,-2.73,1
1345,288.56,56.57,3.0,2.0,41.58,-138.54,-0.9,1
1346,303.19,62.11,3.0,2.0,38.77,-118.67,-0.19,1
1347,275.39,51.59,3.0,2.0,44.11,-156.41,-1.53,1
1348,288.46,56.54,3.0,2.0,41.6,-138.67,-0.9,1
1349,280.44,53.5,3.0,2.0,43.14,-149.56,-1.29,1
1350,305.61,63.03,3.0,2.0,38.3,-115.39,-0.08,1
1351,314.7,66.47,3.0,2.0,36.56,-103.05,0.36,1
1352,311.66,65.32,3.0,2.0,37.14,-107.18,0.21,1
1353,268.56,49.01,3.0,2.0,45.42,-165.69,-1.86,1
1354,314.07,66.23,3.0,2.0,36.68,-103.91,0.33,1
1355,316.34,67.09,3.0,2.0,36.24,-100.83,0.44,1
1356,267.56,48.63,3.0,2.0,45.62,-167.03,-1.9,1
1357,272.31,50.43,3.0,2.0,44.7,-160.59,-1.68,1
1358,267.05,48.44,3.0,2.0,45.71,-167.74,-1.93,1
1359,305.42,62.96,3.0,2.0,38.34,-115.64,-0.08,1
1360,325.24,70.46,3.0,2.0,34.53,-88.75,0.87,1
1361,300.95,61.26,3.0,2.0,39.2,-121.72,-0.3,1
1362,258.91,45.36,3.0,2.0,47.28,-178.78,-2.32,1
1363,256.84,44.58,3.0,2.0,47.68,-181.59,-2.42,1
1364,276.83,52.14,3.0,2.0,43.83,-154.46,-1.46,1
1365,326.58,70.96,3.0,2.0,34.27,-86.93,0.93,1
1366,299.1,60.56,3.0,2.0,39.55,-124.23,-0.39,1
1367,266.96,48.4,3.0,2.0,45.73,-167.85,-1.93,1
1368,255.79,44.18,3.0,2.0,47.88,-183.02,-2.47,1
1369,265.85,47.98,3.0,2.0,45.95,-169.36,-1.99,1
1370,261.4,46.3,3.0,2.0,46.8,-175.4,-2.2,1
1371,288.83,56.68,3.0,2.0,41.53,-138.17,-0.88,1
1372,271.93,50.28,3.0,2.0,44.78,-161.11,-1.69,1
1373,281.76,54.0,3.0,2.0,42.89,-147.77,-1.22,1
1374,276.79,52.12,3.0,2.0,43.84,-154.52,-1.46,1
1375,304.5,62.61,3.0,2.0,38.52,-116.89,-0.13,1
1376,295.66,59.26,3.0,2.0,40.22,-128.9,-0.55,1
1377,286.55,55.82,3.0,2.0,41.97,-141.27,-0.99,1
1378,288.34,56.49,3.0,2.0,41.62,-138.83,-0.91,1
1379,289.71,57.01,3.0,2.0,41.36,-136.97,-0.84,1
1380,298.94,60.5,3.0,2.0,39.58,-124.44,-0.4,1
1381,316.55,67.17,3.0,2.0,36.2,-100.54,0.45,1
1382,274.28,51.17,3.0,2.0,44.32,-157.92,-1.58,1
1383,307.37,63.69,3.0,2.0,37.97,-113.01,0.01,1
1384,298.86,60.47,3.0,2.0,39.6,-124.55,-0.4,1
1385,250.43,42.15,3.0,2.0,48.91,-190.28,-2.73,1
1386,316.96,67.32,3.0,2.0,36.12,-99.98,0.47,1
1387,278.07,52.61,3.0,2.0,43.6,-152.77,-1.4,1
1388,290.95,57.48,3.0,2.0,41.12,-135.29,-0.78,1
1389,280.45,53.51,3.0,2.0,43.14,-149.54,-1.28,1
1390,265.63,47.9,3.0,2.0,45.99,-169.66,-2.0,1
1391,284.0,54.85,3.0,2.0,42.46,-144.72,-1.11,1
1392,257.92,44.98,3.0,2.0,47.47,-180.13,-2.37,1
1393,288.08,56.4,3.0,2.0,41.67,-139.18,-0.92,1
1394,314.39,66.35,3.0,2.0,36.62,-103.48,0.35,1
1395,289.03,56.76,3.0,2.0,41.49,-137.89,-0.87,1
1396,302.12,61.71,3.0,2.0,38.97,-120.13,-0.24,1
1397,327.07,71.15,3.0,2.0,34.18,-86.27,0.96,1
1398,257.95,44.99,3.0,2.0,47.46,-180.09,-2.37,1
1399,276.18,51.89,3.0,2.0,43.96,-155.34,-1.49,1
1400,258.67,45.27,3.0,2.0,47.33,-179.11,-2.33,1
1401,295.4,59.17,3.0,2.0,40.26,-129.24,-0.57,1
1402,246.26,40.57,3.0,2.0,49.71,-195.95,-2.93,1
1403,292.95,58.24,3.0,2.0,40.74,-132.58,-0.68,1
1404,292.86,58.2,3.0,2.0,40.75,-132.7,-0.69,1
1405,251.56,42.58,3.0,2.0,48.69,-188.76,-2.67,1
1406,292.21,57.96,3.0,2.0,40.88,-133.58,-0.72,1
1407,269.69,49.44,3.0,2.0,45.21,-164.15,-1.8,1
1408,295.24,59.1,3.0,2.0,40.3,-129.47,-0.57,1
1409,253.01,43.13,3.0,2.0,48.41,-186.79,-2.6,1
1410,271.07,49.96,3.0,2.0,44.94,-162.27,-1.74,1
1411,289.11,56.78,3.0,2.0,41.47,-137.79,-0.87,1
1412,256.95,44.62,3.0,2.0,47.65,-181.43,-2.41,1
1413,302.17,61.73,3.0,2.0,38.96,-120.06,-0.24,1
1414,303.58,62.26,3.0,2.0,38.69,-118.15,-0.17,1
1415,319.16,68.16,3.0,2.0,35.7,-96.99,0.58,1
1416,276.18,51.89,3.0,2.0,43.96,-155.34,-1.49,1
1417,272.97,50.68,3.0,2.0,44.58,-159.7,-1.64,1
1418,312.8,65.75,3.0,2.0,36.92,-105.64,0.27,1
1419,269.57,49.39,3.0,2.0,45.23,-164.3,-1.81,1
1420,255.27,43.98,3.0,2.0,47.98,-183.72,-2.49,1
1421,301.52,61.48,3.0,2.0,39.09,-120.94,-0.27,1
1422,304.7,62.68,3.0,2.0,38.48,-116.63,-0.12,1
1423,266.39,48.19,3.0,2.0,45.84,-168.63,-1.96,1
1424,315.8,66.88,3.0,2.0,36.34,-101.56,0.41,1
1425,252.75,43.03,3.0,2.0,48.46,-187.14,-2.62,1
1426,245.54,40.3,3.0,2.0,49.85,-196.93,-2.96,1
1427,254.33,43.62,3.0,2.0,48.16,-185.0,-2.54,1
1428,265.06,47.68,3.0,2.0,46.1,-170.43,-2.02,1
1429,264.76,47.57,3.0,2.0,46.15,-170.84,-2.04,1
1430,291.38,57.65,3.0,2.0,41.04,-134.7,-0.76,1
1431,246.95,40.83,3.0,2.0,49.58,-195.02,-2.89,1
1432,282.16,54.16,3.0,2.0,42.81,-147.22,-1.2,1
1433,309.91,64.65,3.0,2.0,37.48,-109.56,0.13,1
1434,305.52,62.99,3.0,2.0,38.32,-115.52,-0.08,1
1435,289.24,56.84,3.0,2.0,41.45,-137.61,-0.86,1
1436,281.46,53.89,3.0,2.0,42.94,-148.17,-1.24,1
1437,320.81,68.78,3.0,2.0,35.38,-94.76,0.65,1
1438,277.21,52.28,3.0,2.0,43.76,-153.94,-1.44,1
1439,323.7,69.87,3.0,2.0,34.83,-90.84,0.79,1
1440,253.84,43.44,3.0,2.0,48.25,-185.66,-2.56,1
1441,288.82,56.68,3.0,2.0,41.53,-138.18,-0.88,1
1442,248.34,41.36,3.0,2.0,49.31,-193.12,-2.83,1
1443,282.46,54.27,3.0,2.0,42.75,-146.81,-1.19,1
1444,293.06,58.28,3.0,2.0,40.71,-132.42,-0.68,1
1445,311.85,65.39,3.0,2.0,37.1,-106.93,0.22,1
1446,291.44,57.67,3.0,2.0,41.03,-134.63,-0.76,1
1447,308.16,63.99,3.0,2.0,37.81,-111.94,0.05,1
1448,261.49,46.33,3.0,2.0,46.78,-175.27,-2.2,1
1449,247.6,41.08,3.0,2.0,49.45,-194.13,-2.86,1
1450,253.11,43.16,3.0,2.0,48.39,-186.65,-2.6,1
1451,312.44,65.61,3.0,2.0,36.99,-106.12,0.25,1
1452,267.16,48.48,3.0,2.0,45.69,-167.58,-1.92,1
1453,327.7,71.39,3.0,2.0,34.06,-85.41,0.99,1
1454,295.27,59.12,3.0,2.0,40.29,-129.42,-0.57,1
1455,256.47,44.44,3.0,2.0,47.75,-182.09,-2.44,1
1456,276.28,51.93,3.0,2.0,43.94,-155.2,-1.49,1
1457,253.29,43.23,3.0,2.0,48.36,-186.41,-2.59,1
1458,268.67,49.05,3.0,2.0,45.4,-165.53,-1.85,1
1459,246.62,40.71,3.0,2.0,49.64,-195.47,-2.91,1
1460,326.95,71.1,3.0,2.0,34.2,-86.42,0.95,1
1461,280.86,53.66,3.0,2.0,43.06,-148.98,-1.26,1
1462,315.48,66.76,3.0,2.0,36.41,-102.0,0.4,1
1463,303.78,62.34,3.0,2.0,38.65,-117.87,-0.16,1
1464,321.84,69.17,3.0,2.0,35.18,-93.36,0.7,1
1465,262.12,46.57,3.0,2.0,46.66,-174.42,-2.17,1
1466,307.62,63.79,3.0,2.0,37.92,-112.66,0.02,1
1467,271.49,50.12,3.0,2.0,44.86,-161.7,-1.72,1
1468,312.49,65.63,3.0,2.0,36.98,-106.05,0.25,1
1469,276.7,52.09,3.0,2.0,43.86,-154.63,-1.46,1
1470,318.85,68.04,3.0,2.0,35.76,-97.42,0.56,1
1471,307.82,63.86,3.0,2.0,37.88,-112.4,0.03,1
1472,258.4,45.17,3.0,2.0,47.38,-179.47,-2.34,1
1473,324.11,70.03,3.0,2.0,34.75,-90.28,0.81,1
1474,318.84,68.03,3.0,2.0,35.76,-97.43,0.56,1
1475,251.58,42.58,3.0,2.0,48.69,-188.73,-2.67,1
1476,267.36,48.56,3.0,2.0,45.65,-167.3,-1.91,1
1477,321.38,69.0,3.0,2.0,35.27,-93.98,0.68,1
1478,316.31,67.08,3.0,2.0,36.25,-100.87,0.44,1
1479,321.0,68.85,3.0,2.0,35.35,-94.51,0.66,1
1480,251.67,42.62,3.0,2.0,48.67,-188.6,-2.67,1
1481,265.39,47.81,3.0,2.0,46.03,-169.98,-2.01,1
1482,316.77,67.25,3.0,2.0,36.16,-100.24,0.46,1
1483,250.4,42.14,3.0,2.0,48.91,-190.33,-2.73,1
1484,251.45,42.53,3.0,2.0,48.71,-188.91,-2.68,1
1485,323.01,69.61,3.0,2.0,34.96,-91.77,0.76,1
1486,286.54,55.81,3.0,2.0,41.97,-141.28,-0.99,1
1487,290.74,57.4,3.0,2.0,41.16,-135.58,-0.79,1
1488,280.92,53.69,3.0,2.0,43.05,-148.9,-1.26,1
1489,273.07,50.72,3.0,2.0,44.56,-159.56,-1.64,1
1490,271.76,50.22,3.0,2.0,44.81,-161.34,-1.7,1
1491,318.75,68.0,3.0,2.0,35.78,-97.56,0.56,1
1492,315.71,66.85,3.0,2.0,36.36,-101.68,0.41,1
1493,301.76,61.57,3.0,2.0,39.04,-120.61,-0.26,1
1494,279.54,53.16,3.0,2.0,43.31,-150.78,-1.33,1
1495,281.49,53.9,3.0,2.0,42.94,-148.14,-1.23,1
1496,267.05,48.44,3.0,2.0,45.71,-167.73,-1.93,1
1497,271.28,50.04,3.0,2.0,44.9,-161.99,-1.73,1
1498,269.69,49.44,3.0,2.0,45.21,-164.15,-1.8,1
1499,312.95,65.81,3.0,2.0,36.89,-105.42,0.28,1
1500,251.4,42.51,3.0,2.0,48.72,-188.98,-2.68,1
1501,264.59,47.51,3.0,2.0,46.19,-171.07,-2.05,1
1502,252.51,42.94,3.0,2.0,48.51,-187.47,-2.63,1
1503,272.24,50.4,3.0,2.0,44.72,-160.68,-1.68,1
1504,318.0,67.71,3.0,2.0,35.92,-98.58,0.52,1
1505,282.19,54.17,3.0,2.0,42.8,-147.18,-1.2,1
1506,314.25,66.3,3.0,2.0,36.64,-103.67,0.34,1
1507,266.75,48.32,3.0,2.0,45.77,-168.14,-1.94,1
1508,304.25,62.52,3.0,2.0,38.56,-117.23,-0.14,1
1509,293.66,58.51,3.0,2.0,40.6,-131.61,-0.65,1
1510,257.73,44.91,3.0,2.0,47.5,-180.37,-2.38,1
1511,255.56,44.09,3.0,2.0,47.92,-183.33,-2.48,1
1512,259.71,45.66,3.0,2.0,47.13,-177.7,-2.28,1
1513,302.58,61.88,3.0,2.0,38.89,-119.5,-0.22,1
1514,325.43,70.53,3.0,2.0,34.49,-88.49,0.88,1
1515,282.89,54.43,3.0,2.0,42.67,-146.23,-1.17,1
1516,307.72,63.83,3.0,2.0,37.9,-112.52,0.03,1
1517,288.16,56.42,3.0,2.0,41.66,-139.08,-0.91,1
1518,326.94,71.1,3.0,2.0,34.2,-86.44,0.95,1
1519,252.05,42.76,3.0,2.0,48.6,-188.09,-2.65,1
1520,308.89,64.27,3.0,2.0,37.67,-110.93,0.08,1
1521,256.93,44.61,3.0,2.0,47.66,-181.47,-2.41,1
1522,308.72,64.21,3.0,2.0,37.71,-111.17,0.07,1
1523,327.83,71.44,3.0,2.0,34.03,-85.23,0.99,1
1524,274.59,51.29,3.0,2.0,44.26,-157.5,-1.57,1
1525,318.09,67.75,3.0,2.0,35.91,-98.46,0.52,1
1526,269.52,49.37,3.0,2.0,45.24,-164.37,-1.81,1
1527,246.92,40.82,3.0,2.0,49.58,-195.06,-2.9,1
1528,270.46,49.73,3.0,2.0,45.06,-163.1,-1.76,1
1529,271.85,50.25,3.0,2.0,44.79,-161.22,-1.7,1
1530,292.03,57.89,3.0,2.0,40.91,-133.82,-0.73,1
1531,309.47,64.49,3.0,2.0,37.56,-110.15,0.11,1
1532,291.75,57.78,3.0,2.0,40.97,-134.21,-0.74,1
1533,250.47,42.16,3.0,2.0,48.9,-190.24,-2.73,1
1534,321.71,69.12,3.0,2.0,35.21,-93.54,0.7,1
1535,321.0,68.85,3.0,2.0,35.34,-94.5,0.66,1
1536,317.36,67.47,3.0,2.0,36.04,-99.44,0.49,1
1537,314.76,66.49,3.0,2.0,36.54,-102.97,0.36,1
1538,259.22,45.47,3.0,2.0,47.22,-178.36,-2.3,1
1539,320.66,68.72,3.0,2.0,35.41,-94.96,0.65,1
1540,269.51,49.37,3.0,2.0,45.24,-164.4,-1.81,1
1541,314.32,66.32,3.0,2.0,36.63,-103.57,0.34,1
1542,311.31,65.19,3.0,2.0,37.21,-107.65,0.2,1
1543,251.15,42.42,3.0,2.0,48.77,-189.32,-2.69,1
1544,318.2,67.79,3.0,2.0,35.88,-98.3,0.53,1
1545,269.23,49.26,3.0,2.0,45.3,-164.77,-1.82,1
1546,245.36,40.23,3.0,2.0,49.88,-197.17,-2.97,1
1547,299.18,60.6,3.0,2.0,39.54,-124.12,-0.38,1
1548,285.96,55.59,3.0,2.0,42.08,-142.07,-1.02,1
1549,284.62,55.08,3.0,2.0,42.34,-143.89,-1.08,1
1550,256.94,44.61,3.0,2.0,47.66,-181.45,-2.41,1
1551,290.06,57.14,3.0,2.0,41.29,-136.5,-0.82,1
1552,248.31,41.35,3.0,2.0,49.32,-193.17,-2.83,1
1553,278.66,52.83,3.0,2.0,43.48,-151.97,-1.37,1
1554,253.78,43.42,3.0,2.0,48.26,-185.74,-2.57,1
1555,249.14,41.66,3.0,2.0,49.16,-192.05,-2.79,1
1556,271.54,50.14,3.0,2.0,44.85,-161.63,-1.71,1
1557,254.4,43.65,3.0,2.0,48.15,-184.9,-2.54,1
1558,245.78,40.39,3.0,2.0,49.8,-196.61,-2.95,1
1559,264.2,47.36,3.0,2.0,46.26,-171.61,-2.07,1
1560,302.76,61.95,3.0,2.0,38.85,-119.26,-0.21,1
1561,267.49,48.61,3.0,2.0,45.63,-167.13,-1.91,1
1562,262.74,46.81,3.0,2.0,46.54,-173.58,-2.14,1
1563,323.19,69.68,3.0,2.0,34.92,-91.52,0.77,1
1564,277.04,52.22,3.0,2.0,43.79,-154.17,-1.45,1
1565,320.75,68.76,3.0,2.0,35.39,-94.84,0.65,1
1566,256.23,44.34,3.0,2.0,47.79,-182.42,-2.45,1
1567,273.83,51.0,3.0,2.0,44.41,-158.52,-1.6,1
1568,256.46,44.43,3.0,2.0,47.75,-182.1,-2.44,1
1569,261.22,46.23,3.0,2.0,46.83,-175.65,-2.21,1
1570,290.77,57.41,3.0,2.0,41.16,-135.54,-0.79,1
1571,268.92,49.14,3.0,2.0,45.36,-165.2,-1.84,1
1572,323.75,69.89,3.0,2.0,34.82,-90.77,0.8,1
1573,293.42,58.42,3.0,2.0,40.65,-131.94,-0.66,1
1574,313.61,66.05,3.0,2.0,36.77,-104.54,0.31,1
1575,309.67,64.56,3.0,2.0,37.52,-109.88,0.12,1
1576,259.49,45.58,3.0,2.0,47.17,-177.99,-2.29,1
1577,269.14,49.23,3.0,2.0,45.31,-164.89,-1.83,1
1578,315.33,66.71,3.0,2.0,36.43,-102.19,0.39,1
1579,319.52,68.29,3.0,2.0,35.63,-96.51,0.59,1
1580,250.61,42.22,3.0,2.0,48.87,-190.05,-2.72,1
1581,307.12,63.6,3.0,2.0,38.01,-113.34,-0.0,1
1582,301.38,61.43,3.0,2.0,39.12,-121.14,-0.28,1
1583,285.39,55.38,3.0,2.0,42.19,-142.84,-1.05,1
1584,277.1,52.24,3.0,2.0,43.78,-154.09,-1.45,1
1585,291.59,57.72,3.0,2.0,41.0,-134.42,-0.75,1
1586,304.43,62.58,3.0,2.0,38.53,-116.99,-0.13,1
1587,256.24,44.35,3.0,2.0,47.79,-182.4,-2.45,1
1588,250.43,42.15,3.0,2.0,48.91,-190.29,-2.73,1
1589,287.39,56.14,3.0,2.0,41.8,-140.12,-0.95,1
1590,299.19,60.6,3.0,2.0,39.54,-124.11,-0.38,1
1591,249.06,41.63,3.0,2.0,49.17,-192.15,-2.79,1
1592,292.91,58.22,3.0,2.0,40.74,-132.63,-0.69,1
1593,306.78,63.47,3.0,2.0,38.08,-113.8,-0.02,1
1594,326.8,71.05,3.0,2.0,34.23,-86.63,0.94,1
1595,250.4,42.14,3.0,2.0,48.91,-190.33,-2.73,1
1596,245.65,40.34,3.0,2.0,49.83,-196.78,-2.96,1
1597,316.32,67.08,3.0,2.0,36.24,-100.85,0.44,1
1598,260.12,45.82,3.0,2.0,47.05,-177.13,-2.26,1
1599,272.46,50.49,3.0,2.0,44.67,-160.38,-1.67,1
1600,270.35,49.69,3.0,2.0,45.08,-163.25,-1.77,1
1601,307.68,63.81,3.0,2.0,37.9,-112.58,0.02,1
1602,284.12,54.9,3.0,2.0,42.43,-144.55,-1.11,1
1603,275.99,51.82,3.0,2.0,44.0,-155.59,-1.5,1
1604,326.23,70.83,3.0,2.0,34.34,-87.4,0.92,1
1605,246.14,40.53,3.0,2.0,49.73,-196.11,-2.93,1
1606,317.41,67.49,3.0,2.0,36.04,-99.38,0.49,1
1607,282.92,54.44,3.0,2.0,42.66,-146.2,-1.17,1
1608,286.35,55.74,3.0,2.0,42.0,-141.53,-1.0,1
1609,255.06,43.9,3.0,2.0,48.02,-184.0,-2.5,1
1610,297.89,60.11,3.0,2.0,39.79,-125.87,-0.45,1
1611,318.49,67.9,3.0,2.0,35.83,-97.91,0.54,1
1612,327.92,71.47,3.0,2.0,34.02,-85.11,1.0,1
1613,310.09,64.72,3.0,2.0,37.44,-109.31,0.14,1
1614,291.43,57.66,3.0,2.0,41.03,-134.64,-0.76,1
1615,268.99,49.17,3.0,2.0,45.34,-165.1,-1.84,1
1616,281.42,53.87,3.0,2.0,42.95,-148.23,-1.24,1
1617,280.57,53.55,3.0,2.0,43.12,-149.38,-1.28,1
1618,263.41,47.06,3.0,2.0,46.41,-172.67,-2.1,1
1619,294.51,58.83,3.0,2.0,40.44,-130.46,-0.61,1
1620,281.69,53.98,3.0,2.0,42.9,-147.86,-1.23,1
1621,324.82,70.3,3.0,2.0,34.61,-89.32,0.85,1
1622,324.92,70.33,3.0,2.0,34.59,-89.18,0.85,1
1623,326.9,71.08,3.0,2.0,34.21,-86.49,0.95,1
1624,248.92,41.58,3.0,2.0,49.2,-192.35,-2.8,1
1625,299.3,60.64,3.0,2.0,39.52,-123.96,-0.38,1
1626,287.68,56.24,3.0,2.0,41.75,-139.73,-0.94,1
1627,287.16,56.05,3.0,2.0,41.85,-140.44,-0.96,1
1628,265.58,47.88,3.0,2.0,46.0,-169.73,-2.0,1
1629,277.71,52.47,3.0,2.0,43.67,-153.27,-1.42,1
1630,258.39,45.16,3.0,2.0,47.38,-179.48,-2.34,1
1631,318.93,68.07,3.0,2.0,35.74,-97.31,0.56,1
1632,246.27,40.57,3.0,2.0,49.71,-195.94,-2.93,1
1633,273.23,50.77,3.0,2.0,44.53,-159.35,-1.63,1
1634,305.21,62.88,3.0,2.0,38.38,-115.94,-0.1,1
1635,295.9,59.35,3.0,2.0,40.17,-128.58,-0.54,1
1636,269.18,49.24,3.0,2.0,45.3,-164.84,-1.83,1
1637,314.81,66.51,3.0,2.0,36.54,-102.91,0.37,1
1638,282.75,54.38,3.0,2.0,42.7,-146.42,-1.17,1
1639,290.13,57.17,3.0,2.0,41.28,-136.41,-0.82,1
1640,272.9,50.65,3.0,2.0,44.59,-159.79,-1.65,1
1641,257.22,44.72,3.0,2.0,47.6,-181.08,-2.4,1
1642,314.08,66.23,3.0,2.0,36.67,-103.89,0.33,1
1643,284.57,55.07,3.0,2.0,42.35,-143.95,-1.09,1
1644,284.3,54.96,3.0,2.0,42.4,-144.32,-1.1,1
1645,246.77,40.77,3.0,2.0,49.61,-195.25,-2.9,1
1646,307.41,63.71,3.0,2.0,37.96,-112.95,0.01,1
1647,316.75,67.24,3.0,2.0,36.16,-100.26,0.46,1
1648,315.51,66.77,3.0,2.0,36.4,-101.96,0.4,1
1649,263.99,47.28,3.0,2.0,46.3,-171.88,-2.08,1
1650,275.03,51.46,3.0,2.0,44.18,-156.9,-1.55,1
1651,280.0,53.34,3.0,2.0,43.22,-150.15,-1.31,1
1652,252.94,43.1,3.0,2.0,48.43,-186.89,-2.61,1
1653,312.79,65.75,3.0,2.0,36.92,-105.64,0.27,1
1654,318.74,68.0,3.0,2.0,35.78,-97.57,0.56,1
1655,292.77,58.17,3.0,2.0,40.77,-132.83,-0.69,1
1656,257.86,44.96,3.0,2.0,47.48,-180.2,-2.37,1
1657,305.8,63.1,3.0,2.0,38.27,-115.13,-0.07,1
1658,275.87,51.77,3.0,2.0,44.02,-155.76,-1.5,1
1659,311.44,65.24,3.0,2.0,37.18,-107.47,0.2,1
1660,296.17,59.45,3.0,2.0,40.12,-128.21,-0.53,1
1661,292.5,58.07,3.0,2.0,40.82,-133.19,-0.71,1
1662,281.96,54.08,3.0,2.0,42.85,-147.5,-1.21,1
1663,316.12,67.0,3.0,2.0,36.28,-101.13,0.43,1
1664,292.8,58.18,3.0,2.0,40.76,-132.78,-0.69,1
1665,257.95,44.99,3.0,2.0,47.46,-180.09,-2.37,1
1666,296.14,59.44,3.0,2.0,40.12,-128.25,-0.53,1
1667,267.8,48.72,3.0,2.0,45.57,-166.71,-1.89,1
1668,270.26,49.65,3.0,2.0,45.1,-163.37,-1.77,1
1669,255.77,44.17,3.0,2.0,47.88,-183.05,-2.47,1
1670,319.8,68.4,3.0,2.0,35.58,-96.13,0.61,1
1671,305.97,63.16,3.0,2.0,38.23,-114.9,-0.06,1
1672,322.19,69.3,3.0,2.0,35.12,-92.88,0.72,1
1673,327.42,71.28,3.0,2.0,34.11,-85.79,0.97,1
1674,275.72,51.72,3.0,2.0,44.05,-155.97,-1.51,1
1675,298.81,60.45,3.0,2.0,39.61,-124.63,-0.4,1
1676,300.04,60.92,3.0,2.0,39.37,-122.95,-0.34,1
1677,321.16,68.91,3.0,2.0,35.32,-94.29,0.67,1
1678,302.01,61.67,3.0,2.0,38.99,-120.27,-0.25,1
1679,307.11,63.6,3.0,2.0,38.01,-113.35,-0.0,1
1680,244.87,40.05,3.0,2.0,49.98,-197.84,-2.99,1
1681,320.97,68.84,3.0,2.0,35.35,-94.55,0.66,1
1682,303.06,62.06,3.0,2.0,38.79,-118.86,-0.2,1
1683,250.21,42.06,3.0,2.0,48.95,-190.6,-2.74,1
1684,282.51,54.29,3.0,2.0,42.74,-146.74,-1.19,1
1685,287.92,56.34,3.0,2.0,41.7,-139.4,-0.93,1
1686,266.73,48.32,3.0,2.0,45.78,-168.17,-1.94,1
1687,323.93,69.96,3.0,2.0,34.78,-90.53,0.8,1
1688,323.74,69.89,3.0,2.0,34.82,-90.78,0.8,1
1689,300.66,61.15,3.0,2.0,39.26,-122.11,-0.31,1
1690,271.32,50.05,3.0,2.0,44.89,-161.93,-1.72,1
1691,292.25,57.97,3.0,2.0,40.87,-133.53,-0.72,1
1692,259.54,45.6,3.0,2.0,47.16,-177.92,-2.29,1
1693,297.34,59.9,3.0,2.0,39.89,-126.62,-0.47,1
1694,282.47,54.27,3.0,2.0,42.75,-146.8,-1.19,1
1695,263.56,47.12,3.0,2.0,46.39,-172.47,-2.1,1
1696,288.48,56.55,3.0,2.0,41.6,-138.64,-0.9,1
1697,246.4,40.62,3.0,2.0,49.68,-195.76,-2.92,1
1698,274.24,51.16,3.0,2.0,44.33,-157.97,-1.58,1
1699,265.34,47.79,3.0,2.0,46.04,-170.05,-2.01,1
1700,290.82,57.43,3.0,2.0,41.15,-135.47,-0.79,1
1701,254.43,43.66,3.0,2.0,48.14,-184.86,-2.53,1
1702,254.12,43.54,3.0,2.0,48.2,-185.28,-2.55,1
1703,282.56,54.31,3.0,2.0,42.73,-146.68,-1.18,1
1704,323.74,69.89,3.0,2.0,34.82,-90.78,0.8,1
1705,290.75,57.41,3.0,2.0,41.16,-135.56,-0.79,1
1706,282.2,54.17,3.0,2.0,42.8,-147.17,-1.2,1
1707,303.34,62.17,3.0,2.0,38.74,-118.48,-0.18,1
1708,317.91,67.68,3.0,2.0,35.94,-98.7,0.52,1
1709,300.78,61.2,3.0,2.0,39.23,-121.94,-0.31,1
1710,260.03,45.78,3.0,2.0,47.06,-177.26,-2.27,1
1711,283.59,54.7,3.0,2.0,42.53,-145.28,-1.13,1
1712,272.37,50.45,3.0,2.0,44.69,-160.51,-1.67,1
1713,263.81,47.21,3.0,2.0,46.34,-172.12,-2.08,1
1714,277.73,52.48,3.0,2.0,43.66,-153.23,-1.42,1
1715,325.09,70.4,3.0,2.0,34.56,-88.95,0.86,1
1716,302.03,61.67,3.0,2.0,38.99,-120.26,-0.25,1
1717,258.47,45.19,3.0,2.0,47.36,-179.38,-2.34,1
1718,280.28,53.44,3.0,2.0,43.17,-149.78,-1.29,1
1719,301.11,61.33,3.0,2.0,39.17,-121.5,-0.29,1
1720,311.25,65.16,3.0,2.0,37.22,-107.73,0.2,1
1721,245.89,40.43,3.0,2.0,49.78,-196.45,-2.95,1
1722,277.48,52.38,3.0,2.0,43.71,-153.57,-1.43,1
1723,271.88,50.27,3.0,2.0,44.79,-161.18,-1.7,1
1724,249.67,41.86,3.0,2.0,49.05,-191.32,-2.76,1
1725,259.8,45.69,3.0,2.0,47.11,-177.58,-2.28,1
1726,317.96,67.7,3.0,2.0,35.93,-98.62,0.52,1
1727,277.54,52.41,3.0,2.0,43.7,-153.5,-1.42,1
1728,256.43,44.42,3.0,2.0,47.75,-182.14,-2.44,1
1729,303.9,62.38,3.0,2.0,38.63,-117.71,-0.16,1
1730,327.95,71.48,3.0,2.0,34.01,-85.07,1.0,1
1731,300.95,61.26,3.0,2.0,39.2,-121.72,-0.3,1
1732,298.59,60.37,3.0,2.0,39.65,-124.93,-0.41,1
1733,312.04,65.46,3.0,2.0,37.07,-106.67,0.23,1
1734,292.08,57.91,3.0,2.0,40.9,-133.76,-0.73,1
1735,271.59,50.16,3.0,2.0,44.84,-161.57,-1.71,1
1736,283.84,54.79,3.0,2.0,42.49,-144.94,-1.12,1
1737,285.61,55.46,3.0,2.0,42.15,-142.54,-1.04,1
1738,258.85,45.34,3.0,2.0,47.29,-178.86,-2.32,1
1739,291.5,57.69,3.0,2.0,41.01,-134.54,-0.75,1
1740,268.44,48.96,3.0,2.0,45.45,-165.84,-1.86,1
1741,311.56,65.28,3.0,2.0,37.16,-107.32,0.21,1
1742,312.4,65.6,3.0,2.0,37.0,-106.18,0.25,1
1743,257.24,44.72,3.0,2.0,47.6,-181.05,-2.4,1
1744,326.75,71.03,3.0,2.0,34.24,-86.7,0.94,1
1745,327.94,71.48,3.0,2.0,34.01,-85.08,1.0,1
1746,307.16,63.62,3.0,2.0,38.0,-113.29,-0.0,1
1747,318.3,67.83,3.0,2.0,35.86,-98.17,0.53,1
1748,269.81,49.48,3.0,2.0,45.18,-163.98,-1.8,1
1749,257.32,44.76,3.0,2.0,47.58,-180.93,-2.4,1
1750,259.91,45.74,3.0,2.0,47.09,-177.42,-2.27,1
1751,311.71,65.33,3.0,2.0,37.13,-107.12,0.22,1
1752,262.35,46.66,3.0,2.0,46.62,-174.11,-2.15,1
1753,302.65,61.91,3.0,2.0,38.87,-119.41,-0.22,1
1754,297.38,59.92,3.0,2.0,39.88,-126.56,-0.47,1
1755,256.12,44.3,3.0,2.0,47.82,-182.57,-2.45,1
1756,309.52,64.51,3.0,2.0,37.55,-110.08,0.11,1
1757,323.5,69.8,3.0,2.0,34.87,-91.11,0.78,1
1758,307.18,63.62,3.0,2.0,38.0,-113.26,-0.0,1
1759,301.24,61.37,3.0,2.0,39.14,-121.33,-0.29,1
1760,267.23,48.51,3.0,2.0,45.68,-167.49,-1.92,1
1761,298.25,60.24,3.0,2.0,39.72,-125.39,-0.43,1
1762,280.52,53.54,3.0,2.0,43.13,-149.45,-1.28,1
1763,255.05,43.9,3.0,2.0,48.02,-184.01,-2.5,1
1764,321.14,68.9,3.0,2.0,35.32,-94.32,0.67,1
1765,304.2,62.49,3.0,2.0,38.57,-117.31,-0.14,1
1766,302.05,61.68,3.0,2.0,38.99,-120.22,-0.25,1
1767,315.18,66.65,3.0,2.0,36.46,-102.4,0.38,1
1768,251.25,42.46,3.0,2.0,48.75,-189.18,-2.69,1
1769,290.21,57.2,3.0,2.0,41.26,-136.29,-0.82,1
1770,300.88,61.24,3.0,2.0,39.21,-121.82,-0.3,1
1771,296.92,59.74,3.0,2.0,39.97,-127.19,-0.49,1
1772,279.54,53.16,3.0,2.0,43.31,-150.77,-1.33,1
1773,309.87,64.64,3.0,2.0,37.48,-109.61,0.13,1
1774,327.27,71.22,3.0,2.0,34.14,-86.0,0.96,1
1775,301.9,61.63,3.0,2.0,39.02,-120.42,-0.25,1
1776,244.87,40.04,3.0,2.0,49.98,-197.84,-2.99,1
1777,257.61,44.87,3.0,2.0,47.53,-180.54,-2.38,1
1778,308.73,64.21,3.0,2.0,37.7,-111.16,0.07,1
1779,325.08,70.39,3.0,2.0,34.56,-88.97,0.86,1
1780,265.2,47.74,3.0,2.0,46.07,-170.25,-2.02,1
1781,282.92,54.44,3.0,2.0,42.66,-146.19,-1.17,1
1782,314.04,66.22,3.0,2.0,36.68,-103.94,0.33,1
1783,282.11,54.14,3.0,2.0,42.82,-147.29,-1.21,1
1784,318.09,67.75,3.0,2.0,35.9,-98.45,0.52,1
1785,298.41,60.3,3.0,2.0,39.69,-125.17,-0.42,1
1786,303.12,62.08,3.0,2.0,38.78,-118.78,-0.2,1
1787,319.7,68.36,3.0,2.0,35.59,-96.26,0.6,1
1788,258.12,45.06,3.0,2.0,47.43,-179.85,-2.36,1
1789,297.47,59.95,3.0,2.0,39.87,-126.44,-0.47,1
1790,311.25,65.16,3.0,2.0,37.22,-107.73,0.2,1
1791,260.18,45.84,3.0,2.0,47.04,-177.06,-2.26,1
1792,318.25,67.81,3.0,2.0,35.87,-98.23,0.53,1
1793,275.57,51.66,3.0,2.0,44.08,-156.17,-1.52,1
1794,273.61,50.92,3.0,2.0,44.45,-158.82,-1.61,1
1795,279.55,53.17,3.0,2.0,43.31,-150.76,-1.33,1
1796,320.47,68.65,3.0,2.0,35.45,-95.22,0.64,1
1797,310.5,64.88,3.0,2.0,37.36,-108.75,0.16,1
1798,287.89,56.32,3.0,2.0,41.71,-139.45,-0.93,1
1799,309.65,64.56,3.0,2.0,37.53,-109.9,0.12,1
1800,327.25,71.22,3.0,2.0,34.14,-86.01,0.96,1
1801,302.44,61.83,3.0,2.0,38.91,-119.7,-0.23,1
1802,308.82,64.24,3.0,2.0,37.69,-111.04,0.08,1
1803,255.47,44.06,3.0,2.0,47.94,-183.45,-2.49,1
1804,309.25,64.41,3.0,2.0,37.6,-110.45,0.1,1
1805,245.35,40.23,3.0,2.0,49.88,-197.18,-2.97,1
1806,311.54,65.27,3.0,2.0,37.16,-107.35,0.21,1
1807,249.89,41.95,3.0,2.0,49.01,-191.02,-2.75,1
1808,287.76,56.27,3.0,2.0,41.73,-139.62,-0.93,1
1809,307.64,63.79,3.0,2.0,37.91,-112.64,0.02,1
1810,325.49,70.55,3.0,2.0,34.48,-88.41,0.88,1
1811,259.53,45.59,3.0,2.0,47.16,-177.94,-2.29,1
1812,295.23,59.1,3.0,2.0,40.3,-129.49,-0.57,1
1813,273.15,50.75,3.0,2.0,44.54,-159.45,-1.64,1
1814,308.0,63.93,3.0,2.0,37.84,-112.15,0.04,1
1815,305.45,62.97,3.0,2.0,38.33,-115.61,-0.08,1
1816,263.51,47.1,3.0,2.0,46.39,-172.54,-2.1,1
1817,308.32,64.06,3.0,2.0,37.78,-111.71,0.05,1
1818,298.32,60.27,3.0,2.0,39.7,-125.29,-0.43,1
1819,271.66,50.18,3.0,2.0,44.83,-161.47,-1.71,1
1820,319.61,68.33,3.0,2.0,35.61,-96.38,0.6,1
1821,304.05,62.44,3.0,2.0,38.6,-117.51,-0.15,1
1822,272.28,50.42,3.0,2.0,44.71,-160.63,-1.68,1
1823,290.14,57.18,3.0,2.0,41.28,-136.39,-0.82,1
1824,254.55,43.71,3.0,2.0,48.12,-184.7,-2.53,1
1825,291.65,57.75,3.0,2.0,40.99,-134.34,-0.75,1
1826,272.39,50.46,3.0,2.0,44.69,-160.48,-1.67,1
1827,251.96,42.73,3.0,2.0,48.61,-188.21,-2.65,1
1828,303.04,62.06,3.0,2.0,38.8,-118.88,-0.2,1
1829,306.53,63.38,3.0,2.0,38.13,-114.14,-0.03,1
1830,314.9,66.54,3.0,2.0,36.52,-102.79,0.37,1
1831,263.93,47.26,3.0,2.0,46.31,-171.97,-2.08,1
1832,263.82,47.21,3.0,2.0,46.34,-172.12,-2.08,1
1833,311.61,65.3,3.0,2.0,37.15,-107.25,0.21,1
1834,276.38,51.97,3.0,2.0,43.92,-155.07,-1.48,1
1835,253.1,43.16,3.0,2.0,48.39,-186.66,-2.6,1
1836,273.48,50.87,3.0,2.0,44.48,-159.0,-1.62,1
1837,265.8,47.96,3.0,2.0,45.95,-169.43,-1.99,1
1838,265.06,47.68,3.0,2.0,46.1,-170.44,-2.02,1
1839,250.29,42.1,3.0,2.0,48.93,-190.47,-2.73,1
1840,269.72,49.45,3.0,2.0,45.2,-164.11,-1.8,1
1841,274.45,51.24,3.0,2.0,44.29,-157.68,-1.57,1
1842,260.59,45.99,3.0,2.0,46.96,-176.5,-2.24,1
1843,266.41,48.2,3.0,2.0,45.84,-168.59,-1.96,1
1844,304.9,62.76,3.0,2.0,38.44,-116.35,-0.11,1
1845,314.84,66.52,3.0,2.0,36.53,-102.86,0.37,1
1846,302.64,61.9,3.0,2.0,38.87,-119.42,-0.22,1
1847,256.55,44.47,3.0,2.0,47.73,-181.98,-2.43,1
1848,282.95,54.45,3.0,2.0,42.66,-146.15,-1.16,1
1849,313.97,66.19,3.0,2.0,36.7,-104.05,0.33,1
1850,273.98,51.06,3.0,2.0,44.38,-158.32,-1.6,1
1851,263.63,47.14,3.0,2.0,46.37,-172.37,-2.09,1
1852,316.42,67.12,3.0,2.0,36.23,-100.72,0.44,1
1853,250.99,42.36,3.0,2.0,48.8,-189.53,-2.7,1
1854,311.66,65.32,3.0,2.0,37.14,-107.19,0.21,1
1855,300.45,61.08,3.0,2.0,39.3,-122.4,-0.32,1
1856,318.88,68.05,3.0,2.0,35.75,-97.37,0.56,1
1857,327.95,71.48,3.0,2.0,34.01,-85.06,1.0,1
1858,263.3,47.02,3.0,2.0,46.43,-172.82,-2.11,1
1859,318.12,67.76,3.0,2.0,35.9,-98.41,0.53,1
1860,293.39,58.41,3.0,2.0,40.65,-131.97,-0.66,1
1861,314.95,66.56,3.0,2.0,36.51,-102.71,0.37,1
1862,263.35,47.04,3.0,2.0,46.43,-172.76,-2.11,1
1863,269.14,49.23,3.0,2.0,45.31,-164.9,-1.83,1
1864,250.27,42.09,3.0,2.0,48.94,-190.51,-2.73,1
1865,250.35,42.12,3.0,2.0,48.92,-190.4,-2.73,1
1866,305.1,62.83,3.0,2.0,38.4,-116.09,-0.1,1
1867,274.01,51.07,3.0,2.0,44.38,-158.28,-1.59,1
1868,272.09,50.35,3.0,2.0,44.74,-160.88,-1.69,1
1869,296.73,59.67,3.0,2.0,40.01,-127.45,-0.5,1
1870,275.17,51.51,3.0,2.0,44.15,-156.72,-1.54,1
1871,326.16,70.8,3.0,2.0,34.35,-87.49,0.91,1
1872,291.16,57.56,3.0,2.0,41.08,-135.0,-0.77,1
1873,261.12,46.2,3.0,2.0,46.85,-175.78,-2.21,1
1874,297.2,59.85,3.0,2.0,39.92,-126.8,-0.48,1
1875,248.41,41.38,3.0,2.0,49.3,-193.03,-2.82,1
1876,291.28,57.6,3.0,2.0,41.06,-134.85,-0.76,1
1877,327.83,71.44,3.0,2.0,34.03,-85.23,0.99,1
1878,293.26,58.36,3.0,2.0,40.68,-132.15,-0.67,1
1879,246.67,40.73,3.0,2.0,49.63,-195.39,-2.91,1
1880,257.66,44.88,3.0,2.0,47.52,-180.48,-2.38,1
1881,293.76,58.55,3.0,2.0,40.58,-131.47,-0.64,1
1882,327.96,71.48,3.0,2.0,34.01,-85.06,1.0,1
1883,274.51,51.26,3.0,2.0,44.28,-157.61,-1.57,1
1884,289.0,56.74,3.0,2.0,41.5,-137.94,-0.87,1
1885,245.04,40.11,3.0,2.0,49.94,-197.61,-2.99,1
1886,284.05,54.87,3.0,2.0,42.45,-144.65,-1.11,1
1887,253.37,43.26,3.0,2.0,48.34,-186.3,-2.59,1
1888,279.81,53.26,3.0,2.0,43.26,-150.42,-1.32,1
1889,317.67,67.59,3.0,2.0,35.98,-99.02,0.5,1
1890,246.32,40.59,3.0,2.0,49.7,-195.87,-2.92,1
1891,272.0,50.31,3.0,2.0,44.76,-161.02,-1.69,1
1892,294.27,58.74,3.0,2.0,40.48,-130.79,-0.62,1
1893,279.59,53.18,3.0,2.0,43.3,-150.71,-1.33,1
1894,271.32,50.06,3.0,2.0,44.89,-161.93,-1.72,1
1895,296.14,59.45,3.0,2.0,40.12,-128.24,-0.53,1
1896,251.45,42.53,3.0,2.0,48.71,-188.91,-2.68,1
1897,277.63,52.44,3.0,2.0,43.68,-153.38,-1.42,1
1898,273.18,50.76,3.0,2.0,44.54,-159.41,-1.63,1
1899,312.23,65.53,3.0,2.0,37.03,-106.4,0.24,1
1900,264.44,47.45,3.0,2.0,46.22,-171.28,-2.05,1
1901,291.53,57.7,3.0,2.0,41.01,-134.51,-0.75,1
1902,320.48,68.65,3.0,2.0,35.45,-95.21,0.64,1
1903,268.51,48.99,3.0,2.0,45.43,-165.76,-1.86,1
1904,302.94,62.02,3.0,2.0,38.82,-119.02,-0.2,1
1905,296.34,59.52,3.0,2.0,40.08,-127.97,-0.52,1
1906,324.48,70.17,3.0,2.0,34.68,-89.78,0.83,1
1907,309.26,64.41,3.0,2.0,37.6,-110.44,0.1,1
1908,260.89,46.11,3.0,2.0,46.9,-176.1,-2.22,1
1909,273.88,51.02,3.0,2.0,44.4,-158.46,-1.6,1
1910,274.96,51.43,3.0,2.0,44.19,-157.0,-1.55,1
1911,295.45,59.19,3.0,2.0,40.26,-129.18,-0.56,1
1912,294.16,58.7,3.0,2.0,40.5,-130.93,-0.63,1
1913,314.73,66.48,3.0,2.0,36.55,-103.01,0.36,1
1914,276.23,51.91,3.0,2.0,43.95,-155.27,-1.49,1
1915,278.01,52.59,3.0,2.0,43.61,-152.85,-1.4,1
1916,287.72,56.26,3.0,2.0,41.74,-139.67,-0.94,1
1917,303.72,62.31,3.0,2.0,38.67,-117.95,-0.17,1
1918,266.62,48.27,3.0,2.0,45.8,-168.32,-1.95,1
1919,298.11,60.19,3.0,2.0,39.74,-125.57,-0.44,1
1920,318.8,68.02,3.0,2.0,35.77,-97.48,0.56,1
1921,319.64,68.34,3.0,2.0,35.61,-96.34,0.6,1
1922,273.17,50.76,3.0,2.0,44.54,-159.42,-1.63,1
1923,267.74,48.7,3.0,2.0,45.58,-166.79,-1.9,1
1924,265.63,47.9,3.0,2.0,45.99,-169.66,-2.0,1
1925,305.27,62.9,3.0,2.0,38.37,-115.85,-0.09,1
1926,286.57,55.82,3.0,2.0,41.96,-141.23,-0.99,1
1927,313.5,66.01,3.0,2.0,36.79,-104.69,0.3,1
1928,289.23,56.83,3.0,2.0,41.45,-137.62,-0.86,1
1929,327.86,71.45,3.0,2.0,34.03,-85.18,0.99,1
1930,323.61,69.84,3.0,2.0,34.84,-90.96,0.79,1
1931,283.17,54.54,3.0,2.0,42.62,-145.84,-1.15,1
1932,280.41,53.49,3.0,2.0,43.15,-149.6,-1.29,1
1933,324.24,70.08,3.0,2.0,34.72,-90.1,0.82,1
1934,297.06,59.79,3.0,2.0,39.95,-127.0,-0.49,1
1935,319.31,68.21,3.0,2.0,35.67,-96.8,0.58,1
1936,277.44,52.37,3.0,2.0,43.72,-153.62,-1.43,1
1937,274.22,51.15,3.0,2.0,44.34,-158.0,-1.58,1
1938,305.11,62.84,3.0,2.0,38.4,-116.07,-0.1,1
1939,302.96,62.03,3.0,2.0,38.81,-118.98,-0.2,1
1940,307.83,63.87,3.0,2.0,37.88,-112.38,0.03,1
1941,311.85,65.39,3.0,2.0,37.1,-106.92,0.22,1
1942,290.23,57.21,3.0,2.0,41.26,-136.27,-0.81,1
1943,247.97,41.22,3.0,2.0,49.38,-193.63,-2.85,1
1944,250.74,42.27,3.0,2.0,48.85,-189.87,-2.71,1
1945,255.07,43.91,3.0,2.0,48.02,-183.99,-2.5,1
1946,277.47,52.38,3.0,2.0,43.71,-153.59,-1.43,1
1947,266.13,48.09,3.0,2.0,45.89,-168.99,-1.97,1
1948,325.05,70.38,3.0,2.0,34.57,-89.01,0.86,1
1949,253.46,43.29,3.0,2.0,48.33,-186.18,-2.58,1
1950,285.24,55.32,3.0,2.0,42.22,-143.04,-1.05,1
1951,299.68,60.78,3.0,2.0,39.44,-123.45,-0.36,1
1952,265.13,47.71,3.0,2.0,46.08,-170.34,-2.02,1
1953,308.83,64.25,3.0,2.0,37.68,-111.02,0.08,1
1954,253.01,43.13,3.0,2.0,48.41,-186.78,-2.6,1
1955,323.35,69.74,3.0,2.0,34.89,-91.32,0.78,1
1956,324.2,70.06,3.0,2.0,34.73,-90.16,0.82,1
1957,312.5,65.63,3.0,2.0,36.98,-106.04,0.26,1
1958,286.33,55.73,3.0,2.0,42.01,-141.56,-1.0,1
1959,252.74,43.02,3.0,2.0,48.46,-187.15,-2.62,1
1960,257.47,44.81,3.0,2.0,47.55,-180.73,-2.39,1
1961,297.31,59.89,3.0,2.0,39.9,-126.66,-0.47,1
1962,324.7,70.25,3.0,2.0,34.63,-89.48,0.84,1
1963,302.25,61.76,3.0,2.0,38.95,-119.95,-0.24,1
1964,249.96,41.97,3.0,2.0,49.0,-190.93,-2.75,1
1965,264.56,47.5,3.0,2.0,46.19,-171.11,-2.05,1
1966,309.32,64.43,3.0,2.0,37.59,-110.36,0.1,1
1967,314.81,66.51,3.0,2.0,36.54,-102.9,0.37,1
1968,319.74,68.37,3.0,2.0,35.59,-96.22,0.6,1
1969,253.0,43.12,3.0,2.0,48.42,-186.81,-2.6,1
1970,297.18,59.84,3.0,2.0,39.92,-126.84,-0.48,1
1971,320.91,68.82,3.0,2.0,35.36,-94.62,0.66,1
1972,302.77,61.95,3.0,2.0,38.85,-119.25,-0.21,1
1973,298.57,60.36,3.0,2.0,39.66,-124.95,-0.41,1
1974,310.98,65.06,3.0,2.0,37.27,-108.1,0.18,1
1975,300.63,61.14,3.0,2.0,39.26,-122.15,-0.32,1
1976,265.6,47.89,3.0,2.0,45.99,-169.7,-2.0,1
1977,246.08,40.5,3.0,2.0,49.74,-196.2,-2.94,1
1978,324.15,70.04,3.0,2.0,34.74,-90.23,0.82,1
1979,253.32,43.24,3.0,2.0,48.35,-186.37,-2.59,1
1980,310.33,64.81,3.0,2.0,37.4,-108.98,0.15,1
1981,327.25,71.22,3.0,2.0,34.14,-86.02,0.96,1
1982,291.11,57.54,3.0,2.0,41.09,-135.08,-0.77,1
1983,280.28,53.44,3.0,2.0,43.17,-149.78,-1.29,1
1984,269.41,49.33,3.0,2.0,45.26,-164.53,-1.82,1
1985,316.24,67.05,3.0,2.0,36.26,-100.97,0.43,1
1986,247.12,40.9,3.0,2.0,49.55,-194.79,-2.89,1
1987,271.34,50.06,3.0,2.0,44.89,-161.91,-1.72,1
1988,271.66,50.18,3.0,2.0,44.83,-161.47,-1.71,1
1989,283.46,54.65,3.0,2.0,42.56,-145.46,-1.14,1
1990,319.18,68.16,3.0,2.0,35.7,-96.98,0.58,1
1991,244.82,40.03,3.0,2.0,49.99,-197.9,-3.0,1
1992,297.1,59.81,3.0,2.0,39.94,-126.94,-0.48,1
1993,317.03,67.35,3.0,2.0,36.11,-99.88,0.47,1
1994,276.05,51.84,3.0,2.0,43.98,-155.52,-1.5,1
1995,326.93,71.09,3.0,2.0,34.21,-86.46,0.95,1
1996,277.63,52.44,3.0,2.0,43.68,-153.37,-1.42,1
1997,306.93,63.53,3.0,2.0,38.05,-113.6,-0.01,1
1998,286.36,55.74,3.0,2.0,42.0,-141.53,-1.0,1
1999,309.5,64.5,3.0,2.0,37.56,-110.11,0.11,1
2000,326.61,70.97,3.0,2.0,34.27,-86.89,0.93,1
2001,248.25,41.32,3.0,2.0,49.33,-193.25,-2.83,1
2002,286.71,55.88,3.0,2.0,41.93,-141.04,-0.98,1
2003,299.79,60.83,3.0,2.0,39.42,-123.29,-0.36,1
2004,322.36,69.37,3.0,2.0,35.08,-92.65,0.73,1
2005,289.41,56.9,3.0,2.0,41.42,-137.38,-0.85,1
2006,277.91,52.55,3.0,2.0,43.63,-153.0,-1.41,1
2007,269.67,49.43,3.0,2.0,45.21,-164.18,-1.8,1
2008,263.09,46.94,3.0,2.0,46.48,-173.11,-2.12,1
2009,296.2,59.47,3.0,2.0,40.11,-128.16,-0.53,1
2010,319.22,68.18,3.0,2.0,35.69,-96.91,0.58,1
2011,294.05,58.65,3.0,2.0,40.53,-131.08,-0.63,1
2012,255.25,43.97,3.0,2.0,47.98,-183.75,-2.5,1
2013,305.4,62.95,3.0,2.0,38.34,-115.68,-0.09,1
2014,298.19,60.22,3.0,2.0,39.73,-125.47,-0.43,1
2015,289.63,56.98,3.0,2.0,41.38,-137.09,-0.84,1
2016,260.9,46.11,3.0,2.0,46.9,-176.08,-2.22,1
2017,254.7,43.77,3.0,2.0,48.09,-184.49,-2.52,1
2018,317.41,67.49,3.0,2.0,36.04,-99.37,0.49,1
2019,314.89,66.54,3.0,2.0,36.52,-102.8,0.37,1
2020,277.01,52.21,3.0,2.0,43.8,-154.21,-1.45,1
2021,276.97,52.19,3.0,2.0,43.81,-154.27,-1.45,1
2022,314.38,66.35,3.0,2.0,36.62,-103.49,0.35,1
2023,287.07,56.01,3.0,2.0,41.87,-140.56,-0.97,1
2024,297.51,59.96,3.0,2.0,39.86,-126.39,-0.47,1
2025,325.31,70.48,3.0,2.0,34.52,-88.65,0.87,1
2026,324.07,70.01,3.0,2.0,34.75,-90.33,0.81,1
2027,319.77,68.39,3.0,2.0,35.58,-96.16,0.6,1
2028,277.83,52.52,3.0,2.0,43.64,-153.1,-1.41,1
2029,318.81,68.02,3.0,2.0,35.77,-97.48,0.56,1
2030,260.99,46.14,3.0,2.0,46.88,-175.96,-2.22,1
2031,298.3,60.26,3.0,2.0,39.71,-125.31,-0.43,1
2032,268.77,49.09,3.0,2.0,45.38,-165.39,-1.85,1
2033,312.94,65.8,3.0,2.0,36.89,-105.44,0.28,1
2034,271.01,49.94,3.0,2.0,44.95,-162.36,-1.74,1
2035,271.18,50.0,3.0,2.0,44.92,-162.13,-1.73,1
2036,289.62,56.98,3.0,2.0,41.38,-137.1,-0.84,1
2037,277.02,52.21,3.0,2.0,43.8,-154.2,-1.45,1
2038,265.81,47.97,3.0,2.0,45.95,-169.42,-1.99,1
2039,270.56,49.77,3.0,2.0,45.04,-162.96,-1.76,1
