,nuc,aexp,nd,ns,age,la,ld,target
0,1.78,1.0,7.0,5.0,1.22,325.0,0.0,True
1,4.13,0.0,11.0,5.0,4.31,1261.0,749.0,True
2,5.33,1.0,12.0,5.0,4.14,1478.0,285.0,True
3,9.64,18.0,10.0,4.0,2.46,440.0,288.0,True
4,11.96,42.0,10.0,4.0,0.86,893.0,88.0,True
5,14.3,2.0,9.0,6.0,20.1,424.0,12.0,True
6,25.64,0.0,9.0,5.0,97.23,187.0,29.0,True
7,20.82,13.0,11.0,3.0,73.23,1241.0,999.0,True
8,45.14,35.0,8.0,7.0,59.86,343.0,36.0,True
9,23.58,34.0,15.0,2.0,124.62,196.0,73.0,True
10,50.5,80.0,10.0,5.0,33.73,490.0,156.0,True
11,74.47,127.0,8.0,4.0,30.41,367.0,73.0,True
12,52.95,134.0,14.0,4.0,53.47,656.0,388.0,True
13,94.91,159.0,9.0,3.0,44.45,26.0,36.0,True
14,15.43,47.0,16.0,7.0,174.57,2593.0,157.0,True
15,12.0,19.0,14.0,3.0,5.7,728.0,379.0,True
16,8.12,342.0,11.0,3.0,24.08,1409.0,91.0,True
17,13.0,0.0,14.0,6.0,0.65,845.0,203.0,True
18,32.15,324.0,12.0,3.0,20.22,490.0,71.0,True
19,84.45,232.0,10.0,5.0,24.91,321.0,426.0,True
20,20.11,49.0,12.0,4.0,169.33,563.0,380.0,True
21,56.17,26.0,13.0,3.0,60.14,942.0,106.0,True
22,107.92,23.0,8.0,4.0,96.5,224.0,104.0,True
23,37.69,55.0,16.0,3.0,172.1,275.0,229.0,True
24,53.94,445.0,14.0,3.0,32.76,156.0,175.0,True
25,171.71,77.0,6.0,4.0,186.71,864.0,612.0,True
26,87.78,87.0,11.0,4.0,105.78,547.0,409.0,True
27,47.14,492.0,16.0,4.0,142.89,215.0,351.0,True
28,54.68,151.0,14.0,2.0,132.46,661.0,269.0,True
29,125.53,32.0,12.0,4.0,94.68,141.0,517.0,True
30,50.5,260.0,10.0,5.0,173.63,939.0,273.0,True
31,88.57,172.0,8.0,4.0,45.24,591.0,187.0,True
32,55.67,3.0,11.0,3.0,69.87,738.0,6.0,True
33,88.65,107.0,12.0,3.0,55.15,219.0,202.0,True
34,155.9,158.0,10.0,3.0,70.05,101.0,102.0,True
35,611.19,143.0,13.0,5.0,201.69,27.0,14.0,True
36,91.16,213.0,17.0,3.0,56.63,857.0,770.0,True
37,207.41,348.0,17.0,5.0,361.94,76.0,32.0,True
38,158.0,225.0,10.0,4.0,101.78,1122.0,11.0,True
39,592.93,161.0,13.0,4.0,101.73,123.0,59.0,True
40,49.52,40.29,10.66,4.0,144.94,449.47,287.57,True
41,53.93,38.99,10.46,4.0,141.28,432.42,273.69,True
42,68.88,34.56,9.78,4.0,128.88,374.74,226.72,True
43,96.81,26.29,8.51,4.0,105.71,266.89,138.92,True
44,92.9,27.45,8.68,4.0,108.96,282.0,151.22,True
45,93.83,27.17,8.64,4.0,108.18,278.38,148.28,True
46,27.84,46.71,11.65,4.0,162.92,533.18,355.72,True
47,64.76,35.78,9.97,4.0,132.29,390.61,239.65,True
48,50.98,39.86,10.59,4.0,143.73,443.84,282.99,True
49,52.62,39.37,10.52,4.0,142.37,437.5,277.82,True
50,100.3,25.25,8.35,4.0,102.82,253.4,127.93,True
51,105.94,23.59,8.09,4.0,98.14,231.63,110.22,True
52,25.13,47.52,11.77,4.0,165.17,543.65,364.25,True
53,96.13,26.49,8.54,4.0,106.28,269.53,141.07,True
54,73.23,33.27,9.58,4.0,125.27,357.93,213.04,True
55,105.3,23.77,8.12,4.0,98.67,234.1,112.22,True
56,65.79,35.48,9.92,4.0,131.44,386.66,236.43,True
57,102.55,24.59,8.24,4.0,100.95,244.71,120.86,True
58,69.25,34.45,9.76,4.0,128.58,373.3,225.56,True
59,60.76,36.97,10.15,4.0,135.62,406.08,252.24,True
60,35.44,44.46,11.3,4.0,156.61,503.82,331.82,True
61,101.32,24.95,8.3,4.0,101.97,249.46,124.73,True
62,79.81,31.32,9.28,4.0,119.81,332.5,192.34,True
63,96.69,26.32,8.51,4.0,105.81,267.33,139.28,True
64,91.3,27.92,8.76,4.0,110.28,288.16,156.23,True
65,35.31,44.5,11.31,4.0,156.72,504.32,332.22,True
66,43.11,42.19,10.95,4.0,150.26,474.22,307.72,True
67,96.2,26.47,8.53,4.0,106.22,269.22,140.82,True
68,27.99,46.67,11.64,4.0,162.8,532.6,355.25,True
69,95.34,26.72,8.57,4.0,106.93,272.56,143.54,True
70,65.01,35.7,9.95,4.0,132.09,389.64,238.86,True
71,40.61,42.93,11.07,4.0,152.33,483.86,315.57,True
72,65.0,35.71,9.96,4.0,132.1,389.7,238.9,True
73,36.42,44.17,11.26,4.0,155.81,500.06,328.75,True
74,43.16,42.18,10.95,4.0,150.22,474.04,307.57,True
75,84.38,29.97,9.07,4.0,116.02,314.86,177.98,True
76,94.58,26.95,8.61,4.0,107.57,275.51,145.94,True
77,37.15,43.96,11.22,4.0,155.2,497.24,326.46,True
78,81.54,30.81,9.2,4.0,118.38,325.84,186.92,True
79,87.71,28.98,8.92,4.0,113.26,302.01,167.51,True
80,71.72,33.72,9.65,4.0,126.53,363.77,217.79,True
81,73.11,33.31,9.59,4.0,125.37,358.38,213.41,True
82,21.34,48.64,11.94,4.0,168.31,558.27,376.15,True
83,62.74,36.38,10.06,4.0,133.97,398.43,246.02,True
84,43.7,42.02,10.93,4.0,149.76,471.93,305.86,True
85,26.26,47.18,11.72,4.0,164.23,539.26,360.67,True
86,73.43,33.21,9.57,4.0,125.11,357.15,212.41,True
87,65.47,35.57,9.93,4.0,131.71,387.89,237.44,True
88,41.05,42.8,11.05,4.0,151.96,482.18,314.2,True
89,55.75,38.45,10.38,4.0,139.77,425.41,267.98,True
90,95.31,26.73,8.57,4.0,106.96,272.68,143.63,True
91,48.41,40.62,10.71,4.0,145.86,453.76,291.06,True
92,99.38,25.53,8.39,4.0,103.58,256.94,130.82,True
93,96.62,26.35,8.51,4.0,105.87,267.62,139.51,True
94,57.49,37.93,10.3,4.0,138.32,418.68,262.5,True
95,96.13,26.49,8.54,4.0,106.28,269.52,141.06,True
96,46.54,41.17,10.8,4.0,147.41,460.96,296.93,True
97,25.2,47.49,11.77,4.0,165.11,543.37,364.02,True
98,76.36,32.34,9.44,4.0,122.68,345.84,203.2,True
99,60.06,37.17,10.18,4.0,136.2,408.79,254.45,True
100,20.16,48.99,12.0,4.0,169.29,562.83,379.86,True
101,83.67,30.18,9.1,4.0,116.61,317.6,180.2,True
102,102.79,24.52,8.23,4.0,100.76,243.81,120.13,True
103,46.74,41.12,10.79,4.0,147.24,460.2,296.31,True
104,95.18,26.77,8.58,4.0,107.06,273.17,144.03,True
105,65.07,35.69,9.95,4.0,132.04,389.42,238.68,True
106,32.8,45.24,11.42,4.0,158.81,514.04,340.14,True
107,66.42,35.29,9.89,4.0,130.92,384.23,234.45,True
108,39.95,43.13,11.1,4.0,152.87,486.4,317.64,True
109,38.97,43.42,11.14,4.0,153.69,490.22,320.74,True
110,57.74,37.86,10.29,4.0,138.12,417.73,261.73,True
111,44.49,41.78,10.89,4.0,149.11,468.88,303.37,True
112,47.41,40.92,10.76,4.0,146.69,457.63,294.21,True
113,23.51,48.0,11.85,4.0,166.51,549.91,369.34,True
114,85.45,29.65,9.02,4.0,115.13,310.73,174.61,True
115,37.67,43.8,11.2,4.0,154.77,495.22,324.82,True
116,28.62,46.48,11.61,4.0,162.27,530.14,353.25,True
117,64.84,35.76,9.96,4.0,132.23,390.31,239.4,True
118,47.57,40.87,10.75,4.0,146.56,457.01,293.7,True
119,55.26,38.59,10.4,4.0,140.18,427.32,269.54,True
120,49.81,40.21,10.65,4.0,144.7,448.36,286.67,True
121,50.61,39.97,10.61,4.0,144.03,445.25,284.13,True
122,31.08,45.75,11.5,4.0,160.23,520.66,345.53,True
123,68.14,34.78,9.81,4.0,129.49,377.57,229.03,True
124,86.61,29.31,8.97,4.0,114.17,306.25,170.97,True
125,80.84,31.02,9.23,4.0,118.96,328.53,189.1,True
126,46.35,41.23,10.81,4.0,147.57,461.73,297.55,True
127,49.74,40.23,10.65,4.0,144.76,448.63,286.89,True
128,41.63,42.63,11.02,4.0,151.48,479.93,312.37,True
129,57.29,37.99,10.31,4.0,138.49,419.46,263.14,True
130,88.72,28.69,8.87,4.0,112.43,298.13,164.35,True
131,48.24,40.67,10.72,4.0,146.0,454.39,291.58,True
132,88.1,28.87,8.9,4.0,112.94,300.53,166.31,True
133,52.72,39.34,10.51,4.0,142.28,437.1,277.5,True
134,35.78,44.36,11.29,4.0,156.34,502.53,330.77,True
135,24.05,47.84,11.82,4.0,166.07,547.81,367.64,True
136,73.75,33.12,9.56,4.0,124.84,355.91,211.39,True
137,90.5,28.16,8.79,4.0,110.95,291.26,158.76,True
138,44.07,41.91,10.91,4.0,149.45,470.49,304.68,True
139,47.85,40.79,10.74,4.0,146.33,455.93,292.83,True
140,72.48,33.49,9.61,4.0,125.89,360.81,215.38,True
141,64.8,35.77,9.96,4.0,132.26,390.47,239.53,True
142,35.68,44.39,11.29,4.0,156.41,502.89,331.06,True
143,98.57,25.77,8.43,4.0,104.26,260.1,133.39,True
144,80.42,31.14,9.25,4.0,119.3,330.15,190.42,True
145,101.4,24.93,8.3,4.0,101.91,249.17,124.49,True
146,70.97,33.94,9.68,4.0,127.14,366.64,220.13,True
147,28.55,46.5,11.62,4.0,162.33,530.43,353.48,True
148,45.18,41.58,10.86,4.0,148.54,466.23,301.21,True
149,20.48,48.89,11.98,4.0,169.02,561.58,378.85,True
150,85.66,29.59,9.01,4.0,114.96,309.94,173.97,True
151,98.39,25.82,8.43,4.0,104.41,260.8,133.96,True
152,63.9,36.03,10.01,4.0,133.01,393.93,242.35,True
153,80.48,31.13,9.25,4.0,119.26,329.95,190.26,True
154,44.84,41.68,10.87,4.0,148.82,467.54,302.28,True
155,61.46,36.76,10.12,4.0,135.03,403.35,250.02,True
156,26.15,47.21,11.73,4.0,164.32,539.69,361.03,True
157,76.91,32.18,9.41,4.0,122.22,343.73,201.48,True
158,27.91,46.69,11.64,4.0,162.86,532.89,355.49,True
159,25.93,47.28,11.74,4.0,164.51,540.55,361.72,True
160,104.36,24.05,8.16,4.0,99.45,237.71,115.17,True
161,51.66,39.66,10.56,4.0,143.16,441.2,280.83,True
162,91.56,27.84,8.75,4.0,110.07,287.14,155.41,True
163,22.37,48.33,11.9,4.0,167.45,554.28,372.9,True
164,78.76,31.63,9.33,4.0,120.68,336.57,195.65,True
165,73.59,33.17,9.56,4.0,124.98,356.55,211.92,True
166,65.43,35.58,9.94,4.0,131.74,388.04,237.56,True
167,38.99,43.41,11.14,4.0,153.67,490.11,320.65,True
168,26.94,46.98,11.69,4.0,163.67,536.65,358.54,True
169,45.04,41.62,10.86,4.0,148.66,466.78,301.66,True
170,29.59,46.19,11.57,4.0,161.47,526.41,350.21,True
171,106.68,23.37,8.06,4.0,97.53,228.79,107.9,True
172,99.53,25.48,8.38,4.0,103.46,256.38,130.36,True
173,73.67,33.14,9.56,4.0,124.91,356.23,211.66,True
174,87.94,28.91,8.91,4.0,113.07,301.12,166.78,True
175,51.84,39.61,10.55,4.0,143.02,440.53,280.29,True
176,58.81,37.54,10.24,4.0,137.23,413.6,258.37,True
177,65.2,35.65,9.95,4.0,131.93,388.94,238.29,True
178,39.88,43.15,11.1,4.0,152.93,486.68,317.86,True
179,59.01,37.48,10.23,4.0,137.07,412.83,257.74,True
180,59.82,37.24,10.19,4.0,136.39,409.7,255.19,True
181,22.52,48.29,11.89,4.0,167.33,553.72,372.44,True
182,91.35,27.91,8.75,4.0,110.24,287.98,156.09,True
183,87.52,29.04,8.93,4.0,113.42,302.76,168.12,True
184,29.79,46.13,11.56,4.0,161.3,525.63,349.57,True
185,72.96,33.35,9.59,4.0,125.5,358.98,213.89,True
186,101.89,24.78,8.27,4.0,101.5,247.26,122.94,True
187,59.81,37.24,10.19,4.0,136.4,409.73,255.21,True
188,97.52,26.08,8.47,4.0,105.12,264.13,136.67,True
189,27.63,46.78,11.66,4.0,163.1,533.99,356.38,True
190,76.06,32.43,9.45,4.0,122.92,346.99,204.13,True
191,26.69,47.05,11.7,4.0,163.87,537.61,359.33,True
192,62.78,36.37,10.06,4.0,133.94,398.27,245.88,True
193,94.56,26.96,8.61,4.0,107.58,275.59,146.0,True
194,80.75,31.04,9.24,4.0,119.03,328.89,189.4,True
195,90.98,28.01,8.77,4.0,110.54,289.37,157.23,True
196,97.34,26.13,8.48,4.0,105.27,264.82,137.23,True
197,24.35,47.74,11.81,4.0,165.81,546.63,366.67,True
198,73.14,33.3,9.58,4.0,125.35,358.27,213.32,True
199,70.37,34.12,9.71,4.0,127.64,368.95,222.01,True
200,80.54,31.11,9.25,4.0,119.2,329.69,190.05,True
201,90.07,28.28,8.81,4.0,111.3,292.89,160.09,True
202,78.91,31.59,9.32,4.0,120.56,335.98,195.17,True
203,43.6,42.05,10.93,4.0,149.85,472.32,306.17,True
204,94.25,27.05,8.62,4.0,107.84,276.77,146.96,True
205,78.4,31.74,9.34,4.0,120.98,337.96,196.78,True
206,72.07,33.62,9.63,4.0,126.24,362.42,216.69,True
207,81.86,30.72,9.19,4.0,118.12,324.62,185.92,True
208,63.78,36.07,10.01,4.0,133.11,394.41,242.74,True
209,49.54,40.29,10.66,4.0,144.92,449.37,287.49,True
210,95.32,26.73,8.57,4.0,106.95,272.63,143.59,True
211,32.4,45.36,11.44,4.0,159.14,515.58,341.4,True
212,38.89,43.44,11.14,4.0,153.75,490.49,320.97,True
213,92.96,27.43,8.68,4.0,108.91,281.76,151.03,True
214,60.56,37.02,10.16,4.0,135.78,406.83,252.85,True
215,60.1,37.16,10.18,4.0,136.16,408.62,254.31,True
216,44.58,41.76,10.89,4.0,149.04,468.56,303.11,True
217,88.89,28.63,8.87,4.0,112.28,297.46,163.81,True
218,95.4,26.71,8.57,4.0,106.88,272.33,143.35,True
219,25.68,47.35,11.75,4.0,164.71,541.51,362.51,True
220,88.97,28.61,8.86,4.0,112.22,297.16,163.56,True
221,70.65,34.04,9.7,4.0,127.41,367.9,221.16,True
222,45.16,41.58,10.86,4.0,148.56,466.31,301.28,True
223,33.18,45.13,11.4,4.0,158.49,512.54,338.92,True
224,106.72,23.35,8.05,4.0,97.49,228.61,107.76,True
225,29.8,46.13,11.56,4.0,161.29,525.59,349.54,True
226,97.38,26.12,8.48,4.0,105.24,264.7,137.14,True
227,45.42,41.51,10.85,4.0,148.34,465.29,300.45,True
228,89.31,28.51,8.85,4.0,111.93,295.83,162.48,True
229,92.62,27.53,8.7,4.0,109.19,283.08,152.1,True
230,59.58,37.31,10.2,4.0,136.59,410.63,255.95,True
231,81.81,30.73,9.19,4.0,118.15,324.8,186.07,True
232,38.4,43.59,11.17,4.0,154.16,492.41,322.53,True
233,105.55,23.7,8.11,4.0,98.47,233.16,111.46,True
234,48.69,40.54,10.7,4.0,145.63,452.67,290.17,True
235,31.99,45.48,11.46,4.0,159.48,517.14,342.67,True
236,42.01,42.52,11.0,4.0,151.17,478.46,311.17,True
237,65.5,35.56,9.93,4.0,131.68,387.75,237.32,True
238,80.57,31.1,9.25,4.0,119.18,329.59,189.97,True
239,50.24,40.08,10.63,4.0,144.34,446.68,285.3,True
240,64.18,35.95,9.99,4.0,132.78,392.87,241.49,True
241,86.08,29.47,8.99,4.0,114.61,308.32,172.65,True
242,101.55,24.89,8.29,4.0,101.78,248.59,124.02,True
243,56.3,38.29,10.35,4.0,139.32,423.3,266.27,True
244,83.52,30.22,9.11,4.0,116.74,318.19,180.69,True
245,28.97,46.38,11.6,4.0,161.98,528.79,352.15,True
246,99.14,25.6,8.4,4.0,103.78,257.89,131.59,True
247,35.31,44.5,11.31,4.0,156.72,504.31,332.22,True
248,58.1,37.75,10.27,4.0,137.82,416.35,260.61,True
249,77.43,32.03,9.39,4.0,121.79,341.72,199.84,True
250,46.58,41.16,10.79,4.0,147.37,460.81,296.8,True
251,57.7,37.87,10.29,4.0,138.15,417.89,261.86,True
252,51.44,39.72,10.57,4.0,143.34,442.04,281.52,True
253,20.19,48.98,12.0,4.0,169.27,562.71,379.76,True
254,66.57,35.24,9.88,4.0,130.8,383.66,233.98,True
255,34.5,44.74,11.34,4.0,157.4,507.47,334.79,True
256,82.77,30.45,9.15,4.0,117.36,321.08,183.04,True
257,84.25,30.01,9.08,4.0,116.13,315.36,178.38,True
258,69.54,34.36,9.75,4.0,128.33,372.18,224.64,True
259,41.36,42.71,11.03,4.0,151.7,480.97,313.21,True
260,99.0,25.64,8.41,4.0,103.9,258.44,132.04,True
261,102.06,24.73,8.27,4.0,101.36,246.6,122.4,True
262,72.81,33.39,9.6,4.0,125.62,359.53,214.34,True
263,83.31,30.29,9.12,4.0,116.91,319.0,181.34,True
264,92.49,27.57,8.7,4.0,109.29,283.55,152.49,True
265,90.85,28.05,8.78,4.0,110.65,289.88,157.64,True
266,77.68,31.95,9.38,4.0,121.58,340.74,199.04,True
267,90.42,28.18,8.8,4.0,111.01,291.56,159.0,True
268,85.39,29.67,9.03,4.0,115.18,310.96,174.8,True
269,89.32,28.51,8.85,4.0,111.92,295.79,162.45,True
270,78.17,31.81,9.35,4.0,121.17,338.83,197.49,True
271,38.57,43.54,11.16,4.0,154.02,491.75,321.99,True
272,44.15,41.88,10.91,4.0,149.4,470.22,304.46,True
273,73.9,33.07,9.55,4.0,124.71,355.33,210.93,True
274,69.32,34.43,9.76,4.0,128.51,373.02,225.33,True
275,22.83,48.19,11.88,4.0,167.07,552.5,371.45,True
276,45.08,41.61,10.86,4.0,148.62,466.59,301.51,True
277,98.19,25.88,8.44,4.0,104.57,261.56,134.58,True
278,95.44,26.7,8.57,4.0,106.85,272.18,143.23,True
279,68.03,34.81,9.82,4.0,129.59,378.01,229.39,True
280,78.8,31.62,9.33,4.0,120.65,336.41,195.52,True
281,38.17,43.65,11.18,4.0,154.35,493.29,323.25,True
282,98.19,25.88,8.44,4.0,104.56,261.54,134.56,True
283,60.94,36.91,10.14,4.0,135.46,405.37,251.66,True
284,83.97,30.09,9.09,4.0,116.36,316.44,179.26,True
285,56.24,38.3,10.35,4.0,139.36,423.51,266.43,True
286,84.26,30.01,9.08,4.0,116.12,315.34,178.37,True
287,102.83,24.51,8.23,4.0,100.72,243.65,120.0,True
288,29.18,46.32,11.59,4.0,161.81,528.0,351.5,True
289,22.27,48.36,11.9,4.0,167.54,554.68,373.23,True
290,82.64,30.49,9.15,4.0,117.47,321.61,183.47,True
291,61.85,36.64,10.1,4.0,134.71,401.86,248.8,True
292,106.91,23.3,8.05,4.0,97.33,227.88,107.16,True
293,99.36,25.53,8.39,4.0,103.6,257.04,130.9,True
294,97.77,26.01,8.46,4.0,104.92,263.2,135.91,True
295,64.81,35.77,9.96,4.0,132.26,390.44,239.51,True
296,34.85,44.64,11.33,4.0,157.11,506.12,333.69,True
297,104.88,23.9,8.14,4.0,99.02,235.74,113.55,True
298,88.25,28.82,8.9,4.0,112.81,299.94,165.82,True
299,52.86,39.3,10.51,4.0,142.16,436.56,277.05,True
300,23.63,47.96,11.84,4.0,166.41,549.41,368.94,True
301,43.03,42.21,10.96,4.0,150.32,474.52,307.97,True
302,65.22,35.64,9.94,4.0,131.91,388.84,238.2,True
303,52.79,39.32,10.51,4.0,142.23,436.85,277.3,True
304,61.09,36.87,10.13,4.0,135.34,404.79,251.19,True
305,69.01,34.52,9.77,4.0,128.77,374.23,226.31,True
306,27.57,46.79,11.66,4.0,163.14,534.2,356.56,True
307,95.87,26.57,8.55,4.0,106.5,270.53,141.88,True
308,36.59,44.12,11.25,4.0,155.66,499.4,328.22,True
309,43.36,42.12,10.94,4.0,150.05,473.25,306.93,True
310,98.58,25.77,8.43,4.0,104.25,260.06,133.36,True
311,104.12,24.13,8.17,4.0,99.65,238.68,115.95,True
312,35.32,44.5,11.31,4.0,156.71,504.28,332.19,True
313,82.82,30.43,9.14,4.0,117.31,320.88,182.88,True
314,34.91,44.62,11.33,4.0,157.05,505.86,333.48,True
315,93.58,27.25,8.65,4.0,108.39,279.35,149.06,True
316,29.06,46.35,11.59,4.0,161.91,528.48,351.89,True
317,34.92,44.62,11.33,4.0,157.05,505.83,333.46,True
318,21.24,48.67,11.95,4.0,168.39,558.64,376.45,True
319,84.42,29.96,9.07,4.0,115.99,314.73,177.87,True
320,103.56,24.29,8.2,4.0,100.12,240.84,117.71,True
321,49.54,40.29,10.66,4.0,144.92,449.39,287.51,True
322,59.62,37.3,10.2,4.0,136.56,410.47,255.82,True
323,35.03,44.58,11.32,4.0,156.96,505.42,333.12,True
324,69.11,34.49,9.77,4.0,128.69,373.82,225.98,True
325,67.93,34.84,9.82,4.0,129.67,378.39,229.69,True
326,70.07,34.21,9.72,4.0,127.9,370.14,222.98,True
327,74.58,32.87,9.52,4.0,124.15,352.71,208.79,True
328,96.87,26.27,8.5,4.0,105.67,266.67,138.74,True
329,28.02,46.66,11.64,4.0,162.77,532.49,355.16,True
330,52.29,39.47,10.53,4.0,142.64,438.75,278.84,True
331,81.47,30.83,9.21,4.0,118.44,326.12,187.15,True
332,54.83,38.72,10.42,4.0,140.53,428.95,270.86,True
333,78.14,31.82,9.36,4.0,121.2,338.96,197.6,True
334,70.23,34.16,9.72,4.0,127.76,369.51,222.47,True
335,59.99,37.19,10.18,4.0,136.25,409.05,254.66,True
336,53.84,39.01,10.46,4.0,141.35,432.78,273.98,True
337,97.63,26.05,8.47,4.0,105.03,263.73,136.34,True
338,98.18,25.88,8.44,4.0,104.58,261.59,134.6,True
339,93.88,27.16,8.64,4.0,108.14,278.2,148.13,True
340,92.23,27.64,8.71,4.0,109.51,284.56,153.3,True
341,71.0,33.93,9.68,4.0,127.12,366.55,220.06,True
342,58.22,37.72,10.26,4.0,137.72,415.86,260.21,True
343,102.39,24.64,8.25,4.0,101.08,245.33,121.36,True
344,83.41,30.26,9.12,4.0,116.83,318.62,181.04,True
345,99.16,25.59,8.4,4.0,103.76,257.8,131.52,True
346,24.88,47.59,11.78,4.0,165.38,544.61,365.03,True
347,27.84,46.71,11.65,4.0,162.92,533.16,355.7,True
348,29.52,46.21,11.57,4.0,161.52,526.67,350.42,True
349,39.96,43.12,11.1,4.0,152.87,486.38,317.62,True
350,94.8,26.88,8.6,4.0,107.38,274.64,145.23,True
351,62.65,36.41,10.06,4.0,134.05,398.78,246.3,True
352,43.34,42.12,10.94,4.0,150.06,473.32,306.99,True
353,91.73,27.79,8.74,4.0,109.92,286.48,154.87,True
354,105.88,23.6,8.09,4.0,98.19,231.86,110.4,True
355,60.44,37.06,10.16,4.0,135.88,407.31,253.24,True
356,81.42,30.85,9.21,4.0,118.48,326.31,187.3,True
357,42.82,42.28,10.97,4.0,150.49,475.32,308.61,True
358,49.75,40.22,10.65,4.0,144.75,448.58,286.84,True
359,35.39,44.48,11.3,4.0,156.66,504.02,331.98,True
360,23.59,47.97,11.84,4.0,166.45,549.6,369.09,True
361,97.29,26.15,8.48,4.0,105.31,265.02,137.4,True
362,33.61,45.0,11.39,4.0,158.13,510.88,337.57,True
363,65.02,35.7,9.95,4.0,132.08,389.62,238.84,True
364,95.16,26.78,8.58,4.0,107.08,273.24,144.09,True
365,105.97,23.58,8.09,4.0,98.11,231.51,110.12,True
366,51.11,39.82,10.59,4.0,143.62,443.33,282.57,True
367,55.76,38.44,10.38,4.0,139.76,425.36,267.94,True
368,49.63,40.26,10.66,4.0,144.85,449.05,287.23,True
369,35.19,44.54,11.31,4.0,156.82,504.79,332.61,True
370,35.22,44.53,11.31,4.0,156.8,504.69,332.52,True
371,80.42,31.14,9.25,4.0,119.31,330.16,190.43,True
372,29.69,46.16,11.56,4.0,161.38,526.02,349.89,True
373,42.88,42.26,10.96,4.0,150.45,475.11,308.44,True
374,89.28,28.52,8.85,4.0,111.96,295.96,162.59,True
375,49.09,40.42,10.68,4.0,145.29,451.12,288.91,True
376,23.0,48.15,11.87,4.0,166.94,551.87,370.94,True
377,102.71,24.54,8.24,4.0,100.82,244.11,120.37,True
378,95.68,26.62,8.56,4.0,106.65,271.23,142.46,True
379,93.31,27.33,8.67,4.0,108.62,280.4,149.92,True
380,77.61,31.97,9.38,4.0,121.63,341.0,199.26,True
381,25.9,47.29,11.74,4.0,164.53,540.65,361.81,True
382,24.3,47.76,11.81,4.0,165.85,546.83,366.84,True
383,87.58,29.02,8.93,4.0,113.37,302.51,167.92,True
384,57.72,37.86,10.29,4.0,138.14,417.81,261.79,True
385,97.69,26.03,8.47,4.0,104.99,263.5,136.16,True
386,40.31,43.02,11.08,4.0,152.58,485.04,316.52,True
387,94.28,27.04,8.62,4.0,107.81,276.66,146.87,True
388,91.43,27.88,8.75,4.0,110.17,287.64,155.82,True
389,60.07,37.17,10.18,4.0,136.19,408.73,254.4,True
390,23.4,48.03,11.85,4.0,166.6,550.32,369.67,True
391,106.15,23.52,8.08,4.0,97.96,230.81,109.54,True
392,86.09,29.46,8.99,4.0,114.6,308.27,172.61,True
393,27.36,46.86,11.67,4.0,163.32,535.04,357.24,True
394,41.09,42.79,11.04,4.0,151.93,482.01,314.06,True
395,35.29,44.51,11.31,4.0,156.74,504.4,332.29,True
396,44.73,41.71,10.88,4.0,148.91,467.96,302.62,True
397,96.39,26.41,8.53,4.0,106.06,268.5,140.23,True
398,41.33,42.72,11.03,4.0,151.73,481.09,313.31,True
399,58.95,37.5,10.23,4.0,137.11,413.05,257.92,True
400,89.3,28.51,8.85,4.0,111.94,295.87,162.51,True
401,39.18,43.35,11.13,4.0,153.51,489.38,320.06,True
402,21.34,48.64,11.94,4.0,168.31,558.28,376.16,True
403,51.84,39.61,10.55,4.0,143.01,440.51,280.28,True
404,66.01,35.41,9.91,4.0,131.26,385.8,235.73,True
405,106.41,23.45,8.07,4.0,97.75,229.8,108.72,True
406,88.41,28.78,8.89,4.0,112.68,299.31,165.31,True
407,27.36,46.86,11.67,4.0,163.32,535.04,357.24,True
408,23.84,47.9,11.83,4.0,166.24,548.61,368.28,True
409,39.81,43.17,11.1,4.0,152.99,486.97,318.1,True
410,80.55,31.11,9.25,4.0,119.2,329.68,190.04,True
411,25.98,47.26,11.73,4.0,164.46,540.35,361.56,True
412,35.27,44.51,11.31,4.0,156.76,504.48,332.35,True
413,42.0,42.52,11.0,4.0,151.17,478.5,311.2,True
414,61.99,36.6,10.09,4.0,134.59,401.31,248.36,True
415,42.87,42.26,10.96,4.0,150.45,475.13,308.46,True
416,104.25,24.09,8.17,4.0,99.54,238.16,115.53,True
417,20.35,48.93,11.99,4.0,169.13,562.08,379.25,True
418,77.64,31.96,9.38,4.0,121.61,340.89,199.17,True
419,70.35,34.12,9.71,4.0,127.66,369.03,222.08,True
420,102.51,24.6,8.25,4.0,100.99,244.88,121.0,True
421,29.5,46.22,11.57,4.0,161.55,526.77,350.51,True
422,91.29,27.92,8.76,4.0,110.29,288.2,156.27,True
423,95.5,26.68,8.57,4.0,106.8,271.94,143.03,True
424,99.49,25.5,8.38,4.0,103.49,256.55,130.5,True
425,24.0,47.85,11.82,4.0,166.1,547.98,367.77,True
426,80.04,31.25,9.27,4.0,119.62,331.62,191.62,True
427,85.38,29.67,9.03,4.0,115.19,311.01,174.84,True
428,84.0,30.08,9.09,4.0,116.34,316.34,179.18,True
429,26.32,47.16,11.72,4.0,164.18,539.03,360.48,True
430,45.8,41.4,10.83,4.0,148.03,463.85,299.27,True
431,91.19,27.95,8.76,4.0,110.37,288.58,156.58,True
432,102.22,24.69,8.26,4.0,101.23,246.0,121.91,True
433,67.88,34.86,9.82,4.0,129.71,378.59,229.86,True
434,87.67,29.0,8.92,4.0,113.29,302.17,167.65,True
435,107.52,23.12,8.02,4.0,96.83,225.52,105.24,True
436,94.57,26.95,8.61,4.0,107.57,275.55,145.97,True
437,102.61,24.57,8.24,4.0,100.9,244.48,120.68,True
438,80.73,31.05,9.24,4.0,119.05,328.97,189.46,True
439,73.87,33.08,9.55,4.0,124.74,355.47,211.04,True
440,40.12,43.08,11.09,4.0,152.74,485.77,317.12,True
441,29.64,46.18,11.57,4.0,161.42,526.21,350.04,True
442,102.02,24.75,8.27,4.0,101.39,246.78,122.54,True
443,21.45,48.61,11.94,4.0,168.22,557.86,375.81,True
444,26.02,47.25,11.73,4.0,164.43,540.22,361.45,True
445,33.91,44.91,11.37,4.0,157.88,509.72,336.62,True
446,103.27,24.37,8.21,4.0,100.35,241.93,118.6,True
447,45.5,41.48,10.84,4.0,148.27,464.98,300.19,True
448,68.35,34.72,9.8,4.0,129.32,376.77,228.38,True
449,47.53,40.88,10.75,4.0,146.59,457.16,293.83,True
450,39.72,43.19,11.11,4.0,153.07,487.3,318.37,True
451,89.87,28.35,8.82,4.0,111.47,293.69,160.74,True
452,61.8,36.65,10.1,4.0,134.75,402.04,248.95,True
453,40.3,43.02,11.08,4.0,152.58,485.05,316.53,True
454,28.56,46.5,11.62,4.0,162.32,530.38,353.44,True
455,27.0,46.96,11.69,4.0,163.62,536.43,358.37,True
456,46.59,41.16,10.79,4.0,147.37,460.77,296.77,True
457,99.17,25.59,8.4,4.0,103.75,257.77,131.49,True
458,71.94,33.65,9.64,4.0,126.34,362.89,217.08,True
459,93.96,27.13,8.64,4.0,108.07,277.88,147.86,True
460,103.88,24.19,8.18,4.0,99.85,239.57,116.68,True
461,43.53,42.07,10.93,4.0,149.9,472.58,306.38,True
462,68.31,34.73,9.8,4.0,129.35,376.9,228.49,True
463,48.16,40.7,10.72,4.0,146.07,454.72,291.84,True
464,45.43,41.5,10.85,4.0,148.33,465.24,300.41,True
465,21.57,48.57,11.93,4.0,168.12,557.38,375.42,True
466,70.84,33.98,9.69,4.0,127.25,367.15,220.55,True
467,66.46,35.28,9.89,4.0,130.89,384.07,234.32,True
468,56.41,38.25,10.35,4.0,139.22,422.87,265.91,True
469,36.68,44.09,11.25,4.0,155.59,499.04,327.93,True
470,66.38,35.3,9.89,4.0,130.95,384.36,234.56,True
471,94.78,26.89,8.6,4.0,107.39,274.71,145.28,True
472,93.24,27.35,8.67,4.0,108.67,280.66,150.13,True
473,73.11,33.31,9.59,4.0,125.37,358.37,213.4,True
474,97.29,26.15,8.48,4.0,105.31,265.02,137.4,True
475,83.72,30.16,9.1,4.0,116.57,317.4,180.05,True
476,79.16,31.52,9.31,4.0,120.36,335.04,194.41,True
477,54.23,38.9,10.45,4.0,141.03,431.29,272.77,True
478,26.33,47.16,11.72,4.0,164.17,539.01,360.47,True
479,26.68,47.06,11.7,4.0,163.89,537.67,359.38,True
480,82.76,30.45,9.15,4.0,117.37,321.13,183.08,True
481,106.59,23.39,8.06,4.0,97.6,229.11,108.16,True
482,55.04,38.66,10.41,4.0,140.36,428.14,270.21,True
483,27.37,46.85,11.67,4.0,163.31,534.97,357.18,True
484,38.45,43.57,11.16,4.0,154.12,492.19,322.35,True
485,69.52,34.37,9.75,4.0,128.35,372.26,224.71,True
486,83.42,30.25,9.12,4.0,116.82,318.57,181.0,True
487,34.35,44.79,11.35,4.0,157.52,508.05,335.26,True
488,74.16,33.0,9.54,4.0,124.5,354.34,210.11,True
489,56.63,38.19,10.34,4.0,139.04,422.0,265.21,True
490,31.18,45.72,11.5,4.0,160.15,520.27,345.21,True
491,71.2,33.87,9.67,4.0,126.95,365.76,219.41,True
492,64.76,35.78,9.97,4.0,132.29,390.62,239.65,True
493,24.93,47.57,11.78,4.0,165.33,544.41,364.86,True
494,71.49,33.79,9.66,4.0,126.71,364.64,218.5,True
495,48.2,40.68,10.72,4.0,146.04,454.58,291.73,True
496,26.36,47.15,11.72,4.0,164.15,538.88,360.36,True
497,98.92,25.67,8.41,4.0,103.96,258.75,132.29,True
498,97.58,26.06,8.47,4.0,105.07,263.9,136.49,True
499,39.24,43.34,11.13,4.0,153.46,489.15,319.87,True
500,49.79,40.21,10.65,4.0,144.71,448.42,286.71,True
501,97.36,26.13,8.48,4.0,105.26,264.77,137.19,True
502,55.94,38.39,10.37,4.0,139.61,424.67,267.38,True
503,32.52,45.33,11.43,4.0,159.04,515.09,341.0,True
504,102.77,24.53,8.23,4.0,100.77,243.89,120.19,True
505,93.89,27.15,8.64,4.0,108.13,278.15,148.09,True
506,80.39,31.15,9.25,4.0,119.33,330.28,190.53,True
507,32.02,45.48,11.46,4.0,159.45,517.04,342.58,True
508,48.49,40.6,10.71,4.0,145.79,453.44,290.8,True
509,50.93,39.88,10.6,4.0,143.77,444.03,283.14,True
510,107.12,23.24,8.04,4.0,97.16,227.08,106.51,True
511,38.03,43.69,11.18,4.0,154.47,493.83,323.68,True
512,30.89,45.81,11.51,4.0,160.39,521.39,346.12,True
513,104.36,24.05,8.16,4.0,99.45,237.72,115.17,True
514,48.61,40.56,10.7,4.0,145.69,452.99,290.44,True
515,50.08,40.13,10.64,4.0,144.48,447.32,285.82,True
516,76.35,32.35,9.44,4.0,122.68,345.86,203.21,True
517,51.98,39.57,10.55,4.0,142.9,439.98,279.85,True
518,56.99,38.08,10.32,4.0,138.74,420.62,264.08,True
519,104.67,23.96,8.15,4.0,99.19,236.54,114.21,True
520,72.1,33.61,9.63,4.0,126.21,362.3,216.6,True
521,31.31,45.69,11.49,4.0,160.05,519.79,344.82,True
522,103.24,24.38,8.21,4.0,100.38,242.04,118.69,True
523,56.71,38.16,10.33,4.0,138.97,421.69,264.96,True
524,45.47,41.49,10.85,4.0,148.3,465.12,300.31,True
525,32.71,45.27,11.43,4.0,158.88,514.36,340.4,True
526,62.14,36.56,10.09,4.0,134.47,400.74,247.9,True
527,98.76,25.71,8.42,4.0,104.1,259.37,132.8,True
528,98.87,25.68,8.41,4.0,104.01,258.94,132.44,True
529,105.38,23.75,8.12,4.0,98.6,233.8,111.98,True
530,97.13,26.19,8.49,4.0,105.45,265.66,137.91,True
531,91.14,27.97,8.76,4.0,110.42,288.79,156.75,True
532,37.01,44.0,11.23,4.0,155.31,497.76,326.89,True
533,26.37,47.15,11.71,4.0,164.14,538.84,360.33,True
534,100.68,25.14,8.33,4.0,102.5,251.93,126.74,True
535,92.81,27.47,8.69,4.0,109.03,282.33,151.49,True
536,44.93,41.65,10.87,4.0,148.75,467.19,302.0,True
537,45.58,41.46,10.84,4.0,148.21,464.7,299.97,True
538,69.24,34.45,9.76,4.0,128.58,373.32,225.57,True
539,63.5,36.15,10.02,4.0,133.34,395.48,243.61,True
540,34.84,44.64,11.33,4.0,157.11,506.13,333.7,True
541,87.66,29.0,8.92,4.0,113.3,302.2,167.67,True
542,43.4,42.11,10.94,4.0,150.02,473.11,306.82,True
543,92.06,27.69,8.72,4.0,109.65,285.21,153.83,True
544,47.12,41.0,10.77,4.0,146.92,458.72,295.1,True
545,52.66,39.36,10.52,4.0,142.33,437.34,277.69,True
546,53.94,38.98,10.46,4.0,141.28,432.42,273.69,True
547,60.96,36.91,10.14,4.0,135.45,405.31,251.61,True
548,99.5,25.49,8.38,4.0,103.48,256.51,130.47,True
549,84.66,29.89,9.06,4.0,115.79,313.8,177.11,True
550,79.31,31.47,9.3,4.0,120.23,334.44,193.92,True
551,96.25,26.46,8.53,4.0,106.18,269.05,140.68,True
552,26.56,47.09,11.71,4.0,163.98,538.12,359.74,True
553,84.14,30.04,9.08,4.0,116.22,315.81,178.75,True
554,83.79,30.14,9.1,4.0,116.51,317.15,179.84,True
555,72.31,33.54,9.62,4.0,126.04,361.48,215.93,True
556,26.18,47.2,11.72,4.0,164.29,539.57,360.93,True
557,29.0,46.37,11.6,4.0,161.96,528.71,352.08,True
558,49.73,40.23,10.65,4.0,144.76,448.65,286.9,True
559,95.25,26.75,8.58,4.0,107.01,272.92,143.83,True
560,72.37,33.53,9.62,4.0,125.99,361.26,215.75,True
561,85.57,29.62,9.02,4.0,115.03,310.27,174.24,True
562,45.41,41.51,10.85,4.0,148.35,465.34,300.49,True
563,102.17,24.7,8.26,4.0,101.27,246.2,122.07,True
564,39.36,43.3,11.12,4.0,153.36,488.68,319.49,True
565,68.57,34.65,9.79,4.0,129.14,375.91,227.68,True
566,99.79,25.41,8.37,4.0,103.24,255.36,129.53,True
567,55.27,38.59,10.4,4.0,140.17,427.28,269.5,True
568,37.3,43.91,11.22,4.0,155.07,496.63,325.96,True
569,32.1,45.45,11.45,4.0,159.39,516.73,342.33,True
570,75.07,32.73,9.5,4.0,123.74,350.82,207.25,True
571,46.03,41.32,10.82,4.0,147.83,462.93,298.52,True
572,55.42,38.55,10.39,4.0,140.04,426.69,269.02,True
573,50.73,39.93,10.61,4.0,143.93,444.78,283.75,True
574,76.01,32.45,9.45,4.0,122.97,347.2,204.3,True
575,93.88,27.16,8.64,4.0,108.14,278.2,148.13,True
576,53.62,39.08,10.47,4.0,141.53,433.62,274.67,True
577,106.0,23.57,8.09,4.0,98.09,231.4,110.02,True
578,72.32,33.54,9.62,4.0,126.03,361.44,215.9,True
579,97.39,26.12,8.48,4.0,105.23,264.63,137.08,True
580,40.17,43.06,11.09,4.0,152.7,485.58,316.97,True
581,36.95,44.01,11.23,4.0,155.36,498.0,327.08,True
582,71.18,33.88,9.67,4.0,126.98,365.86,219.49,True
583,47.92,40.77,10.73,4.0,146.26,455.63,292.58,True
584,77.66,31.96,9.38,4.0,121.6,340.83,199.11,True
585,23.11,48.11,11.86,4.0,166.84,551.43,370.58,True
586,43.42,42.1,10.94,4.0,149.99,473.0,306.73,True
587,78.67,31.66,9.33,4.0,120.76,336.92,195.94,True
588,103.41,24.34,8.21,4.0,100.24,241.41,118.17,True
589,106.34,23.47,8.07,4.0,97.81,230.09,108.96,True
590,59.8,37.25,10.19,4.0,136.41,409.79,255.26,True
591,90.21,28.24,8.81,4.0,111.19,292.38,159.67,True
592,95.0,26.82,8.59,4.0,107.21,273.85,144.59,True
593,78.35,31.76,9.35,4.0,121.03,338.16,196.95,True
594,73.49,33.2,9.57,4.0,125.06,356.94,212.23,True
595,35.5,44.44,11.3,4.0,156.56,503.58,331.62,True
596,34.11,44.85,11.36,4.0,157.72,508.95,335.99,True
597,37.51,43.85,11.21,4.0,154.9,495.85,325.33,True
598,48.14,40.7,10.72,4.0,146.08,454.8,291.91,True
599,51.3,39.77,10.58,4.0,143.46,442.6,281.97,True
600,49.0,40.45,10.68,4.0,145.37,451.48,289.2,True
601,91.59,27.84,8.74,4.0,110.04,287.04,155.33,True
602,66.08,35.39,9.91,4.0,131.2,385.52,235.51,True
603,96.28,26.45,8.53,4.0,106.15,268.93,140.58,True
604,83.49,30.23,9.11,4.0,116.76,318.32,180.79,True
605,105.96,23.58,8.09,4.0,98.13,231.57,110.16,True
606,28.22,46.6,11.63,4.0,162.6,531.7,354.52,True
607,95.58,26.65,8.56,4.0,106.73,271.63,142.78,True
608,40.98,42.82,11.05,4.0,152.02,482.42,314.4,True
609,46.2,41.27,10.81,4.0,147.69,462.27,297.99,True
610,75.68,32.55,9.47,4.0,123.24,348.46,205.33,True
611,64.86,35.75,9.96,4.0,132.21,390.24,239.34,True
612,40.86,42.86,11.05,4.0,152.12,482.9,314.79,True
613,84.26,30.0,9.08,4.0,116.12,315.33,178.36,True
614,105.38,23.75,8.12,4.0,98.6,233.78,111.96,True
615,81.27,30.89,9.21,4.0,118.6,326.87,187.75,True
616,37.23,43.93,11.22,4.0,155.13,496.92,326.2,True
617,97.72,26.02,8.46,4.0,104.95,263.35,136.04,True
618,23.29,48.06,11.86,4.0,166.69,550.74,370.02,True
619,83.3,30.29,9.12,4.0,116.92,319.04,181.37,True
620,87.22,29.13,8.94,4.0,113.67,303.9,169.05,True
621,106.17,23.52,8.08,4.0,97.95,230.76,109.5,True
622,29.38,46.26,11.58,4.0,161.64,527.23,350.88,True
623,39.44,43.28,11.12,4.0,153.3,488.39,319.26,True
624,61.21,36.83,10.13,4.0,135.24,404.32,250.81,True
625,99.92,25.37,8.36,4.0,103.14,254.89,129.15,True
626,48.07,40.72,10.73,4.0,146.14,455.07,292.13,True
627,22.9,48.17,11.87,4.0,167.01,552.23,371.23,True
628,92.85,27.46,8.69,4.0,108.99,282.16,151.35,True
629,70.18,34.18,9.72,4.0,127.8,369.71,222.63,True
630,91.45,27.88,8.75,4.0,110.16,287.57,155.76,True
631,36.84,44.05,11.24,4.0,155.46,498.43,327.43,True
632,56.88,38.11,10.33,4.0,138.83,421.05,264.43,True
633,102.15,24.71,8.26,4.0,101.28,246.25,122.12,True
634,92.0,27.71,8.73,4.0,109.7,285.46,154.04,True
635,107.5,23.12,8.02,4.0,96.85,225.61,105.31,True
636,52.8,39.32,10.51,4.0,142.21,436.79,277.24,True
637,77.3,32.07,9.39,4.0,121.9,342.22,200.25,True
638,75.04,32.73,9.5,4.0,123.77,350.93,207.34,True
639,80.38,31.15,9.25,4.0,119.34,330.32,190.57,True
640,79.47,31.42,9.3,4.0,120.09,333.82,193.41,True
641,91.52,27.85,8.75,4.0,110.1,287.3,155.54,True
642,96.85,26.28,8.5,4.0,105.68,266.73,138.78,True
643,102.84,24.5,8.23,4.0,100.71,243.61,119.97,True
644,78.38,31.75,9.35,4.0,121.0,338.05,196.86,True
645,69.57,34.35,9.75,4.0,128.3,372.04,224.53,True
646,36.97,44.01,11.23,4.0,155.35,497.93,327.03,True
647,44.3,41.84,10.9,4.0,149.27,469.63,303.99,True
648,87.1,29.16,8.95,4.0,113.76,304.37,169.43,True
649,34.43,44.76,11.35,4.0,157.46,507.74,335.01,True
650,51.92,39.58,10.55,4.0,142.95,440.21,280.03,True
651,90.67,28.11,8.79,4.0,110.81,290.61,158.23,True
652,60.38,37.08,10.17,4.0,135.93,407.53,253.42,True
653,52.28,39.48,10.53,4.0,142.65,438.82,278.9,True
654,58.14,37.74,10.27,4.0,137.78,416.17,260.46,True
655,59.57,37.32,10.2,4.0,136.6,410.68,255.99,True
656,26.02,47.25,11.73,4.0,164.43,540.18,361.42,True
657,75.62,32.56,9.47,4.0,123.29,348.71,205.53,True
658,39.65,43.21,11.11,4.0,153.12,487.57,318.59,True
659,20.77,48.8,11.97,4.0,168.78,560.45,377.92,True
660,60.59,37.02,10.16,4.0,135.76,406.74,252.78,True
661,79.87,31.31,9.28,4.0,119.76,332.29,192.17,True
662,60.22,37.12,10.17,4.0,136.06,408.16,253.94,True
663,86.85,29.24,8.96,4.0,113.97,305.34,170.22,True
664,99.26,25.56,8.39,4.0,103.68,257.42,131.21,True
665,40.17,43.06,11.09,4.0,152.69,485.57,316.96,True
666,22.67,48.24,11.88,4.0,167.21,553.15,371.98,True
667,49.63,40.26,10.66,4.0,144.84,449.03,287.21,True
668,20.63,48.85,11.98,4.0,168.9,561.0,378.37,True
669,100.92,25.07,8.32,4.0,102.31,251.03,126.01,True
670,25.72,47.34,11.74,4.0,164.68,541.36,362.39,True
671,47.17,40.99,10.77,4.0,146.89,458.56,294.97,True
672,57.76,37.85,10.28,4.0,138.1,417.65,261.66,True
673,97.48,26.09,8.48,4.0,105.15,264.28,136.79,True
674,50.79,39.92,10.6,4.0,143.88,444.57,283.58,True
675,106.15,23.52,8.08,4.0,97.96,230.82,109.55,True
676,40.47,42.97,11.07,4.0,152.44,484.41,316.01,True
677,72.53,33.48,9.61,4.0,125.85,360.64,215.24,True
678,50.96,39.86,10.59,4.0,143.74,443.89,283.03,True
679,50.4,40.03,10.62,4.0,144.2,446.05,284.79,True
680,26.93,46.98,11.69,4.0,163.67,536.68,358.57,True
681,76.11,32.42,9.45,4.0,122.88,346.8,203.98,True
682,106.78,23.34,8.05,4.0,97.44,228.39,107.58,True
683,85.95,29.51,9.0,4.0,114.72,308.83,173.06,True
684,102.95,24.47,8.23,4.0,100.62,243.19,119.62,True
685,106.95,23.29,8.04,4.0,97.31,227.75,107.05,True
686,63.71,36.09,10.01,4.0,133.17,394.67,242.95,True
687,24.99,47.56,11.78,4.0,165.28,544.16,364.66,True
688,70.25,34.15,9.72,4.0,127.74,369.42,222.4,True
689,54.55,38.8,10.43,4.0,140.76,430.04,271.75,True
690,80.4,31.15,9.25,4.0,119.32,330.22,190.48,True
691,105.64,23.67,8.1,4.0,98.38,232.77,111.14,True
692,77.28,32.07,9.4,4.0,121.91,342.27,200.29,True
693,63.35,36.2,10.03,4.0,133.47,396.08,244.1,True
694,97.96,25.95,8.45,4.0,104.76,262.43,135.29,True
695,96.86,26.27,8.5,4.0,105.67,266.68,138.75,True
696,92.36,27.61,8.71,4.0,109.4,284.05,152.89,True
697,37.35,43.9,11.21,4.0,155.03,496.46,325.83,True
698,104.03,24.15,8.18,4.0,99.72,239.01,116.22,True
699,59.96,37.2,10.18,4.0,136.28,409.16,254.75,True
700,39.45,43.27,11.12,4.0,153.29,488.34,319.22,True
701,32.52,45.33,11.43,4.0,159.04,515.11,341.01,True
702,66.76,35.19,9.88,4.0,130.64,382.91,233.38,True
703,66.65,35.22,9.88,4.0,130.73,383.33,233.72,True
704,102.21,24.69,8.26,4.0,101.23,246.04,121.94,True
705,58.89,37.52,10.23,4.0,137.17,413.3,258.12,True
706,66.79,35.18,9.87,4.0,130.61,382.79,233.28,True
707,56.66,38.18,10.33,4.0,139.01,421.89,265.11,True
708,62.38,36.48,10.07,4.0,134.27,399.82,247.15,True
709,80.38,31.15,9.25,4.0,119.34,330.31,190.55,True
710,54.78,38.73,10.42,4.0,140.57,429.15,271.02,True
711,54.96,38.68,10.41,4.0,140.42,428.46,270.46,True
712,90.77,28.08,8.78,4.0,110.72,290.21,157.91,True
713,61.75,36.67,10.1,4.0,134.79,402.24,249.12,True
714,44.15,41.88,10.91,4.0,149.39,470.22,304.46,True
715,53.51,39.11,10.48,4.0,141.62,434.05,275.01,True
716,96.7,26.32,8.51,4.0,105.8,267.3,139.25,True
717,54.08,38.94,10.45,4.0,141.16,431.87,273.24,True
718,37.57,43.83,11.2,4.0,154.85,495.6,325.13,True
719,64.09,35.98,10.0,4.0,132.85,393.22,241.77,True
720,33.86,44.93,11.37,4.0,157.93,509.93,336.79,True
721,55.91,38.4,10.37,4.0,139.64,424.79,267.47,True
722,29.08,46.35,11.59,4.0,161.89,528.39,351.83,True
723,46.78,41.1,10.79,4.0,147.21,460.06,296.19,True
724,30.31,45.98,11.54,4.0,160.87,523.62,347.94,True
725,52.36,39.45,10.53,4.0,142.58,438.5,278.64,True
726,34.83,44.64,11.33,4.0,157.12,506.18,333.74,True
727,57.99,37.78,10.27,4.0,137.91,416.77,260.94,True
728,61.47,36.75,10.12,4.0,135.03,403.34,250.01,True
729,86.97,29.2,8.95,4.0,113.87,304.87,169.84,True
730,103.19,24.4,8.22,4.0,100.42,242.23,118.84,True
731,31.63,45.59,11.48,4.0,159.77,518.52,343.79,True
732,83.7,30.17,9.1,4.0,116.58,317.48,180.11,True
733,101.38,24.93,8.3,4.0,101.92,249.22,124.53,True
734,62.81,36.36,10.05,4.0,133.91,398.15,245.79,True
735,95.18,26.77,8.58,4.0,107.06,273.18,144.04,True
736,94.51,26.97,8.61,4.0,107.62,275.77,146.15,True
737,53.34,39.16,10.49,4.0,141.77,434.74,275.57,True
738,50.75,39.93,10.6,4.0,143.92,444.74,283.71,True
739,75.91,32.48,9.46,4.0,123.05,347.57,204.61,True
740,85.15,29.74,9.04,4.0,115.38,311.89,175.55,True
741,59.26,37.41,10.22,4.0,136.86,411.87,256.96,True
742,70.78,34.0,9.69,4.0,127.3,367.38,220.74,True
743,98.14,25.89,8.45,4.0,104.61,261.74,134.73,True
744,34.98,44.6,11.32,4.0,157.0,505.62,333.28,True
745,40.29,43.03,11.08,4.0,152.59,485.1,316.58,True
746,106.27,23.49,8.08,4.0,97.87,230.37,109.19,True
747,74.4,32.93,9.53,4.0,124.3,353.42,209.37,True
748,76.51,32.3,9.43,4.0,122.55,345.28,202.74,True
749,90.5,28.16,8.79,4.0,110.95,291.25,158.75,True
750,31.72,45.56,11.47,4.0,159.7,518.19,343.52,True
751,43.72,42.01,10.92,4.0,149.75,471.86,305.79,True
752,67.16,35.07,9.86,4.0,130.3,381.35,232.11,True
753,69.73,34.31,9.74,4.0,128.17,371.43,224.03,True
754,83.48,30.24,9.11,4.0,116.77,318.35,180.81,True
755,100.36,25.24,8.34,4.0,102.77,253.18,127.76,True
756,68.82,34.58,9.78,4.0,128.93,374.95,226.9,True
757,85.14,29.74,9.04,4.0,115.39,311.92,175.58,True
758,22.33,48.34,11.9,4.0,167.49,554.44,373.03,True
759,56.53,38.22,10.34,4.0,139.13,422.42,265.55,True
760,88.17,28.85,8.9,4.0,112.88,300.25,166.08,True
761,61.94,36.62,10.09,4.0,134.64,401.52,248.53,True
762,21.33,48.64,11.94,4.0,168.32,558.3,376.17,True
763,75.06,32.73,9.5,4.0,123.75,350.84,207.27,True
764,84.26,30.01,9.08,4.0,116.12,315.35,178.37,True
765,81.51,30.82,9.2,4.0,118.4,325.96,187.01,True
766,70.27,34.15,9.72,4.0,127.73,369.37,222.35,True
767,23.92,47.87,11.83,4.0,166.17,548.31,368.04,True
768,82.44,30.54,9.16,4.0,117.63,322.36,184.08,True
769,93.5,27.27,8.66,4.0,108.46,279.65,149.31,True
770,99.71,25.43,8.37,4.0,103.31,255.7,129.81,True
771,94.89,26.86,8.59,4.0,107.3,274.29,144.94,True
772,29.28,46.29,11.58,4.0,161.73,527.63,351.2,True
773,54.37,38.86,10.44,4.0,140.92,430.76,272.33,True
774,67.97,34.83,9.82,4.0,129.63,378.23,229.56,True
775,105.48,23.72,8.11,4.0,98.52,233.39,111.65,True
776,63.47,36.16,10.02,4.0,133.37,395.61,243.72,True
777,65.85,35.46,9.92,4.0,131.4,386.43,236.24,True
778,74.08,33.02,9.54,4.0,124.57,354.64,210.36,True
779,44.16,41.88,10.9,4.0,149.38,470.16,304.41,True
780,27.99,46.67,11.64,4.0,162.8,532.6,355.25,True
781,84.28,30.0,9.08,4.0,116.1,315.25,178.29,True
782,39.16,43.36,11.13,4.0,153.53,489.48,320.14,True
783,28.16,46.62,11.63,4.0,162.65,531.93,354.7,True
784,52.51,39.41,10.52,4.0,142.46,437.91,278.16,True
785,74.12,33.01,9.54,4.0,124.53,354.5,210.25,True
786,52.77,39.33,10.51,4.0,142.24,436.91,277.35,True
787,41.8,42.58,11.01,4.0,151.34,479.29,311.84,True
788,61.75,36.67,10.1,4.0,134.79,402.25,249.13,True
789,27.05,46.95,11.68,4.0,163.57,536.21,358.19,True
790,44.79,41.69,10.88,4.0,148.86,467.75,302.45,True
791,28.3,46.58,11.63,4.0,162.54,531.4,354.27,True
792,102.66,24.56,8.24,4.0,100.86,244.28,120.51,True
793,36.96,44.01,11.23,4.0,155.36,497.98,327.06,True
794,64.13,35.96,9.99,4.0,132.82,393.04,241.63,True
795,37.63,43.81,11.2,4.0,154.8,495.36,324.93,True
796,52.76,39.33,10.51,4.0,142.25,436.94,277.37,True
797,56.34,38.27,10.35,4.0,139.28,423.14,266.13,True
798,33.61,45.0,11.39,4.0,158.13,510.88,337.57,True
799,101.32,24.95,8.3,4.0,101.97,249.48,124.74,True
800,98.03,25.93,8.45,4.0,104.7,262.18,135.09,True
801,89.06,28.58,8.86,4.0,112.14,296.81,163.28,True
802,84.1,30.05,9.09,4.0,116.26,315.97,178.88,True
803,89.5,28.45,8.84,4.0,111.78,295.1,161.89,True
804,52.86,39.3,10.51,4.0,142.17,436.59,277.08,True
805,51.12,39.82,10.59,4.0,143.61,443.31,282.55,True
806,41.76,42.59,11.01,4.0,151.37,479.43,311.96,True
807,62.61,36.42,10.06,4.0,134.08,398.92,246.42,True
808,57.91,37.81,10.28,4.0,137.98,417.09,261.2,True
809,37.76,43.77,11.2,4.0,154.69,494.86,324.53,True
810,48.31,40.65,10.72,4.0,145.94,454.13,291.36,True
811,100.23,25.28,8.35,4.0,102.88,253.7,128.18,True
812,59.0,37.49,10.23,4.0,137.08,412.87,257.77,True
813,74.15,33.0,9.54,4.0,124.51,354.36,210.14,True
814,75.11,32.72,9.49,4.0,123.71,350.67,207.13,True
815,23.97,47.86,11.82,4.0,166.13,548.1,367.87,True
816,96.95,26.25,8.5,4.0,105.6,266.34,138.47,True
817,91.95,27.73,8.73,4.0,109.74,285.65,154.19,True
818,37.39,43.88,11.21,4.0,155.0,496.3,325.7,True
819,63.32,36.21,10.03,4.0,133.49,396.2,244.2,True
820,66.83,35.17,9.87,4.0,130.58,382.64,233.16,True
821,102.54,24.59,8.24,4.0,100.96,244.74,120.89,True
822,81.49,30.82,9.2,4.0,118.42,326.02,187.06,True
823,38.69,43.5,11.15,4.0,153.92,491.29,321.62,True
824,42.55,42.36,10.98,4.0,150.72,476.36,309.46,True
825,57.21,38.01,10.31,4.0,138.56,419.77,263.38,True
826,46.13,41.3,10.81,4.0,147.75,462.56,298.23,True
827,66.73,35.2,9.88,4.0,130.66,383.01,233.46,True
828,89.47,28.46,8.84,4.0,111.8,295.23,161.99,True
829,22.28,48.36,11.9,4.0,167.53,554.63,373.18,True
830,89.74,28.38,8.83,4.0,111.58,294.19,161.15,True
831,55.0,38.67,10.41,4.0,140.39,428.29,270.33,True
832,28.67,46.47,11.61,4.0,162.23,529.97,353.11,True
833,93.33,27.32,8.66,4.0,108.6,280.31,149.84,True
834,39.8,43.17,11.1,4.0,153.0,486.99,318.12,True
835,105.73,23.65,8.1,4.0,98.32,232.45,110.88,True
836,32.62,45.3,11.43,4.0,158.95,514.7,340.68,True
837,75.95,32.46,9.46,4.0,123.01,347.4,204.47,True
838,87.11,29.16,8.95,4.0,113.76,304.34,169.41,True
839,106.73,23.35,8.05,4.0,97.48,228.56,107.72,True
840,86.62,29.31,8.97,4.0,114.16,306.22,170.94,True
841,59.24,37.41,10.22,4.0,136.88,411.94,257.02,True
842,59.18,37.43,10.22,4.0,136.93,412.17,257.2,True
843,28.57,46.5,11.61,4.0,162.32,530.36,353.43,True
844,105.79,23.63,8.1,4.0,98.27,232.22,110.69,True
845,64.66,35.81,9.97,4.0,132.38,391.0,239.96,True
846,103.46,24.32,8.2,4.0,100.2,241.2,118.01,True
847,96.79,26.29,8.51,4.0,105.73,266.95,138.97,True
848,52.48,39.42,10.53,4.0,142.48,438.03,278.26,True
849,93.97,27.13,8.64,4.0,108.06,277.83,147.83,True
850,29.08,46.35,11.59,4.0,161.89,528.39,351.82,True
851,63.28,36.22,10.03,4.0,133.53,396.36,244.32,True
852,69.65,34.33,9.74,4.0,128.24,371.74,224.29,True
853,74.09,33.02,9.54,4.0,124.56,354.62,210.34,True
854,83.71,30.17,9.1,4.0,116.58,317.46,180.09,True
855,77.95,31.87,9.37,4.0,121.36,339.7,198.2,True
856,38.79,43.47,11.15,4.0,153.84,490.91,321.3,True
857,42.78,42.29,10.97,4.0,150.53,475.48,308.74,True
858,95.61,26.64,8.56,4.0,106.71,271.52,142.69,True
859,79.1,31.53,9.31,4.0,120.4,335.27,194.59,True
860,85.55,29.62,9.02,4.0,115.05,310.35,174.3,True
861,78.98,31.57,9.32,4.0,120.5,335.73,194.96,True
862,20.26,48.96,11.99,4.0,169.21,562.44,379.54,True
863,69.68,34.32,9.74,4.0,128.21,371.63,224.19,True
864,68.17,34.77,9.81,4.0,129.47,377.47,228.95,True
865,68.84,34.57,9.78,4.0,128.91,374.87,226.83,True
866,25.46,47.42,11.76,4.0,164.9,542.37,363.2,True
867,41.03,42.81,11.05,4.0,151.98,482.26,314.26,True
868,85.39,29.67,9.03,4.0,115.18,310.97,174.81,True
869,37.4,43.88,11.21,4.0,154.99,496.27,325.67,True
870,31.72,45.56,11.47,4.0,159.7,518.2,343.53,True
871,54.2,38.91,10.45,4.0,141.06,431.4,272.86,True
872,70.31,34.14,9.71,4.0,127.7,369.21,222.23,True
873,64.94,35.73,9.96,4.0,132.15,389.93,239.1,True
874,65.62,35.53,9.93,4.0,131.59,387.32,236.97,True
875,77.22,32.09,9.4,4.0,121.96,342.52,200.5,True
876,51.22,39.79,10.58,4.0,143.53,442.92,282.23,True
877,89.07,28.58,8.86,4.0,112.13,296.77,163.24,True
878,86.4,29.37,8.98,4.0,114.35,307.08,171.64,True
879,59.49,37.34,10.21,4.0,136.67,410.98,256.23,True
880,25.97,47.27,11.73,4.0,164.47,540.39,361.59,True
881,51.14,39.81,10.59,4.0,143.59,443.2,282.46,True
882,100.91,25.07,8.32,4.0,102.31,251.04,126.02,True
883,81.45,30.84,9.21,4.0,118.46,326.2,187.2,True
884,29.55,46.21,11.57,4.0,161.5,526.56,350.33,True
885,40.74,42.89,11.06,4.0,152.22,483.38,315.18,True
886,65.57,35.54,9.93,4.0,131.62,387.48,237.1,True
887,92.64,27.53,8.7,4.0,109.18,283.0,152.04,True
888,52.66,39.36,10.52,4.0,142.33,437.34,277.69,True
889,84.93,29.81,9.05,4.0,115.57,312.77,176.27,True
890,98.53,25.78,8.43,4.0,104.28,260.23,133.5,True
891,96.92,26.26,8.5,4.0,105.62,266.45,138.56,True
892,89.83,28.36,8.82,4.0,111.5,293.84,160.86,True
893,55.01,38.67,10.41,4.0,140.39,428.29,270.32,True
894,66.2,35.35,9.9,4.0,131.1,385.07,235.14,True
895,43.01,42.22,10.96,4.0,150.34,474.62,308.04,True
896,96.31,26.44,8.53,4.0,106.13,268.83,140.5,True
897,29.67,46.17,11.56,4.0,161.4,526.1,349.96,True
898,56.87,38.12,10.33,4.0,138.84,421.11,264.48,True
899,87.73,28.98,8.92,4.0,113.24,301.94,167.45,True
900,100.0,25.35,8.36,4.0,103.07,254.58,128.9,True
901,107.17,23.22,8.03,4.0,97.12,226.88,106.35,True
902,71.68,33.73,9.65,4.0,126.56,363.92,217.92,True
903,60.48,37.05,10.16,4.0,135.85,407.17,253.13,True
904,63.27,36.22,10.03,4.0,133.53,396.39,244.35,True
905,54.67,38.77,10.43,4.0,140.67,429.58,271.38,True
906,29.83,46.12,11.56,4.0,161.27,525.48,349.45,True
907,78.33,31.76,9.35,4.0,121.04,338.22,196.99,True
908,100.27,25.27,8.35,4.0,102.84,253.53,128.05,True
909,100.51,25.19,8.34,4.0,102.64,252.59,127.28,True
910,91.76,27.78,8.74,4.0,109.9,286.38,154.78,True
911,54.28,38.88,10.44,4.0,140.99,431.1,272.61,True
912,85.78,29.56,9.01,4.0,114.86,309.47,173.59,True
913,44.18,41.87,10.9,4.0,149.37,470.1,304.36,True
914,31.49,45.63,11.48,4.0,159.9,519.1,344.25,True
915,65.09,35.68,9.95,4.0,132.02,389.36,238.63,True
916,47.33,40.94,10.76,4.0,146.76,457.94,294.46,True
917,69.7,34.32,9.74,4.0,128.2,371.55,224.13,True
918,41.93,42.54,11.01,4.0,151.23,478.77,311.42,True
919,76.49,32.3,9.43,4.0,122.56,345.32,202.77,True
920,94.68,26.92,8.6,4.0,107.48,275.1,145.61,True
921,75.99,32.45,9.45,4.0,122.98,347.27,204.36,True
922,81.78,30.74,9.19,4.0,118.18,324.92,186.17,True
923,45.43,41.5,10.85,4.0,148.33,465.27,300.43,True
924,33.3,45.1,11.4,4.0,158.39,512.11,338.57,True
925,96.87,26.27,8.5,4.0,105.67,266.67,138.74,True
926,49.68,40.25,10.65,4.0,144.81,448.86,287.07,True
927,45.71,41.42,10.83,4.0,148.09,464.16,299.53,True
928,47.04,41.03,10.77,4.0,147.0,459.05,295.37,True
929,31.31,45.68,11.49,4.0,160.04,519.77,344.8,True
930,86.59,29.32,8.97,4.0,114.19,306.34,171.04,True
931,91.18,27.96,8.76,4.0,110.38,288.61,156.6,True
932,23.55,47.98,11.84,4.0,166.48,549.75,369.22,True
933,52.12,39.52,10.54,4.0,142.78,439.42,279.39,True
934,20.75,48.81,11.97,4.0,168.8,560.54,378.0,True
935,97.93,25.96,8.45,4.0,104.78,262.55,135.38,True
936,94.78,26.89,8.6,4.0,107.39,274.71,145.29,True
937,57.72,37.86,10.29,4.0,138.13,417.79,261.78,True
938,57.44,37.95,10.3,4.0,138.37,418.89,262.67,True
939,106.26,23.49,8.08,4.0,97.88,230.41,109.22,True
940,71.13,33.89,9.68,4.0,127.01,366.04,219.64,True
941,53.86,39.01,10.46,4.0,141.33,432.7,273.91,True
942,83.35,30.28,9.12,4.0,116.88,318.87,181.24,True
943,96.13,26.49,8.54,4.0,106.28,269.51,141.06,True
944,74.65,32.85,9.52,4.0,124.09,352.45,208.58,True
945,56.76,38.15,10.33,4.0,138.93,421.51,264.8,True
946,93.97,27.13,8.64,4.0,108.06,277.83,147.83,True
947,88.19,28.84,8.9,4.0,112.86,300.15,166.0,True
948,61.26,36.82,10.13,4.0,135.2,404.13,250.65,True
949,52.57,39.39,10.52,4.0,142.41,437.7,277.98,True
950,35.99,44.3,11.28,4.0,156.16,501.7,330.1,True
951,58.94,37.5,10.23,4.0,137.13,413.11,257.96,True
952,68.17,34.77,9.81,4.0,129.47,377.45,228.94,True
953,106.4,23.45,8.07,4.0,97.76,229.85,108.76,True
954,78.14,31.82,9.36,4.0,121.2,338.97,197.61,True
955,34.55,44.72,11.34,4.0,157.35,507.25,334.61,True
956,66.87,35.15,9.87,4.0,130.55,382.48,233.03,True
957,74.76,32.82,9.51,4.0,124.0,352.0,208.21,True
958,99.82,25.4,8.37,4.0,103.22,255.26,129.45,True
959,92.68,27.51,8.69,4.0,109.14,282.84,151.9,True
960,73.06,33.32,9.59,4.0,125.41,358.59,213.57,True
961,97.12,26.2,8.49,4.0,105.45,265.67,137.93,True
962,32.4,45.36,11.44,4.0,159.14,515.57,341.38,True
963,40.82,42.87,11.06,4.0,152.16,483.08,314.93,True
964,92.24,27.64,8.71,4.0,109.5,284.52,153.27,True
965,44.8,41.69,10.88,4.0,148.85,467.68,302.39,True
966,79.61,31.38,9.29,4.0,119.98,333.29,192.98,True
967,51.05,39.84,10.59,4.0,143.67,443.58,282.77,True
968,89.8,28.36,8.83,4.0,111.52,293.93,160.93,True
969,96.11,26.5,8.54,4.0,106.29,269.59,141.12,True
970,74.32,32.95,9.53,4.0,124.37,353.72,209.61,True
971,86.09,29.46,8.99,4.0,114.61,308.29,172.62,True
972,99.4,25.52,8.39,4.0,103.56,256.88,130.77,True
973,95.94,26.55,8.55,4.0,106.43,270.23,141.64,True
974,37.85,43.75,11.19,4.0,154.62,494.52,324.25,True
975,95.79,26.59,8.55,4.0,106.56,270.84,142.13,True
976,52.24,39.49,10.54,4.0,142.68,438.97,279.02,True
977,86.76,29.26,8.96,4.0,114.05,305.68,170.5,True
978,55.26,38.59,10.4,4.0,140.18,427.31,269.52,True
979,41.7,42.61,11.02,4.0,151.42,479.66,312.15,True
980,76.4,32.33,9.44,4.0,122.64,345.67,203.06,True
981,72.66,33.44,9.61,4.0,125.74,360.13,214.83,True
982,48.37,40.63,10.71,4.0,145.89,453.89,291.17,True
983,61.95,36.61,10.09,4.0,134.63,401.48,248.5,True
984,91.52,27.86,8.75,4.0,110.1,287.33,155.56,True
985,66.32,35.32,9.89,4.0,131.0,384.59,234.74,True
986,54.64,38.78,10.43,4.0,140.69,429.7,271.48,True
987,37.38,43.89,11.21,4.0,155.01,496.36,325.74,True
988,60.26,37.11,10.17,4.0,136.03,408.0,253.81,True
989,39.09,43.38,11.14,4.0,153.59,489.72,320.34,True
990,97.83,25.99,8.46,4.0,104.86,262.93,135.69,True
991,29.16,46.32,11.59,4.0,161.83,528.09,351.58,True
992,45.87,41.37,10.83,4.0,147.96,463.54,299.02,True
993,48.14,40.7,10.72,4.0,146.08,454.81,291.91,True
994,57.27,38.0,10.31,4.0,138.51,419.55,263.21,True
995,46.73,41.12,10.79,4.0,147.25,460.24,296.34,True
996,66.13,35.37,9.9,4.0,131.16,385.32,235.34,True
997,61.91,36.62,10.1,4.0,134.66,401.64,248.62,True
998,69.28,34.44,9.76,4.0,128.55,373.19,225.47,True
999,67.12,35.08,9.86,4.0,130.34,381.53,232.26,True
1000,33.79,44.95,11.38,4.0,157.98,510.2,337.01,True
1001,59.77,37.26,10.19,4.0,136.43,409.88,255.34,True
1002,51.62,39.67,10.56,4.0,143.19,441.35,280.96,True
1003,96.02,26.52,8.54,4.0,106.37,269.95,141.41,True
1004,24.91,47.58,11.78,4.0,165.35,544.49,364.93,True
1005,103.37,24.35,8.21,4.0,100.27,241.57,118.3,True
1006,38.04,43.69,11.18,4.0,154.46,493.78,323.64,True
1007,45.93,41.36,10.82,4.0,147.91,463.32,298.85,True
1008,42.42,42.39,10.98,4.0,150.83,476.88,309.88,True
1009,87.9,28.93,8.91,4.0,113.11,301.3,166.93,True
1010,67.92,34.84,9.82,4.0,129.68,378.44,229.74,True
1011,89.92,28.33,8.82,4.0,111.43,293.48,160.57,True
1012,33.81,44.95,11.38,4.0,157.97,510.14,336.96,True
1013,24.37,47.74,11.81,4.0,165.8,546.57,366.63,True
1014,89.29,28.52,8.85,4.0,111.95,295.91,162.55,True
1015,27.03,46.95,11.69,4.0,163.59,536.31,358.27,True
1016,70.53,34.07,9.7,4.0,127.51,368.34,221.51,True
1017,106.48,23.42,8.07,4.0,97.69,229.53,108.5,True
1018,73.37,33.23,9.57,4.0,125.15,357.38,212.59,True
1019,100.18,25.29,8.35,4.0,102.92,253.88,128.33,True
1020,46.42,41.21,10.8,4.0,147.51,461.44,297.31,True
1021,99.42,25.52,8.39,4.0,103.55,256.81,130.71,True
1022,91.57,27.84,8.74,4.0,110.06,287.12,155.39,True
1023,89.88,28.34,8.82,4.0,111.46,293.63,160.69,True
1024,23.59,47.97,11.84,4.0,166.45,549.6,369.09,True
1025,79.99,31.27,9.27,4.0,119.67,331.83,191.79,True
1026,67.25,35.04,9.85,4.0,130.23,381.0,231.82,True
1027,76.87,32.19,9.41,4.0,122.26,343.89,201.61,True
1028,52.57,39.39,10.52,4.0,142.41,437.68,277.97,True
1029,45.52,41.48,10.84,4.0,148.26,464.91,300.14,True
1030,42.2,42.46,10.99,4.0,151.01,477.72,310.57,True
1031,99.16,25.59,8.4,4.0,103.76,257.81,131.53,True
1032,107.55,23.11,8.02,4.0,96.81,225.42,105.16,True
1033,24.18,47.8,11.81,4.0,165.96,547.32,367.23,True
1034,80.16,31.22,9.26,4.0,119.52,331.15,191.24,True
1035,99.02,25.63,8.41,4.0,103.88,258.35,131.97,True
1036,97.8,26.0,8.46,4.0,104.89,263.07,135.81,True
1037,93.92,27.14,8.64,4.0,108.11,278.02,147.98,True
1038,32.15,45.44,11.45,4.0,159.34,516.53,342.16,True
1039,96.82,26.29,8.51,4.0,105.7,266.84,138.88,True
1040,0.34,3.13,12.26,4.0,84.16,10.4,-60.63,True
1041,15.54,5.94,11.66,4.0,85.91,40.58,-37.37,True
1042,-43.01,-4.88,13.97,4.0,79.19,-75.67,-126.97,False
1043,-37.91,-3.93,13.77,4.0,79.78,-65.53,-119.16,False
1044,-33.94,-3.2,13.61,4.0,80.23,-57.66,-113.1,False
1045,5.86,4.15,12.04,4.0,84.79,21.36,-52.19,True
1046,-42.58,-4.8,13.96,4.0,79.24,-74.81,-126.31,False
1047,14.4,5.73,11.7,4.0,85.78,38.33,-39.11,True
1048,-39.74,-4.27,13.84,4.0,79.57,-69.17,-121.96,False
1049,29.03,8.43,11.12,4.0,87.45,67.38,-16.72,True
1050,19.65,6.7,11.49,4.0,86.38,48.74,-31.08,True
1051,0.07,3.08,12.27,4.0,84.13,9.86,-61.05,True
1052,-30.7,-2.6,13.49,4.0,80.6,-51.22,-108.13,False
1053,-5.57,2.04,12.49,4.0,83.48,-1.33,-69.67,False
1054,2.36,3.5,12.18,4.0,84.39,14.43,-57.53,True
1055,-39.37,-4.2,13.83,4.0,79.61,-68.43,-121.4,False
1056,-26.6,-1.84,13.32,4.0,81.07,-43.08,-101.86,False
1057,25.09,7.7,11.28,4.0,87.0,59.56,-22.75,True
1058,-30.05,-2.48,13.46,4.0,80.68,-49.94,-107.14,False
1059,21.06,6.96,11.44,4.0,86.54,51.54,-28.93,True
1060,-42.22,-4.73,13.94,4.0,79.28,-74.09,-125.75,False
1061,-20.57,-0.73,13.09,4.0,81.76,-31.11,-92.63,False
1062,6.85,4.33,12.0,4.0,84.91,23.32,-50.67,True
1063,12.07,5.3,11.79,4.0,85.51,33.69,-42.68,True
1064,-30.83,-2.63,13.49,4.0,80.59,-51.48,-108.33,False
1065,-20.46,-0.71,13.08,4.0,81.78,-30.89,-92.46,False
1066,8.87,4.71,11.92,4.0,85.14,27.35,-47.57,True
1067,-20.72,-0.76,13.09,4.0,81.75,-31.4,-92.86,False
1068,25.31,7.74,11.27,4.0,87.03,59.99,-22.41,True
1069,4.11,3.83,12.11,4.0,84.59,17.89,-54.86,True
1070,11.45,5.18,11.82,4.0,85.44,32.47,-43.62,True
1071,-38.99,-4.13,13.81,4.0,79.65,-67.69,-120.82,False
1072,-4.98,2.15,12.47,4.0,83.55,-0.15,-68.76,True
1073,-23.42,-1.26,13.2,4.0,81.44,-36.77,-96.99,False
1074,10.88,5.08,11.84,4.0,85.37,31.33,-44.51,True
1075,26.63,7.99,11.22,4.0,87.18,62.6,-20.4,True
1076,-10.09,1.2,12.67,4.0,82.97,-10.3,-76.59,False
1077,-25.4,-1.62,13.28,4.0,81.21,-40.7,-100.02,False
1078,15.61,5.95,11.65,4.0,85.91,40.73,-37.26,True
1079,-18.42,-0.33,13.0,4.0,82.01,-26.84,-89.34,False
1080,-22.72,-1.13,13.17,4.0,81.52,-35.38,-95.92,False
1081,-26.11,-1.76,13.3,4.0,81.13,-42.12,-101.11,False
1082,-24.24,-1.41,13.23,4.0,81.34,-38.39,-98.24,False
1083,-25.21,-1.59,13.27,4.0,81.23,-40.32,-99.73,False
1084,30.6,8.72,11.06,4.0,87.63,70.48,-14.33,True
1085,-24.59,-1.47,13.24,4.0,81.3,-39.09,-98.78,False
1086,-29.45,-2.37,13.44,4.0,80.75,-48.74,-106.22,False
1087,26.71,8.0,11.21,4.0,87.19,62.76,-20.28,True
1088,12.78,5.43,11.77,4.0,85.59,35.11,-41.59,True
1089,-42.76,-4.83,13.96,4.0,79.22,-75.17,-126.59,False
1090,-38.8,-4.1,13.81,4.0,79.67,-67.31,-120.53,False
1091,-8.36,1.52,12.6,4.0,83.16,-6.87,-73.94,False
1092,-16.64,-0.01,12.93,4.0,82.21,-23.31,-86.62,False
1093,-35.67,-3.52,13.68,4.0,80.03,-61.1,-115.74,False
1094,19.48,6.67,11.5,4.0,86.36,48.41,-31.34,True
1095,32.05,8.99,11.0,4.0,87.8,73.36,-12.11,True
1096,-23.75,-1.32,13.21,4.0,81.4,-37.42,-97.49,False
1097,6.54,4.28,12.01,4.0,84.87,22.73,-51.14,True
1098,31.92,8.96,11.01,4.0,87.78,73.11,-12.3,True
1099,-11.15,1.01,12.71,4.0,82.85,-12.4,-78.21,False
1100,-34.0,-3.21,13.62,4.0,80.22,-57.78,-113.18,False
1101,-20.62,-0.74,13.09,4.0,81.76,-31.21,-92.71,False
1102,-6.86,1.8,12.54,4.0,83.34,-3.89,-71.65,False
1103,1.12,3.27,12.23,4.0,84.25,11.96,-59.44,True
1104,-40.87,-4.48,13.89,4.0,79.44,-71.41,-123.69,False
1105,20.7,6.89,11.45,4.0,86.5,50.83,-29.47,True
1106,-35.11,-3.42,13.66,4.0,80.1,-59.99,-114.89,False
1107,20.26,6.81,11.47,4.0,86.45,49.96,-30.14,True
1108,-27.45,-2.0,13.36,4.0,80.98,-44.77,-103.16,False
1109,-30.73,-2.61,13.49,4.0,80.6,-51.28,-108.18,False
1110,-41.66,-4.63,13.92,4.0,79.35,-72.99,-124.91,False
1111,-36.43,-3.66,13.71,4.0,79.95,-62.6,-116.9,False
1112,9.65,4.85,11.89,4.0,85.23,28.89,-46.39,True
1113,6.0,4.18,12.03,4.0,84.81,21.65,-51.97,True
1114,-33.04,-3.03,13.58,4.0,80.33,-55.88,-111.72,False
1115,-29.96,-2.47,13.46,4.0,80.69,-49.76,-107.0,False
1116,10.3,4.97,11.86,4.0,85.3,30.19,-45.39,True
1117,1.31,3.31,12.22,4.0,84.27,12.34,-59.14,True
1118,-16.83,-0.04,12.94,4.0,82.19,-23.69,-86.91,False
1119,-11.02,1.03,12.71,4.0,82.86,-12.15,-78.01,False
1120,-28.04,-2.11,13.38,4.0,80.91,-45.95,-104.07,False
1121,-23.04,-1.19,13.18,4.0,81.48,-36.02,-96.41,False
1122,22.1,7.15,11.4,4.0,86.66,53.6,-27.34,True
1123,-39.96,-4.31,13.85,4.0,79.54,-69.61,-122.31,False
1124,-28.83,-2.26,13.41,4.0,80.82,-47.51,-105.27,False
1125,-23.4,-1.25,13.2,4.0,81.44,-36.74,-96.97,False
1126,-21.22,-0.85,13.11,4.0,81.69,-32.4,-93.62,False
1127,-33.99,-3.21,13.62,4.0,80.23,-57.75,-113.17,False
1128,29.56,8.53,11.1,4.0,87.51,68.42,-15.92,True
1129,-13.31,0.61,12.8,4.0,82.6,-16.7,-81.52,False
1130,-12.35,0.79,12.76,4.0,82.71,-14.78,-80.04,False
1131,-43.57,-4.98,14.0,4.0,79.13,-76.78,-127.83,False
1132,-14.79,0.34,12.86,4.0,82.43,-19.63,-83.78,False
1133,-40.88,-4.48,13.89,4.0,79.44,-71.43,-123.71,False
1134,-1.95,2.71,12.35,4.0,83.9,5.86,-64.14,True
1135,12.95,5.46,11.76,4.0,85.61,35.44,-41.33,True
1136,26.08,7.89,11.24,4.0,87.12,61.52,-21.23,True
1137,17.94,6.38,11.56,4.0,86.18,45.35,-33.7,True
1138,13.58,5.58,11.73,4.0,85.68,36.7,-40.36,True
1139,11.79,5.25,11.8,4.0,85.48,33.15,-43.1,True
1140,-19.79,-0.59,13.05,4.0,81.85,-29.55,-91.43,False
1141,-24.36,-1.43,13.24,4.0,81.33,-38.64,-98.43,False
1142,-6.28,1.91,12.52,4.0,83.4,-2.73,-70.76,False
1143,-19.42,-0.52,13.04,4.0,81.9,-28.82,-90.87,False
1144,-31.61,-2.77,13.52,4.0,80.5,-53.03,-109.52,False
1145,31.85,8.95,11.01,4.0,87.78,72.97,-12.41,True
1146,7.16,4.39,11.99,4.0,84.94,23.96,-50.19,True
1147,-27.8,-2.07,13.37,4.0,80.94,-45.46,-103.69,False
1148,-17.3,-0.13,12.96,4.0,82.14,-24.62,-87.63,False
1149,8.91,4.71,11.92,4.0,85.15,27.43,-47.51,True
1150,-32.7,-2.97,13.57,4.0,80.37,-55.19,-111.19,False
1151,-2.2,2.66,12.36,4.0,83.87,5.37,-64.52,True
1152,-14.94,0.31,12.86,4.0,82.41,-19.92,-84.01,False
1153,-10.63,1.1,12.69,4.0,82.9,-11.38,-77.42,False
1154,-39.95,-4.31,13.85,4.0,79.54,-69.6,-122.29,False
1155,-39.31,-4.19,13.83,4.0,79.62,-68.31,-121.3,False
1156,5.05,4.0,12.07,4.0,84.7,19.76,-53.42,True
1157,-15.51,0.2,12.88,4.0,82.34,-21.06,-84.89,False
1158,15.12,5.86,11.67,4.0,85.86,39.76,-38.0,True
1159,8.89,4.71,11.92,4.0,85.14,27.38,-47.55,True
1160,-34.41,-3.29,13.63,4.0,80.18,-58.6,-113.82,False
1161,23.36,7.38,11.35,4.0,86.8,56.12,-25.4,True
1162,-34.37,-3.28,13.63,4.0,80.18,-58.51,-113.75,False
1163,31.06,8.81,11.04,4.0,87.69,71.41,-13.61,True
1164,-26.04,-1.74,13.3,4.0,81.14,-41.96,-101.0,False
1165,-1.78,2.74,12.34,4.0,83.92,6.2,-63.87,True
1166,-23.91,-1.35,13.22,4.0,81.38,-37.74,-97.74,False
1167,11.24,5.14,11.83,4.0,85.41,32.05,-43.95,True
1168,-33.51,-3.12,13.6,4.0,80.28,-56.81,-112.44,False
1169,13.47,5.56,11.74,4.0,85.67,36.47,-40.54,True
1170,4.21,3.85,12.1,4.0,84.61,18.09,-54.71,True
1171,14.44,5.74,11.7,4.0,85.78,38.41,-39.05,True
1172,-6.69,1.83,12.54,4.0,83.36,-3.54,-71.38,False
1173,-1.96,2.71,12.35,4.0,83.9,5.84,-64.15,True
1174,29.08,8.44,11.12,4.0,87.46,67.48,-16.64,True
1175,-21.71,-0.94,13.13,4.0,81.63,-33.37,-94.37,False
1176,-9.25,1.36,12.64,4.0,83.06,-8.63,-75.3,False
1177,4.57,3.91,12.09,4.0,84.65,18.8,-54.16,True
1178,18.39,6.46,11.54,4.0,86.23,46.25,-33.01,True
1179,-3.58,2.41,12.41,4.0,83.71,2.63,-66.62,True
1180,18.75,6.53,11.53,4.0,86.27,46.95,-32.46,True
1181,-1.42,2.81,12.33,4.0,83.96,6.91,-63.33,True
1182,20.08,6.78,11.48,4.0,86.43,49.61,-30.42,True
1183,-19.27,-0.49,13.03,4.0,81.91,-28.53,-90.64,False
1184,-8.84,1.44,12.62,4.0,83.11,-7.82,-74.68,False
1185,-5.51,2.05,12.49,4.0,83.49,-1.2,-69.58,False
1186,5.31,4.05,12.06,4.0,84.73,20.28,-53.02,True
1187,30.37,8.68,11.07,4.0,87.61,70.03,-14.67,True
1188,7.22,4.4,11.99,4.0,84.95,24.06,-50.1,True
1189,-33.55,-3.13,13.6,4.0,80.28,-56.87,-112.49,False
1190,-31.18,-2.69,13.51,4.0,80.55,-52.17,-108.87,False
1191,-34.36,-3.28,13.63,4.0,80.18,-58.49,-113.74,False
1192,-24.48,-1.45,13.24,4.0,81.32,-38.88,-98.62,False
1193,27.61,8.17,11.18,4.0,87.29,64.55,-18.89,True
1194,-5.91,1.98,12.51,4.0,83.45,-2.01,-70.2,False
1195,-19.36,-0.51,13.04,4.0,81.9,-28.72,-90.78,False
1196,25.28,7.74,11.27,4.0,87.02,59.93,-22.46,True
1197,31.97,8.97,11.01,4.0,87.79,73.21,-12.22,True
1198,-26.82,-1.89,13.33,4.0,81.05,-43.52,-102.2,False
1199,-3.81,2.36,12.42,4.0,83.69,2.16,-66.98,True
1200,13.21,5.51,11.75,4.0,85.64,35.95,-40.94,True
1201,-21.14,-0.84,13.11,4.0,81.7,-32.25,-93.51,False
1202,31.69,8.92,11.02,4.0,87.76,72.65,-12.66,True
1203,-28.59,-2.21,13.4,4.0,80.84,-47.03,-104.9,False
1204,4.34,3.87,12.1,4.0,84.62,18.35,-54.51,True
1205,1.94,3.43,12.19,4.0,84.35,13.58,-58.18,True
1206,-4.86,2.17,12.46,4.0,83.57,0.09,-68.58,True
1207,8.87,4.71,11.92,4.0,85.14,27.34,-47.57,True
1208,-3.4,2.44,12.41,4.0,83.73,2.99,-66.35,True
1209,-30.79,-2.62,13.49,4.0,80.59,-51.4,-108.27,False
1210,-13.14,0.64,12.79,4.0,82.62,-16.36,-81.26,False
1211,4.04,3.81,12.11,4.0,84.59,17.76,-54.96,True
1212,20.05,6.77,11.48,4.0,86.42,49.54,-30.47,True
1213,-1.76,2.74,12.34,4.0,83.92,6.24,-63.84,True
1214,4.33,3.87,12.1,4.0,84.62,18.34,-54.52,True
1215,-0.02,3.06,12.27,4.0,84.12,9.68,-61.19,True
1216,26.05,7.88,11.24,4.0,87.11,61.45,-21.29,True
1217,29.68,8.55,11.1,4.0,87.53,68.67,-15.72,True
1218,24.36,7.57,11.31,4.0,86.92,58.1,-23.87,True
1219,-16.52,0.02,12.92,4.0,82.23,-23.07,-86.43,False
1220,17.77,6.35,11.57,4.0,86.16,45.02,-33.95,True
1221,-3.42,2.44,12.41,4.0,83.73,2.94,-66.38,True
1222,-40.78,-4.46,13.89,4.0,79.45,-71.24,-123.56,False
1223,-31.54,-2.76,13.52,4.0,80.51,-52.88,-109.41,False
1224,-19.0,-0.44,13.02,4.0,81.94,-28.0,-90.23,False
1225,2.11,3.46,12.19,4.0,84.37,13.93,-57.92,True
1226,-15.72,0.17,12.89,4.0,82.32,-21.47,-85.2,False
1227,28.52,8.34,11.14,4.0,87.39,66.36,-17.51,True
1228,-20.01,-0.63,13.06,4.0,81.83,-29.99,-91.77,False
1229,17.88,6.37,11.56,4.0,86.17,45.23,-33.79,True
1230,-15.26,0.25,12.88,4.0,82.37,-20.57,-84.51,False
1231,-17.26,-0.12,12.95,4.0,82.14,-24.54,-87.56,False
1232,18.91,6.56,11.52,4.0,86.29,47.27,-32.22,True
1233,13.88,5.63,11.72,4.0,85.71,37.28,-39.91,True
1234,14.07,5.67,11.71,4.0,85.74,37.67,-39.62,True
1235,11.23,5.14,11.83,4.0,85.41,32.02,-43.97,True
1236,-14.77,0.34,12.86,4.0,82.43,-19.59,-83.75,False
1237,24.77,7.64,11.29,4.0,86.96,58.91,-23.25,True
1238,-39.31,-4.19,13.83,4.0,79.61,-68.32,-121.31,False
1239,-6.28,1.91,12.52,4.0,83.4,-2.73,-70.76,False
1240,-4.9,2.16,12.47,4.0,83.56,-0.0,-68.65,True
1241,-43.44,-4.95,13.99,4.0,79.14,-76.51,-127.63,False
1242,-34.62,-3.33,13.64,4.0,80.15,-59.0,-114.13,False
1243,-13.9,0.5,12.82,4.0,82.53,-17.87,-82.42,False
1244,-21.12,-0.83,13.11,4.0,81.7,-32.2,-93.47,False
1245,5.55,4.09,12.05,4.0,84.76,20.75,-52.66,True
1246,4.84,3.96,12.08,4.0,84.68,19.33,-53.75,True
1247,-10.78,1.08,12.7,4.0,82.89,-11.68,-77.65,False
1248,-19.44,-0.52,13.04,4.0,81.89,-28.87,-90.9,False
1249,11.42,5.18,11.82,4.0,85.43,32.4,-43.68,True
1250,-31.21,-2.7,13.51,4.0,80.54,-52.24,-108.92,False
1251,-27.63,-2.04,13.36,4.0,80.95,-45.14,-103.44,False
1252,3.08,3.64,12.15,4.0,84.48,15.84,-56.44,True
1253,5.24,4.04,12.06,4.0,84.72,20.13,-53.13,True
1254,-1.97,2.7,12.35,4.0,83.9,5.83,-64.16,True
1255,-26.72,-1.87,13.33,4.0,81.06,-43.31,-102.03,False
1256,17.34,6.27,11.58,4.0,86.11,44.16,-34.62,True
1257,17.24,6.25,11.59,4.0,86.1,43.96,-34.77,True
1258,-16.94,-0.06,12.94,4.0,82.18,-23.91,-87.08,False
1259,30.36,8.68,11.07,4.0,87.61,70.01,-14.69,True
1260,-14.88,0.32,12.86,4.0,82.42,-19.81,-83.92,False
1261,-37.46,-3.85,13.75,4.0,79.83,-64.65,-118.48,False
1262,31.91,8.96,11.01,4.0,87.78,73.1,-12.31,True
1263,-7.18,1.74,12.56,4.0,83.3,-4.53,-72.14,False
1264,-4.51,2.23,12.45,4.0,83.61,0.77,-68.05,True
1265,24.24,7.54,11.31,4.0,86.9,57.86,-24.06,True
1266,-38.77,-4.09,13.81,4.0,79.68,-67.24,-120.48,False
1267,5.55,4.09,12.05,4.0,84.76,20.74,-52.66,True
1268,31.19,8.83,11.04,4.0,87.7,71.65,-13.43,True
1269,-29.47,-2.37,13.44,4.0,80.74,-48.78,-106.25,False
1270,2.19,3.47,12.18,4.0,84.37,14.09,-57.79,True
1271,15.45,5.92,11.66,4.0,85.9,40.4,-37.51,True
1272,-14.32,0.42,12.84,4.0,82.48,-18.71,-83.07,False
1273,3.56,3.73,12.13,4.0,84.53,16.81,-55.7,True
1274,-0.5,2.98,12.29,4.0,84.07,8.75,-61.91,True
1275,9.36,4.8,11.9,4.0,85.2,28.31,-46.83,True
1276,-0.93,2.9,12.31,4.0,84.02,7.89,-62.57,True
1277,19.65,6.7,11.49,4.0,86.38,48.75,-31.08,True
1278,-32.79,-2.99,13.57,4.0,80.36,-55.38,-111.34,False
1279,-23.45,-1.26,13.2,4.0,81.43,-36.84,-97.04,False
1280,-40.86,-4.48,13.89,4.0,79.44,-71.4,-123.69,False
1281,-35.57,-3.5,13.68,4.0,80.04,-60.9,-115.59,False
1282,-7.92,1.61,12.58,4.0,83.22,-5.99,-73.27,False
1283,-18.88,-0.42,13.02,4.0,81.96,-27.74,-90.04,False
1284,-17.17,-0.1,12.95,4.0,82.15,-24.37,-87.43,False
1285,18.26,6.44,11.55,4.0,86.22,45.98,-33.21,True
1286,5.14,4.02,12.07,4.0,84.71,19.93,-53.29,True
1287,-33.41,-3.1,13.59,4.0,80.29,-56.59,-112.27,False
1288,-24.64,-1.48,13.25,4.0,81.3,-39.18,-98.85,False
1289,-39.54,-4.24,13.84,4.0,79.59,-68.78,-121.66,False
1290,24.91,7.67,11.29,4.0,86.98,59.19,-23.03,True
1291,-17.45,-0.15,12.96,4.0,82.12,-24.91,-87.85,False
1292,-20.24,-0.67,13.07,4.0,81.8,-30.46,-92.13,False
1293,-26.69,-1.86,13.33,4.0,81.06,-43.27,-102.0,False
1294,31.12,8.82,11.04,4.0,87.69,71.51,-13.53,True
1295,-42.11,-4.71,13.94,4.0,79.29,-73.87,-125.59,False
1296,18.54,6.49,11.54,4.0,86.25,46.53,-32.78,True
1297,1.6,3.36,12.21,4.0,84.31,12.9,-58.71,True
1298,-26.67,-1.86,13.33,4.0,81.07,-43.22,-101.96,False
1299,4.35,3.87,12.1,4.0,84.62,18.36,-54.5,True
1300,3.1,3.64,12.15,4.0,84.48,15.89,-56.4,True
1301,-26.56,-1.84,13.32,4.0,81.08,-43.0,-101.79,False
1302,26.36,7.94,11.23,4.0,87.15,62.07,-20.81,True
1303,28.45,8.32,11.14,4.0,87.39,66.23,-17.61,True
1304,0.1,3.09,12.27,4.0,84.14,9.94,-60.99,True
1305,-42.99,-4.87,13.97,4.0,79.19,-75.63,-126.94,False
1306,-10.99,1.04,12.71,4.0,82.86,-12.09,-77.97,False
1307,29.05,8.43,11.12,4.0,87.46,67.41,-16.69,True
1308,16.56,6.13,11.62,4.0,86.02,42.6,-35.81,True
1309,27.11,8.08,11.2,4.0,87.23,63.57,-19.66,True
1310,13.32,5.53,11.74,4.0,85.65,36.18,-40.77,True
1311,-8.86,1.43,12.62,4.0,83.11,-7.87,-74.72,False
1312,-33.95,-3.2,13.61,4.0,80.23,-57.68,-113.11,False
1313,4.1,3.83,12.11,4.0,84.59,17.87,-54.88,True
1314,-10.03,1.22,12.67,4.0,82.97,-10.19,-76.5,False
1315,24.7,7.63,11.29,4.0,86.96,58.77,-23.36,True
1316,-12.32,0.79,12.76,4.0,82.71,-14.72,-80.0,False
1317,-22.35,-1.06,13.16,4.0,81.56,-34.64,-95.35,False
1318,17.03,6.21,11.6,4.0,86.08,43.55,-35.08,True
1319,20.99,6.94,11.44,4.0,86.53,51.41,-29.03,True
1320,3.41,3.7,12.14,4.0,84.51,16.5,-55.93,True
1321,17.21,6.25,11.59,4.0,86.1,43.9,-34.81,True
1322,-32.34,-2.9,13.55,4.0,80.41,-54.47,-110.64,False
1323,-11.03,1.03,12.71,4.0,82.86,-12.17,-78.04,False
1324,24.52,7.6,11.3,4.0,86.94,58.41,-23.63,True
1325,-31.42,-2.73,13.51,4.0,80.52,-52.64,-109.23,False
1326,-15.45,0.21,12.88,4.0,82.35,-20.94,-84.79,False
1327,-37.28,-3.82,13.75,4.0,79.85,-64.3,-118.21,False
1328,-5.97,1.97,12.51,4.0,83.44,-2.11,-70.28,False
1329,28.67,8.36,11.14,4.0,87.41,66.65,-17.28,True
1330,-38.55,-4.05,13.8,4.0,79.7,-66.82,-120.15,False
1331,-15.7,0.17,12.89,4.0,82.32,-21.44,-85.18,False
1332,29.02,8.43,11.12,4.0,87.45,67.35,-16.74,True
1333,-29.57,-2.39,13.44,4.0,80.73,-48.98,-106.4,False
1334,5.93,4.16,12.04,4.0,84.8,21.51,-52.07,True
1335,-26.66,-1.86,13.33,4.0,81.07,-43.21,-101.95,False
1336,3.2,3.66,12.14,4.0,84.49,16.09,-56.25,True
1337,-0.88,2.91,12.31,4.0,84.02,7.98,-62.5,True
1338,-3.78,2.37,12.42,4.0,83.69,2.23,-66.93,True
1339,-20.52,-0.72,13.08,4.0,81.77,-31.01,-92.55,False
1340,-23.13,-1.2,13.19,4.0,81.47,-36.2,-96.55,False
1341,-37.23,-3.81,13.74,4.0,79.85,-64.19,-118.13,False
1342,25.36,7.75,11.27,4.0,87.03,60.08,-22.34,True
1343,-30.98,-2.65,13.5,4.0,80.57,-51.78,-108.56,False
1344,-20.98,-0.81,13.1,4.0,81.72,-31.93,-93.26,False
1345,-24.85,-1.52,13.25,4.0,81.27,-39.61,-99.18,False
1346,-29.83,-2.44,13.45,4.0,80.7,-49.49,-106.8,False
1347,-10.72,1.09,12.7,4.0,82.89,-11.56,-77.56,False
1348,-6.9,1.79,12.54,4.0,83.33,-3.97,-71.71,False
1349,-20.4,-0.7,13.08,4.0,81.78,-30.77,-92.37,False
1350,-27.32,-1.98,13.35,4.0,80.99,-44.52,-102.96,False
1351,-14.8,0.34,12.86,4.0,82.43,-19.65,-83.79,False
1352,-35.59,-3.51,13.68,4.0,80.04,-60.93,-115.62,False
1353,-0.63,2.95,12.3,4.0,84.05,8.49,-62.11,True
1354,-22.36,-1.06,13.16,4.0,81.56,-34.65,-95.36,False
1355,8.37,4.61,11.94,4.0,85.08,26.35,-48.34,True
1356,11.77,5.24,11.81,4.0,85.47,33.11,-43.13,True
1357,28.9,8.41,11.13,4.0,87.44,67.11,-16.93,True
1358,-15.21,0.26,12.87,4.0,82.38,-20.46,-84.42,False
1359,-29.56,-2.39,13.44,4.0,80.73,-48.96,-106.39,False
1360,-8.23,1.55,12.6,4.0,83.18,-6.6,-73.74,False
1361,-6.54,1.86,12.53,4.0,83.37,-3.26,-71.16,False
1362,-33.93,-3.2,13.61,4.0,80.23,-57.63,-113.07,False
1363,7.71,4.49,11.97,4.0,85.01,25.03,-49.36,True
1364,-36.66,-3.7,13.72,4.0,79.92,-63.06,-117.26,False
1365,0.73,3.2,12.24,4.0,84.21,11.17,-60.04,True
1366,-33.94,-3.2,13.61,4.0,80.23,-57.65,-113.08,False
1367,-34.04,-3.22,13.62,4.0,80.22,-57.85,-113.24,False
1368,-43.08,-4.89,13.98,4.0,79.18,-75.8,-127.08,False
1369,17.75,6.35,11.57,4.0,86.16,44.98,-33.99,True
1370,-9.85,1.25,12.66,4.0,82.99,-9.83,-76.23,False
1371,1.78,3.4,12.2,4.0,84.33,13.26,-58.43,True
1372,-26.38,-1.8,13.32,4.0,81.1,-42.65,-101.52,False
1373,-29.63,-2.4,13.44,4.0,80.73,-49.1,-106.5,False
1374,-29.83,-2.44,13.45,4.0,80.7,-49.49,-106.8,False
1375,21.98,7.13,11.4,4.0,86.64,53.37,-27.51,True
1376,-31.1,-2.68,13.5,4.0,80.56,-52.01,-108.74,False
1377,-33.55,-3.13,13.6,4.0,80.28,-56.89,-112.5,False
1378,-41.18,-4.54,13.9,4.0,79.4,-72.02,-124.16,False
1379,-19.1,-0.46,13.03,4.0,81.93,-28.2,-90.39,False
1380,22.79,7.28,11.37,4.0,86.74,54.97,-26.28,True
1381,-33.74,-3.16,13.61,4.0,80.25,-57.25,-112.78,False
1382,-26.12,-1.76,13.31,4.0,81.13,-42.14,-101.13,False
1383,30.07,8.62,11.08,4.0,87.57,69.43,-15.14,True
1384,-16.39,0.04,12.92,4.0,82.24,-22.8,-86.23,False
1385,-26.48,-1.82,13.32,4.0,81.09,-42.83,-101.67,False
1386,-3.28,2.46,12.4,4.0,83.75,3.22,-66.17,True
1387,-18.56,-0.36,13.01,4.0,81.99,-27.12,-89.55,False
1388,-17.04,-0.08,12.95,4.0,82.17,-24.1,-87.22,False
1389,-36.49,-3.67,13.72,4.0,79.94,-62.72,-116.99,False
1390,0.24,3.11,12.26,4.0,84.15,10.2,-60.79,True
1391,-14.77,0.34,12.86,4.0,82.43,-19.6,-83.76,False
1392,11.56,5.2,11.81,4.0,85.45,32.68,-43.46,True
1393,-40.03,-4.33,13.86,4.0,79.53,-69.75,-122.41,False
1394,-6.18,1.93,12.52,4.0,83.42,-2.53,-70.6,False
1395,22.52,7.23,11.38,4.0,86.71,54.44,-26.69,True
1396,28.32,8.3,11.15,4.0,87.37,65.96,-17.81,True
1397,19.32,6.64,11.51,4.0,86.34,48.09,-31.58,True
1398,30.35,8.67,11.07,4.0,87.6,69.99,-14.71,True
1399,-41.5,-4.6,13.91,4.0,79.36,-72.66,-124.65,False
1400,28.16,8.27,11.16,4.0,87.35,65.64,-18.06,True
1401,27.44,8.14,11.19,4.0,87.27,64.21,-19.16,True
1402,-5.09,2.13,12.47,4.0,83.54,-0.37,-68.93,True
1403,9.46,4.82,11.9,4.0,85.21,28.52,-46.67,True
1404,-26.36,-1.8,13.31,4.0,81.1,-42.6,-101.48,False
1405,-20.67,-0.75,13.09,4.0,81.75,-31.3,-92.78,False
1406,-18.9,-0.42,13.02,4.0,81.96,-27.8,-90.08,False
1407,-15.93,0.13,12.9,4.0,82.3,-21.9,-85.53,False
1408,14.27,5.7,11.71,4.0,85.76,38.06,-39.32,True
1409,-28.5,-2.2,13.4,4.0,80.85,-46.86,-104.77,False
1410,-29.49,-2.38,13.44,4.0,80.74,-48.82,-106.28,False
1411,-3.44,2.43,12.41,4.0,83.73,2.91,-66.41,True
1412,-2.97,2.52,12.39,4.0,83.78,3.84,-65.69,True
1413,-4.18,2.3,12.44,4.0,83.64,1.44,-67.54,True
1414,-7.44,1.69,12.57,4.0,83.27,-5.04,-72.53,False
1415,8.68,4.67,11.93,4.0,85.12,26.97,-47.86,True
1416,-11.44,0.96,12.72,4.0,82.81,-12.98,-78.65,False
1417,26.06,7.88,11.24,4.0,87.11,61.48,-21.26,True
1418,7.2,4.4,11.99,4.0,84.95,24.03,-50.13,True
1419,12.64,5.4,11.77,4.0,85.57,34.83,-41.8,True
1420,13.66,5.59,11.73,4.0,85.69,36.85,-40.25,True
1421,-25.23,-1.59,13.27,4.0,81.23,-40.36,-99.76,False
1422,18.47,6.48,11.54,4.0,86.24,46.41,-32.88,True
1423,18.11,6.41,11.55,4.0,86.2,45.69,-33.44,True
1424,-10.53,1.12,12.69,4.0,82.92,-11.17,-77.26,False
1425,6.72,4.31,12.0,4.0,84.89,23.08,-50.86,True
1426,26.2,7.91,11.23,4.0,87.13,61.75,-21.06,True
1427,14.67,5.78,11.69,4.0,85.81,38.87,-38.69,True
1428,-16.43,0.03,12.92,4.0,82.24,-22.89,-86.29,False
1429,21.58,7.05,11.42,4.0,86.6,52.57,-28.13,True
1430,3.12,3.64,12.15,4.0,84.48,15.92,-56.38,True
1431,-31.39,-2.73,13.51,4.0,80.52,-52.59,-109.18,False
1432,-5.49,2.05,12.49,4.0,83.49,-1.16,-69.55,False
1433,15.99,6.02,11.64,4.0,85.96,41.48,-36.68,True
1434,-9.12,1.38,12.63,4.0,83.08,-8.38,-75.11,False
1435,-19.85,-0.6,13.06,4.0,81.85,-29.68,-91.53,False
1436,19.83,6.73,11.49,4.0,86.4,49.11,-30.8,True
1437,-29.42,-2.37,13.44,4.0,80.75,-48.68,-106.17,False
1438,-3.61,2.4,12.41,4.0,83.71,2.57,-66.67,True
1439,-28.77,-2.25,13.41,4.0,80.82,-47.39,-105.18,False
1440,21.43,7.03,11.42,4.0,86.58,52.29,-28.35,True
1441,-32.05,-2.85,13.54,4.0,80.45,-53.89,-110.19,False
1442,-1.23,2.84,12.32,4.0,83.98,7.29,-63.03,True
1443,3.21,3.66,12.14,4.0,84.49,16.1,-56.25,True
1444,14.5,5.75,11.7,4.0,85.79,38.52,-38.96,True
1445,12.6,5.4,11.77,4.0,85.57,34.75,-41.86,True
1446,-24.02,-1.37,13.22,4.0,81.37,-37.96,-97.91,False
1447,28.8,8.39,11.13,4.0,87.43,66.91,-17.08,True
1448,-9.39,1.33,12.64,4.0,83.05,-8.91,-75.52,False
1449,-38.31,-4.01,13.79,4.0,79.73,-66.34,-119.78,False
1450,22.04,7.14,11.4,4.0,86.65,53.49,-27.43,True
1451,-0.67,2.94,12.3,4.0,84.05,8.4,-62.17,True
1452,26.92,8.04,11.21,4.0,87.21,63.18,-19.96,True
1453,-16.47,0.03,12.92,4.0,82.23,-22.97,-86.35,False
1454,-18.46,-0.34,13.0,4.0,82.01,-26.92,-89.4,False
1455,-1.75,2.75,12.34,4.0,83.92,6.26,-63.83,True
1456,-2.8,2.55,12.38,4.0,83.8,4.17,-65.43,True
1457,21.51,7.04,11.42,4.0,86.59,52.45,-28.23,True
1458,-24.82,-1.52,13.25,4.0,81.28,-39.55,-99.14,False
1459,-28.72,-2.24,13.41,4.0,80.83,-47.3,-105.11,False
1460,-41.6,-4.62,13.92,4.0,79.35,-72.87,-124.82,False
1461,-36.85,-3.74,13.73,4.0,79.9,-63.43,-117.54,False
1462,-23.17,-1.21,13.19,4.0,81.47,-36.27,-96.61,False
1463,-7.33,1.71,12.56,4.0,83.28,-4.83,-72.37,False
1464,-41.15,-4.53,13.9,4.0,79.4,-71.96,-124.12,False
1465,16.26,6.07,11.63,4.0,85.99,42.01,-36.27,True
1466,5.06,4.0,12.07,4.0,84.7,19.78,-53.41,True
1467,-21.66,-0.93,13.13,4.0,81.64,-33.27,-94.29,False
1468,-25.63,-1.67,13.29,4.0,81.18,-41.16,-100.38,False
1469,26.75,8.01,11.21,4.0,87.19,62.84,-20.22,True
1470,8.92,4.71,11.92,4.0,85.15,27.43,-47.51,True
1471,-1.52,2.79,12.33,4.0,83.95,6.72,-63.47,True
1472,5.38,4.06,12.06,4.0,84.74,20.42,-52.91,True
1473,16.64,6.14,11.61,4.0,86.03,42.78,-35.68,True
1474,4.45,3.89,12.1,4.0,84.63,18.56,-54.34,True
1475,-1.06,2.87,12.31,4.0,84.0,7.63,-62.77,True
1476,-0.72,2.93,12.3,4.0,84.04,8.29,-62.26,True
1477,18.14,6.42,11.55,4.0,86.2,45.74,-33.4,True
1478,-20.69,-0.75,13.09,4.0,81.75,-31.36,-92.82,False
1479,-13.75,0.53,12.82,4.0,82.55,-17.57,-82.19,False
1480,-28.65,-2.22,13.4,4.0,80.84,-47.15,-104.99,False
1481,-13.37,0.6,12.8,4.0,82.59,-16.81,-81.61,False
1482,2.44,3.52,12.17,4.0,84.4,14.58,-57.41,True
1483,11.86,5.26,11.8,4.0,85.48,33.27,-43.01,True
1484,14.04,5.66,11.72,4.0,85.73,37.61,-39.67,True
1485,-21.96,-0.99,13.14,4.0,81.6,-33.87,-94.76,False
1486,-20.14,-0.65,13.07,4.0,81.81,-30.25,-91.97,False
1487,-28.63,-2.22,13.4,4.0,80.84,-47.12,-104.97,False
1488,29.91,8.59,11.09,4.0,87.55,69.13,-15.37,True
1489,26.27,7.92,11.23,4.0,87.14,61.9,-20.94,True
1490,-24.95,-1.54,13.26,4.0,81.26,-39.81,-99.33,False
1491,-26.7,-1.86,13.33,4.0,81.06,-43.29,-102.01,False
1492,-21.29,-0.86,13.11,4.0,81.68,-32.54,-93.73,False
1493,-4.32,2.27,12.44,4.0,83.63,1.16,-67.76,True
1494,-30.97,-2.65,13.5,4.0,80.57,-51.75,-108.54,False
1495,15.59,5.95,11.65,4.0,85.91,40.68,-37.3,True
1496,-4.39,2.26,12.44,4.0,83.62,1.02,-67.87,True
1497,27.54,8.15,11.18,4.0,87.28,64.41,-19.01,True
1498,-7.29,1.72,12.56,4.0,83.29,-4.73,-72.3,False
1499,-16.66,-0.01,12.93,4.0,82.21,-23.34,-86.64,False
1500,22.46,7.22,11.38,4.0,86.7,54.33,-26.78,True
1501,-3.34,2.45,12.4,4.0,83.74,3.1,-66.26,True
1502,14.99,5.84,11.68,4.0,85.84,39.5,-38.2,True
1503,2.19,3.47,12.18,4.0,84.37,14.07,-57.81,True
1504,-28.04,-2.11,13.38,4.0,80.91,-45.94,-104.06,False
1505,11.43,5.18,11.82,4.0,85.43,32.42,-43.66,True
1506,-14.3,0.43,12.84,4.0,82.48,-18.66,-83.03,False
1507,-24.93,-1.54,13.26,4.0,81.26,-39.76,-99.3,False
1508,-27.7,-2.05,13.37,4.0,80.95,-45.26,-103.54,False
1509,-10.78,1.08,12.7,4.0,82.89,-11.68,-77.65,False
1510,24.78,7.64,11.29,4.0,86.97,58.93,-23.23,True
1511,7.38,4.43,11.98,4.0,84.97,24.39,-49.85,True
1512,29.33,8.48,11.11,4.0,87.49,67.96,-16.27,True
1513,7.16,4.39,11.99,4.0,84.94,23.96,-50.19,True
1514,10.48,5.0,11.86,4.0,85.33,30.54,-45.11,True
1515,-39.06,-4.15,13.82,4.0,79.64,-67.82,-120.93,False
1516,1.0,3.25,12.23,4.0,84.24,11.72,-59.62,True
1517,24.37,7.57,11.31,4.0,86.92,58.12,-23.85,True
1518,-15.94,0.12,12.9,4.0,82.29,-21.92,-85.55,False
1519,25.64,7.8,11.26,4.0,87.06,60.64,-21.91,True
1520,-1.46,2.8,12.33,4.0,83.96,6.84,-63.38,True
1521,5.1,4.01,12.07,4.0,84.71,19.87,-53.34,True
1522,25.22,7.73,11.27,4.0,87.02,59.8,-22.56,True
1523,14.88,5.82,11.68,4.0,85.83,39.27,-38.38,True
1524,-9.89,1.24,12.66,4.0,82.99,-9.91,-76.29,False
1525,4.24,3.85,12.1,4.0,84.61,18.16,-54.66,True
1526,18.53,6.49,11.54,4.0,86.25,46.52,-32.79,True
1527,-43.37,-4.94,13.99,4.0,79.15,-76.37,-127.52,False
1528,31.44,8.88,11.03,4.0,87.73,72.16,-13.04,True
1529,-31.25,-2.7,13.51,4.0,80.54,-52.32,-108.98,False
1530,-16.71,-0.02,12.93,4.0,82.21,-23.45,-86.73,False
1531,-29.17,-2.32,13.43,4.0,80.78,-48.19,-105.79,False
1532,-7.52,1.68,12.57,4.0,83.26,-5.19,-72.65,False
1533,21.29,7.0,11.43,4.0,86.57,52.01,-28.56,True
1534,-39.95,-4.31,13.85,4.0,79.54,-69.59,-122.29,False
1535,-4.58,2.22,12.45,4.0,83.6,0.63,-68.16,True
1536,-30.05,-2.48,13.46,4.0,80.68,-49.94,-107.14,False
1537,-24.69,-1.49,13.25,4.0,81.29,-39.29,-98.94,False
1538,28.23,8.28,11.15,4.0,87.36,65.79,-17.94,True
1539,-38.99,-4.13,13.81,4.0,79.65,-67.68,-120.82,False
1540,0.55,3.17,12.25,4.0,84.19,10.83,-60.3,True
1541,-11.31,0.98,12.72,4.0,82.83,-12.73,-78.46,False
1542,-2.65,2.58,12.38,4.0,83.82,4.48,-65.2,True
1543,-14.24,0.44,12.83,4.0,82.49,-18.55,-82.95,False
1544,-40.02,-4.32,13.85,4.0,79.53,-69.72,-122.39,False
1545,-22.89,-1.16,13.18,4.0,81.5,-35.71,-96.18,False
1546,26.01,7.87,11.24,4.0,87.11,61.37,-21.35,True
1547,5.05,4.0,12.07,4.0,84.7,19.77,-53.42,True
1548,-30.95,-2.65,13.5,4.0,80.57,-51.72,-108.52,False
1549,-38.49,-4.04,13.79,4.0,79.71,-66.69,-120.06,False
1550,-34.85,-3.37,13.65,4.0,80.13,-59.47,-114.49,False
1551,-21.48,-0.9,13.12,4.0,81.66,-32.92,-94.02,False
1552,-32.89,-3.01,13.57,4.0,80.35,-55.56,-111.48,False
1553,-22.79,-1.14,13.17,4.0,81.51,-35.52,-96.03,False
1554,-17.31,-0.13,12.96,4.0,82.14,-24.64,-87.64,False
1555,-25.63,-1.67,13.29,4.0,81.18,-41.15,-100.37,False
1556,-32.12,-2.86,13.54,4.0,80.44,-54.04,-110.31,False
1557,-27.35,-1.98,13.35,4.0,80.99,-44.58,-103.01,False
1558,23.81,7.47,11.33,4.0,86.85,57.0,-24.72,True
1559,7.95,4.54,11.96,4.0,85.04,25.52,-48.98,True
1560,-12.55,0.75,12.77,4.0,82.68,-15.2,-80.36,False
1561,-18.14,-0.28,12.99,4.0,82.04,-26.29,-88.92,False
1562,2.88,3.6,12.16,4.0,84.45,15.44,-56.75,True
1563,-3.54,2.41,12.41,4.0,83.72,2.71,-66.56,True
1564,5.36,4.06,12.06,4.0,84.74,20.37,-52.95,True
1565,11.31,5.16,11.82,4.0,85.42,32.18,-43.85,True
1566,24.53,7.6,11.3,4.0,86.94,58.43,-23.61,True
1567,-23.83,-1.33,13.21,4.0,81.39,-37.57,-97.61,False
1568,0.81,3.22,12.24,4.0,84.22,11.34,-59.91,True
1569,-24.47,-1.45,13.24,4.0,81.32,-38.86,-98.6,False
1570,18.17,6.42,11.55,4.0,86.21,45.81,-33.35,True
1571,-29.44,-2.37,13.44,4.0,80.75,-48.72,-106.21,False
1572,-31.64,-2.77,13.52,4.0,80.5,-53.08,-109.56,False
1573,15.23,5.88,11.67,4.0,85.87,39.98,-37.84,True
1574,-19.54,-0.54,13.04,4.0,81.88,-29.05,-91.05,False
1575,-26.31,-1.79,13.31,4.0,81.11,-42.51,-101.42,False
1576,-25.13,-1.57,13.27,4.0,81.24,-40.17,-99.61,False
1577,-37.6,-3.88,13.76,4.0,79.81,-64.92,-118.69,False
1578,23.84,7.47,11.33,4.0,86.86,57.07,-24.66,True
1579,-13.89,0.5,12.82,4.0,82.53,-17.84,-82.4,False
1580,-18.49,-0.35,13.0,4.0,82.0,-26.98,-89.45,False
1581,-14.64,0.36,12.85,4.0,82.44,-19.33,-83.55,False
1582,9.02,4.73,11.91,4.0,85.16,27.65,-47.34,True
1583,4.67,3.93,12.09,4.0,84.66,19.0,-54.0,True
1584,-14.44,0.4,12.84,4.0,82.47,-18.94,-83.25,False
1585,-4.41,2.25,12.45,4.0,83.62,0.97,-67.9,True
1586,-39.48,-4.22,13.83,4.0,79.6,-68.65,-121.56,False
1587,3.03,3.63,12.15,4.0,84.47,15.75,-56.51,True
1588,-20.23,-0.67,13.07,4.0,81.8,-30.43,-92.11,False
1589,10.35,4.98,11.86,4.0,85.31,30.28,-45.31,True
1590,12.72,5.42,11.77,4.0,85.58,34.99,-41.68,True
1591,30.82,8.76,11.05,4.0,87.66,70.92,-13.99,True
1592,7.32,4.42,11.98,4.0,84.96,24.26,-49.95,True
1593,8.26,4.59,11.94,4.0,85.07,26.13,-48.51,True
1594,-40.7,-4.45,13.88,4.0,79.46,-71.07,-123.43,False
1595,-22.77,-1.14,13.17,4.0,81.51,-35.48,-96.0,False
1596,21.5,7.04,11.42,4.0,86.59,52.42,-28.25,True
1597,-39.51,-4.23,13.83,4.0,79.59,-68.71,-121.61,False
1598,-24.68,-1.49,13.25,4.0,81.29,-39.27,-98.92,False
1599,-39.26,-4.18,13.82,4.0,79.62,-68.21,-121.23,False
1600,22.54,7.23,11.38,4.0,86.71,54.49,-26.65,True
1601,-13.9,0.5,12.82,4.0,82.53,-17.87,-82.43,False
1602,-17.63,-0.19,12.97,4.0,82.1,-25.27,-88.13,False
1603,-19.15,-0.47,13.03,4.0,81.93,-28.29,-90.46,False
1604,21.9,7.11,11.4,4.0,86.64,53.21,-27.64,True
1605,-37.07,-3.78,13.74,4.0,79.87,-63.88,-117.89,False
1606,-18.58,-0.36,13.01,4.0,81.99,-27.16,-89.59,False
1607,-5.48,2.06,12.49,4.0,83.49,-1.15,-69.54,False
1608,-7.17,1.74,12.55,4.0,83.3,-4.5,-72.12,False
1609,21.02,6.95,11.44,4.0,86.53,51.46,-28.99,True
1610,4.18,3.84,12.11,4.0,84.6,18.03,-54.75,True
1611,19.93,6.75,11.48,4.0,86.41,49.3,-30.66,True
1612,-30.52,-2.57,13.48,4.0,80.62,-50.86,-107.85,False
1613,-40.47,-4.41,13.87,4.0,79.48,-70.63,-123.09,False
1614,25.3,7.74,11.27,4.0,87.03,59.97,-22.43,True
1615,-36.45,-3.66,13.71,4.0,79.94,-62.65,-116.94,False
1616,-1.35,2.82,12.32,4.0,83.97,7.06,-63.21,True
1617,-23.75,-1.32,13.21,4.0,81.4,-37.43,-97.5,False
1618,16.28,6.08,11.63,4.0,85.99,42.06,-36.23,True
1619,-16.5,0.02,12.92,4.0,82.23,-23.03,-86.4,False
1620,-3.69,2.39,12.42,4.0,83.7,2.4,-66.8,True
1621,18.77,6.53,11.53,4.0,86.28,46.99,-32.43,True
1622,26.69,8.0,11.21,4.0,87.18,62.73,-20.3,True
1623,-15.37,0.23,12.88,4.0,82.36,-20.79,-84.67,False
1624,1.46,3.34,12.21,4.0,84.29,12.63,-58.92,True
1625,21.05,6.96,11.44,4.0,86.54,51.52,-28.94,True
1626,18.0,6.39,11.56,4.0,86.19,45.47,-33.61,True
1627,13.13,5.49,11.75,4.0,85.63,35.81,-41.05,True
1628,26.58,7.98,11.22,4.0,87.17,62.51,-20.47,True
1629,-9.17,1.38,12.63,4.0,83.07,-8.47,-75.18,False
1630,27.72,8.19,11.17,4.0,87.3,64.77,-18.73,True
1631,-34.17,-3.24,13.62,4.0,80.21,-58.1,-113.44,False
1632,1.41,3.33,12.22,4.0,84.29,12.53,-58.99,True
1633,-38.89,-4.11,13.81,4.0,79.66,-67.47,-120.66,False
1634,18.12,6.41,11.55,4.0,86.2,45.71,-33.42,True
1635,10.08,4.93,11.87,4.0,85.28,29.75,-45.72,True
1636,22.18,7.16,11.39,4.0,86.67,53.76,-27.21,True
1637,-13.17,0.64,12.79,4.0,82.61,-16.42,-81.3,False
1638,31.13,8.82,11.04,4.0,87.69,71.55,-13.51,True
1639,24.36,7.57,11.31,4.0,86.92,58.09,-23.88,True
1640,19.36,6.64,11.5,4.0,86.34,48.17,-31.52,True
1641,-19.06,-0.45,13.03,4.0,81.94,-28.11,-90.32,False
1642,-2.82,2.55,12.38,4.0,83.8,4.14,-65.46,True
1643,-28.09,-2.12,13.38,4.0,80.9,-46.04,-104.13,False
1644,-11.85,0.88,12.74,4.0,82.76,-13.79,-79.28,False
1645,-33.74,-3.16,13.61,4.0,80.25,-57.25,-112.78,False
1646,23.85,7.47,11.33,4.0,86.86,57.08,-24.66,True
1647,21.51,7.04,11.42,4.0,86.59,52.44,-28.23,True
1648,21.7,7.08,11.41,4.0,86.61,52.82,-27.94,True
1649,-28.32,-2.16,13.39,4.0,80.88,-46.5,-104.49,False
1650,-28.4,-2.18,13.4,4.0,80.87,-46.66,-104.62,False
1651,-3.83,2.36,12.42,4.0,83.68,2.14,-67.0,True
1652,11.55,5.2,11.81,4.0,85.45,32.66,-43.48,True
1653,12.04,5.29,11.79,4.0,85.5,33.65,-42.72,True
1654,-13.2,0.63,12.79,4.0,82.61,-16.48,-81.35,False
1655,27.27,8.1,11.19,4.0,87.25,63.87,-19.42,True
1656,-7.65,1.66,12.57,4.0,83.25,-5.45,-72.85,False
1657,-11.29,0.98,12.72,4.0,82.83,-12.68,-78.42,False
1658,2.75,3.58,12.16,4.0,84.44,15.18,-56.95,True
1659,18.13,6.42,11.55,4.0,86.2,45.73,-33.41,True
1660,31.92,8.96,11.01,4.0,87.78,73.12,-12.3,True
1661,21.32,7.01,11.43,4.0,86.57,52.06,-28.52,True
1662,-7.35,1.71,12.56,4.0,83.28,-4.86,-72.4,False
1663,-12.94,0.68,12.78,4.0,82.64,-15.96,-80.95,False
1664,-41.31,-4.56,13.91,4.0,79.39,-72.28,-124.36,False
1665,25.22,7.73,11.27,4.0,87.02,59.81,-22.55,True
1666,24.75,7.64,11.29,4.0,86.96,58.88,-23.27,True
1667,-41.15,-4.53,13.9,4.0,79.4,-71.97,-124.13,False
1668,-19.25,-0.49,13.03,4.0,81.92,-28.5,-90.62,False
1669,19.09,6.59,11.52,4.0,86.31,47.63,-31.94,True
1670,13.38,5.54,11.74,4.0,85.66,36.3,-40.67,True
1671,8.94,4.72,11.92,4.0,85.15,27.48,-47.47,True
1672,-22.25,-1.04,13.15,4.0,81.57,-34.45,-95.21,False
1673,3.04,3.63,12.15,4.0,84.47,15.77,-56.5,True
1674,-38.36,-4.02,13.79,4.0,79.72,-66.43,-119.86,False
1675,-14.49,0.39,12.84,4.0,82.46,-19.05,-83.33,False
1676,-5.3,2.09,12.48,4.0,83.52,-0.8,-69.27,False
1677,11.51,5.19,11.82,4.0,85.44,32.58,-43.54,True
1678,-0.35,3.0,12.28,4.0,84.08,9.04,-61.68,True
1679,14.28,5.71,11.71,4.0,85.76,38.09,-39.29,True
1680,23.89,7.48,11.33,4.0,86.86,57.16,-24.59,True
1681,-2.36,2.63,12.36,4.0,83.85,5.04,-64.76,True
1682,-18.03,-0.26,12.98,4.0,82.06,-26.07,-88.74,False
1683,-10.12,1.2,12.67,4.0,82.96,-10.36,-76.64,False
1684,-34.31,-3.27,13.63,4.0,80.19,-58.38,-113.65,False
1685,-19.9,-0.61,13.06,4.0,81.84,-29.79,-91.61,False
1686,1.35,3.32,12.22,4.0,84.28,12.41,-59.09,True
1687,29.08,8.44,11.12,4.0,87.46,67.48,-16.64,True
1688,28.5,8.33,11.14,4.0,87.39,66.31,-17.54,True
1689,1.11,3.27,12.23,4.0,84.25,11.94,-59.45,True
1690,20.53,6.86,11.46,4.0,86.48,50.5,-29.73,True
1691,-4.69,2.2,12.46,4.0,83.59,0.42,-68.33,True
1692,20.18,6.8,11.47,4.0,86.44,49.81,-30.26,True
1693,-26.95,-1.91,13.34,4.0,81.03,-43.77,-102.39,False
1694,28.83,8.39,11.13,4.0,87.43,66.97,-17.04,True
1695,16.51,6.12,11.62,4.0,86.02,42.51,-35.89,True
1696,-41.28,-4.56,13.9,4.0,79.39,-72.22,-124.32,False
1697,-17.22,-0.11,12.95,4.0,82.15,-24.46,-87.5,False
1698,-34.23,-3.25,13.63,4.0,80.2,-58.23,-113.53,False
1699,-38.06,-3.96,13.78,4.0,79.76,-65.84,-119.39,False
1700,0.4,3.14,12.26,4.0,84.17,10.53,-60.53,True
1701,-20.74,-0.76,13.09,4.0,81.75,-31.44,-92.88,False
1702,-4.71,2.2,12.46,4.0,83.58,0.38,-68.36,True
1703,14.43,5.73,11.7,4.0,85.78,38.39,-39.06,True
1704,29.39,8.5,11.11,4.0,87.49,68.09,-16.17,True
1705,7.38,4.43,11.98,4.0,84.97,24.39,-49.85,True
1706,31.01,8.8,11.04,4.0,87.68,71.31,-13.69,True
1707,-25.51,-1.64,13.28,4.0,81.2,-40.92,-100.19,False
1708,-8.38,1.52,12.6,4.0,83.16,-6.9,-73.97,False
1709,-39.12,-4.16,13.82,4.0,79.64,-67.94,-121.02,False
1710,11.98,5.28,11.8,4.0,85.5,33.52,-42.81,True
1711,-4.97,2.15,12.47,4.0,83.55,-0.14,-68.76,True
1712,-42.36,-4.76,13.95,4.0,79.27,-74.37,-125.98,False
1713,2.91,3.61,12.16,4.0,84.46,15.51,-56.7,True
1714,7.4,4.44,11.98,4.0,84.97,24.43,-49.82,True
1715,27.61,8.17,11.18,4.0,87.29,64.55,-18.9,True
1716,-9.44,1.32,12.64,4.0,83.04,-9.01,-75.6,False
1717,17.11,6.23,11.59,4.0,86.09,43.7,-34.97,True
1718,-37.76,-3.91,13.77,4.0,79.79,-65.24,-118.93,False
1719,0.1,3.09,12.27,4.0,84.13,9.93,-61.0,True
1720,-23.78,-1.32,13.21,4.0,81.4,-37.49,-97.55,False
1721,14.8,5.8,11.69,4.0,85.82,39.11,-38.5,True
1722,-33.11,-3.05,13.58,4.0,80.33,-56.01,-111.82,False
1723,8.33,4.61,11.94,4.0,85.08,26.27,-48.4,True
1724,12.44,5.37,11.78,4.0,85.55,34.44,-42.11,True
1725,11.24,5.14,11.83,4.0,85.41,32.06,-43.94,True
1726,-34.78,-3.36,13.65,4.0,80.13,-59.33,-114.38,False
1727,-15.31,0.24,12.88,4.0,82.37,-20.66,-84.58,False
1728,4.31,3.86,12.1,4.0,84.62,18.29,-54.56,True
1729,-6.93,1.79,12.55,4.0,83.33,-4.02,-71.75,False
1730,-0.08,3.05,12.27,4.0,84.11,9.58,-61.27,True
1731,2.7,3.57,12.16,4.0,84.43,15.09,-57.02,True
1732,-39.35,-4.2,13.83,4.0,79.61,-68.4,-121.38,False
1733,15.6,5.95,11.65,4.0,85.91,40.71,-37.27,True
1734,-2.01,2.7,12.35,4.0,83.89,5.75,-64.22,True
1735,-28.29,-2.16,13.39,4.0,80.88,-46.44,-104.45,False
1736,27.15,8.08,11.2,4.0,87.24,63.63,-19.61,True
1737,21.39,7.02,11.42,4.0,86.58,52.2,-28.42,True
1738,3.89,3.79,12.12,4.0,84.57,17.46,-55.19,True
1739,-35.79,-3.54,13.69,4.0,80.02,-61.33,-115.92,False
1740,1.37,3.32,12.22,4.0,84.28,12.46,-59.05,True
1741,-29.07,-2.3,13.42,4.0,80.79,-47.99,-105.64,False
1742,19.62,6.69,11.49,4.0,86.37,48.68,-31.13,True
1743,5.0,3.99,12.07,4.0,84.7,19.67,-53.49,True
1744,17.41,6.28,11.58,4.0,86.12,44.29,-34.51,True
1745,-32.9,-3.01,13.57,4.0,80.35,-55.59,-111.5,False
1746,12.58,5.39,11.77,4.0,85.57,34.71,-41.89,True
1747,26.22,7.91,11.23,4.0,87.13,61.79,-21.02,True
1748,30.94,8.78,11.05,4.0,87.67,71.16,-13.8,True
1749,-17.46,-0.16,12.96,4.0,82.12,-24.94,-87.87,False
1750,-37.72,-3.9,13.76,4.0,79.8,-65.16,-118.88,False
1751,28.82,8.39,11.13,4.0,87.43,66.95,-17.04,True
1752,-10.8,1.07,12.7,4.0,82.88,-11.72,-77.68,False
1753,-33.55,-3.13,13.6,4.0,80.28,-56.87,-112.49,False
1754,30.15,8.64,11.08,4.0,87.58,69.59,-15.01,True
1755,22.18,7.16,11.39,4.0,86.67,53.77,-27.2,True
1756,31.09,8.81,11.04,4.0,87.69,71.47,-13.57,True
1757,-34.64,-3.33,13.64,4.0,80.15,-59.06,-114.17,False
1758,-11.23,0.99,12.72,4.0,82.84,-12.57,-78.34,False
1759,17.96,6.39,11.56,4.0,86.18,45.39,-33.67,True
1760,-25.62,-1.66,13.29,4.0,81.19,-41.13,-100.36,False
1761,-39.67,-4.26,13.84,4.0,79.57,-69.03,-121.86,False
1762,22.41,7.21,11.38,4.0,86.69,54.22,-26.86,True
1763,25.38,7.76,11.27,4.0,87.03,60.12,-22.31,True
1764,-8.1,1.57,12.59,4.0,83.19,-6.34,-73.54,False
1765,-34.51,-3.31,13.64,4.0,80.17,-58.79,-113.97,False
1766,23.0,7.32,11.36,4.0,86.76,55.41,-25.94,True
1767,19.07,6.59,11.52,4.0,86.31,47.59,-31.97,True
1768,16.86,6.18,11.6,4.0,86.06,43.21,-35.35,True
1769,9.11,4.75,11.91,4.0,85.17,27.82,-47.21,True
1770,-36.33,-3.64,13.71,4.0,79.96,-62.39,-116.74,False
1771,-0.81,2.92,12.3,4.0,84.03,8.13,-62.38,True
1772,-15.54,0.2,12.89,4.0,82.34,-21.12,-84.93,False
1773,23.1,7.33,11.36,4.0,86.77,55.59,-25.81,True
1774,-36.83,-3.73,13.73,4.0,79.9,-63.4,-117.52,False
1775,30.3,8.66,11.07,4.0,87.6,69.88,-14.79,True
1776,0.92,3.24,12.23,4.0,84.23,11.56,-59.74,True
1777,19.26,6.62,11.51,4.0,86.33,47.97,-31.68,True
1778,-22.68,-1.12,13.17,4.0,81.52,-35.29,-95.85,False
1779,20.79,6.91,11.45,4.0,86.51,51.02,-29.33,True
1780,-37.78,-3.91,13.77,4.0,79.79,-65.29,-118.97,False
1781,30.06,8.62,11.08,4.0,87.57,69.41,-15.15,True
1782,17.56,6.31,11.58,4.0,86.14,44.59,-34.28,True
1783,-19.82,-0.59,13.06,4.0,81.85,-29.61,-91.48,False
1784,25.48,7.77,11.26,4.0,87.05,60.33,-22.15,True
1785,-34.74,-3.35,13.65,4.0,80.14,-59.24,-114.31,False
1786,10.05,4.92,11.87,4.0,85.28,29.68,-45.78,True
1787,-40.6,-4.43,13.88,4.0,79.47,-70.88,-123.29,False
1788,12.93,5.46,11.76,4.0,85.61,35.41,-41.36,True
1789,20.61,6.88,11.46,4.0,86.49,50.66,-29.6,True
1790,24.41,7.58,11.3,4.0,86.92,58.2,-23.79,True
1791,12.2,5.32,11.79,4.0,85.52,33.96,-42.47,True
1792,-19.64,-0.56,13.05,4.0,81.87,-29.27,-91.21,False
1793,16.18,6.06,11.63,4.0,85.98,41.85,-36.39,True
1794,19.17,6.61,11.51,4.0,86.32,47.8,-31.81,True
1795,30.77,8.75,11.05,4.0,87.65,70.83,-14.06,True
1796,19.82,6.73,11.49,4.0,86.4,49.09,-30.81,True
1797,14.74,5.79,11.69,4.0,85.81,38.99,-38.6,True
1798,-20.96,-0.8,13.1,4.0,81.72,-31.88,-93.22,False
1799,2.11,3.46,12.19,4.0,84.37,13.92,-57.92,True
1800,-24.87,-1.53,13.26,4.0,81.27,-39.65,-99.21,False
1801,21.76,7.09,11.41,4.0,86.62,52.95,-27.84,True
1802,-4.18,2.3,12.44,4.0,83.64,1.43,-67.55,True
1803,18.73,6.53,11.53,4.0,86.27,46.92,-32.48,True
1804,-27.48,-2.01,13.36,4.0,80.97,-44.82,-103.2,False
1805,18.45,6.48,11.54,4.0,86.24,46.36,-32.92,True
1806,-26.56,-1.84,13.32,4.0,81.08,-42.99,-101.79,False
1807,-7.82,1.62,12.58,4.0,83.23,-5.79,-73.12,False
1808,3.58,3.73,12.13,4.0,84.53,16.83,-55.68,True
1809,3.01,3.62,12.15,4.0,84.47,15.72,-56.54,True
1810,-10.83,1.07,12.7,4.0,82.88,-11.77,-77.72,False
1811,-42.11,-4.71,13.94,4.0,79.29,-73.88,-125.6,False
1812,-24.66,-1.49,13.25,4.0,81.3,-39.23,-98.89,False
1813,-11.31,0.98,12.72,4.0,82.83,-12.73,-78.46,False
1814,-29.95,-2.46,13.46,4.0,80.69,-49.74,-106.99,False
1815,21.69,7.07,11.41,4.0,86.61,52.8,-27.96,True
1816,23.08,7.33,11.36,4.0,86.77,55.56,-25.83,True
1817,-2.95,2.52,12.39,4.0,83.79,3.88,-65.66,True
1818,0.83,3.22,12.24,4.0,84.22,11.37,-59.88,True
1819,30.25,8.65,11.07,4.0,87.59,69.79,-14.86,True
1820,28.45,8.32,11.15,4.0,87.39,66.22,-17.61,True
1821,-9.36,1.34,12.64,4.0,83.05,-8.85,-75.47,False
1822,-4.02,2.32,12.43,4.0,83.66,1.74,-67.31,True
1823,-35.95,-3.57,13.69,4.0,80.0,-61.66,-116.17,False
1824,-4.97,2.15,12.47,4.0,83.55,-0.14,-68.76,True
1825,16.92,6.19,11.6,4.0,86.06,43.33,-35.25,True
1826,-18.46,-0.34,13.0,4.0,82.01,-26.92,-89.4,False
1827,-5.96,1.97,12.51,4.0,83.44,-2.1,-70.27,False
1828,28.47,8.33,11.14,4.0,87.39,66.25,-17.59,True
1829,-20.44,-0.71,13.08,4.0,81.78,-30.86,-92.44,False
1830,-9.23,1.36,12.64,4.0,83.06,-8.6,-75.28,False
1831,-16.46,0.03,12.92,4.0,82.24,-22.96,-86.35,False
1832,-14.35,0.42,12.84,4.0,82.48,-18.75,-83.11,False
1833,28.98,8.42,11.12,4.0,87.45,67.27,-16.81,True
1834,-1.16,2.85,12.32,4.0,83.99,7.43,-62.93,True
1835,-32.47,-2.93,13.56,4.0,80.4,-54.75,-110.85,False
1836,-6.09,1.94,12.51,4.0,83.42,-2.36,-70.47,False
1837,-11.79,0.89,12.74,4.0,82.77,-13.67,-79.19,False
1838,1.91,3.42,12.2,4.0,84.34,13.52,-58.23,True
1839,12.27,5.33,11.79,4.0,85.53,34.1,-42.37,True
1840,12.83,5.44,11.76,4.0,85.59,35.2,-41.52,True
1841,-22.33,-1.06,13.16,4.0,81.56,-34.61,-95.33,False
1842,4.03,3.81,12.11,4.0,84.59,17.73,-54.98,True
1843,17.77,6.35,11.57,4.0,86.16,45.01,-33.96,True
1844,-20.64,-0.74,13.09,4.0,81.76,-31.24,-92.73,False
1845,-35.74,-3.53,13.69,4.0,80.02,-61.23,-115.84,False
1846,-34.34,-3.27,13.63,4.0,80.19,-58.45,-113.7,False
1847,-6.55,1.86,12.53,4.0,83.37,-3.28,-71.18,False
1848,14.05,5.66,11.72,4.0,85.73,37.62,-39.65,True
1849,16.5,6.12,11.62,4.0,86.02,42.49,-35.9,True
1850,-23.76,-1.32,13.21,4.0,81.4,-37.45,-97.52,False
1851,-7.1,1.76,12.55,4.0,83.31,-4.37,-72.02,False
1852,13.04,5.48,11.76,4.0,85.62,35.62,-41.2,True
1853,0.44,3.15,12.25,4.0,84.17,10.61,-60.47,True
1854,-38.3,-4.01,13.79,4.0,79.73,-66.31,-119.76,False
1855,7.38,4.43,11.98,4.0,84.97,24.38,-49.86,True
1856,9.37,4.8,11.9,4.0,85.2,28.34,-46.81,True
1857,-13.19,0.63,12.79,4.0,82.61,-16.46,-81.34,False
1858,-13.96,0.49,12.82,4.0,82.52,-17.98,-82.51,False
1859,23.26,7.36,11.35,4.0,86.79,55.91,-25.56,True
1860,-42.06,-4.7,13.94,4.0,79.3,-73.78,-125.52,False
1861,30.67,8.73,11.06,4.0,87.64,70.63,-14.21,True
1862,11.65,5.22,11.81,4.0,85.46,32.87,-43.32,True
1863,15.9,6.0,11.64,4.0,85.95,41.3,-36.82,True
1864,3.94,3.8,12.12,4.0,84.58,17.56,-55.11,True
1865,25.15,7.71,11.28,4.0,87.01,59.66,-22.66,True
1866,-29.73,-2.42,13.45,4.0,80.71,-49.3,-106.65,False
1867,6.29,4.23,12.02,4.0,84.85,22.23,-51.52,True
1868,25.03,7.69,11.28,4.0,86.99,59.43,-22.85,True
1869,-37.22,-3.81,13.74,4.0,79.86,-64.16,-118.11,False
1870,-31.58,-2.77,13.52,4.0,80.5,-52.98,-109.48,False
1871,4.92,3.98,12.08,4.0,84.69,19.5,-53.62,True
1872,11.37,5.17,11.82,4.0,85.43,32.3,-43.75,True
1873,-8.83,1.44,12.62,4.0,83.11,-7.8,-74.66,False
1874,-21.9,-0.98,13.14,4.0,81.61,-33.75,-94.67,False
1875,-35.16,-3.43,13.66,4.0,80.09,-60.08,-114.96,False
1876,-25.39,-1.62,13.28,4.0,81.21,-40.67,-100.0,False
1877,-15.64,0.18,12.89,4.0,82.33,-21.33,-85.09,False
1878,-29.9,-2.45,13.45,4.0,80.69,-49.63,-106.9,False
1879,-10.21,1.18,12.68,4.0,82.95,-10.55,-76.78,False
1880,-42.44,-4.77,13.95,4.0,79.26,-74.53,-126.1,False
1881,-23.98,-1.36,13.22,4.0,81.37,-37.89,-97.85,False
1882,-40.71,-4.45,13.88,4.0,79.45,-71.09,-123.45,False
1883,21.7,7.08,11.41,4.0,86.61,52.82,-27.94,True
1884,-6.45,1.88,12.53,4.0,83.38,-3.07,-71.02,False
1885,-11.17,1.0,12.71,4.0,82.84,-12.45,-78.25,False
1886,23.84,7.47,11.33,4.0,86.86,57.07,-24.66,True
1887,20.28,6.81,11.47,4.0,86.45,50.0,-30.11,True
1888,-17.14,-0.1,12.95,4.0,82.16,-24.3,-87.38,False
1889,29.19,8.46,11.12,4.0,87.47,67.68,-16.49,True
1890,-39.61,-4.25,13.84,4.0,79.58,-68.9,-121.76,False
1891,-23.68,-1.31,13.21,4.0,81.41,-37.28,-97.38,False
1892,22.94,7.31,11.36,4.0,86.75,55.29,-26.04,True
1893,20.54,6.86,11.46,4.0,86.48,50.51,-29.72,True
1894,-20.0,-0.63,13.06,4.0,81.83,-29.98,-91.76,False
1895,-1.24,2.84,12.32,4.0,83.98,7.26,-63.05,True
1896,-1.43,2.8,12.33,4.0,83.96,6.88,-63.35,True
1897,0.0,3.07,12.27,4.0,84.12,9.74,-61.15,True
1898,-27.82,-2.07,13.37,4.0,80.93,-45.49,-103.72,False
1899,14.42,5.73,11.7,4.0,85.78,38.37,-39.08,True
1900,-16.63,-0.0,12.93,4.0,82.22,-23.29,-86.6,False
1901,-28.08,-2.12,13.38,4.0,80.9,-46.01,-104.12,False
1902,17.89,6.37,11.56,4.0,86.18,45.26,-33.77,True
1903,-21.49,-0.9,13.12,4.0,81.66,-32.94,-94.04,False
1904,-13.88,0.5,12.82,4.0,82.53,-17.83,-82.39,False
1905,13.09,5.49,11.75,4.0,85.63,35.73,-41.11,True
1906,-42.58,-4.8,13.96,4.0,79.24,-74.81,-126.31,False
1907,-34.05,-3.22,13.62,4.0,80.22,-57.87,-113.26,False
1908,27.95,8.23,11.16,4.0,87.33,65.23,-18.37,True
1909,13.61,5.58,11.73,4.0,85.68,36.76,-40.32,True
1910,-4.27,2.28,12.44,4.0,83.63,1.25,-67.69,True
1911,31.29,8.85,11.03,4.0,87.71,71.86,-13.26,True
1912,-30.05,-2.48,13.46,4.0,80.68,-49.94,-107.14,False
1913,-41.14,-4.53,13.9,4.0,79.4,-71.96,-124.12,False
1914,-9.31,1.35,12.64,4.0,83.06,-8.75,-75.39,False
1915,-22.1,-1.01,13.15,4.0,81.59,-34.15,-94.97,False
1916,27.39,8.13,11.19,4.0,87.26,64.12,-19.23,True
1917,-30.0,-2.47,13.46,4.0,80.68,-49.83,-107.06,False
1918,-1.48,2.8,12.33,4.0,83.95,6.8,-63.41,True
1919,-12.79,0.71,12.78,4.0,82.66,-15.66,-80.72,False
1920,-22.04,-1.0,13.14,4.0,81.6,-34.03,-94.88,False
1921,20.34,6.83,11.47,4.0,86.46,50.12,-30.02,True
1922,-16.29,0.06,12.92,4.0,82.26,-22.61,-86.08,False
1923,-35.84,-3.55,13.69,4.0,80.01,-61.43,-116.0,False
1924,-40.96,-4.5,13.89,4.0,79.43,-71.6,-123.84,False
1925,-26.16,-1.76,13.31,4.0,81.12,-42.21,-101.18,False
1926,-34.83,-3.36,13.65,4.0,80.13,-59.42,-114.45,False
1927,8.76,4.69,11.92,4.0,85.13,27.12,-47.75,True
1928,-2.65,2.58,12.38,4.0,83.82,4.48,-65.2,True
1929,30.47,8.7,11.07,4.0,87.62,70.23,-14.52,True
1930,-29.49,-2.38,13.44,4.0,80.74,-48.81,-106.27,False
1931,-27.41,-2.0,13.36,4.0,80.98,-44.7,-103.1,False
1932,-35.29,-3.45,13.67,4.0,80.08,-60.33,-115.15,False
1933,-18.65,-0.38,13.01,4.0,81.98,-27.3,-89.69,False
1934,-12.71,0.72,12.77,4.0,82.67,-15.5,-80.6,False
1935,-41.54,-4.6,13.92,4.0,79.36,-72.75,-124.73,False
1936,1.44,3.33,12.21,4.0,84.29,12.59,-58.95,True
1937,8.78,4.69,11.92,4.0,85.13,27.16,-47.72,True
1938,3.55,3.72,12.13,4.0,84.53,16.77,-55.72,True
1939,-3.29,2.46,12.4,4.0,83.75,3.19,-66.19,True
1940,24.15,7.53,11.32,4.0,86.89,57.68,-24.2,True
1941,-15.63,0.18,12.89,4.0,82.33,-21.3,-85.07,False
1942,21.5,7.04,11.42,4.0,86.59,52.42,-28.25,True
1943,17.59,6.32,11.58,4.0,86.14,44.65,-34.24,True
1944,30.02,8.61,11.08,4.0,87.57,69.33,-15.21,True
1945,30.41,8.68,11.07,4.0,87.61,70.11,-14.61,True
1946,3.33,3.68,12.14,4.0,84.5,16.33,-56.06,True
1947,-32.99,-3.03,13.58,4.0,80.34,-55.77,-111.64,False
1948,27.54,8.16,11.18,4.0,87.28,64.42,-19.0,True
1949,-30.88,-2.64,13.49,4.0,80.58,-51.58,-108.41,False
1950,-33.12,-3.05,13.58,4.0,80.32,-56.03,-111.84,False
1951,-9.57,1.3,12.65,4.0,83.03,-9.27,-75.8,False
1952,-2.49,2.61,12.37,4.0,83.84,4.8,-64.95,True
1953,-1.4,2.81,12.33,4.0,83.96,6.95,-63.3,True
1954,-25.54,-1.65,13.28,4.0,81.19,-40.97,-100.23,False
1955,-2.93,2.53,12.39,4.0,83.79,3.91,-65.63,True
1956,-17.1,-0.09,12.95,4.0,82.16,-24.22,-87.32,False
1957,8.23,4.59,11.95,4.0,85.07,26.08,-48.55,True
1958,31.13,8.82,11.04,4.0,87.69,71.55,-13.5,True
1959,26.21,7.91,11.23,4.0,87.13,61.77,-21.04,True
1960,-40.2,-4.36,13.86,4.0,79.51,-70.09,-122.68,False
1961,-28.54,-2.2,13.4,4.0,80.85,-46.93,-104.82,False
1962,16.38,6.09,11.62,4.0,86.0,42.26,-36.08,True
1963,25.24,7.73,11.27,4.0,87.02,59.85,-22.52,True
1964,5.3,4.05,12.06,4.0,84.73,20.25,-53.04,True
1965,12.61,5.4,11.77,4.0,85.57,34.77,-41.85,True
1966,-33.69,-3.15,13.6,4.0,80.26,-57.16,-112.71,False
1967,-21.3,-0.87,13.11,4.0,81.68,-32.55,-93.74,False
1968,-11.59,0.93,12.73,4.0,82.79,-13.28,-78.89,False
1969,13.04,5.48,11.75,4.0,85.62,35.63,-41.19,True
1970,-0.22,3.03,12.28,4.0,84.1,9.3,-61.48,True
1971,-37.76,-3.91,13.77,4.0,79.79,-65.24,-118.94,False
1972,-31.8,-2.81,13.53,4.0,80.48,-53.41,-109.82,False
1973,29.8,8.57,11.09,4.0,87.54,68.9,-15.54,True
1974,-6.35,1.9,12.52,4.0,83.4,-2.88,-70.87,False
1975,-6.93,1.79,12.55,4.0,83.33,-4.04,-71.76,False
1976,18.62,6.51,11.53,4.0,86.26,46.7,-32.65,True
1977,22.79,7.28,11.37,4.0,86.74,54.98,-26.28,True
1978,-39.01,-4.14,13.82,4.0,79.65,-67.72,-120.85,False
1979,2.0,3.44,12.19,4.0,84.35,13.7,-58.09,True
1980,1.93,3.42,12.19,4.0,84.34,13.56,-58.2,True
1981,-28.56,-2.21,13.4,4.0,80.85,-46.98,-104.86,False
1982,25.42,7.76,11.27,4.0,87.04,60.19,-22.26,True
1983,18.26,6.44,11.55,4.0,86.22,45.98,-33.21,True
1984,21.35,7.01,11.43,4.0,86.57,52.13,-28.47,True
1985,-27.8,-2.07,13.37,4.0,80.93,-45.47,-103.7,False
1986,30.2,8.65,11.08,4.0,87.59,69.69,-14.94,True
1987,16.71,6.15,11.61,4.0,86.04,42.9,-35.58,True
1988,-33.9,-3.19,13.61,4.0,80.24,-57.58,-113.03,False
1989,13.44,5.55,11.74,4.0,85.66,36.41,-40.58,True
1990,15.86,6.0,11.64,4.0,85.94,41.21,-36.88,True
1991,-42.83,-4.84,13.97,4.0,79.21,-75.3,-126.69,False
1992,-0.83,2.92,12.3,4.0,84.03,8.09,-62.42,True
1993,31.19,8.83,11.04,4.0,87.7,71.67,-13.41,True
1994,31.39,8.87,11.03,4.0,87.72,72.05,-13.12,True
1995,-30.85,-2.63,13.49,4.0,80.59,-51.52,-108.36,False
1996,-10.07,1.21,12.67,4.0,82.97,-10.26,-76.56,False
1997,12.86,5.44,11.76,4.0,85.6,35.27,-41.47,True
1998,11.59,5.21,11.81,4.0,85.45,32.75,-43.41,True
1999,-30.99,-2.65,13.5,4.0,80.57,-51.79,-108.57,False
2000,-14.51,0.39,12.85,4.0,82.46,-19.08,-83.36,False
2001,11.1,5.12,11.83,4.0,85.4,31.77,-44.17,True
2002,15.91,6.01,11.64,4.0,85.95,41.32,-36.8,True
2003,-31.29,-2.71,13.51,4.0,80.53,-52.4,-109.04,False
2004,19.01,6.58,11.52,4.0,86.3,47.48,-32.05,True
2005,-24.18,-1.4,13.23,4.0,81.35,-38.28,-98.16,False
2006,-5.46,2.06,12.49,4.0,83.5,-1.1,-69.5,False
2007,20.66,6.88,11.45,4.0,86.49,50.75,-29.53,True
2008,-2.14,2.67,12.36,4.0,83.88,5.48,-64.43,True
2009,-31.23,-2.7,13.51,4.0,80.54,-52.28,-108.95,False
2010,-19.85,-0.6,13.06,4.0,81.85,-29.67,-91.52,False
2011,-26.53,-1.83,13.32,4.0,81.08,-42.94,-101.75,False
2012,-32.0,-2.84,13.54,4.0,80.45,-53.81,-110.13,False
2013,-23.49,-1.27,13.2,4.0,81.43,-36.91,-97.1,False
2014,-3.67,2.39,12.42,4.0,83.7,2.44,-66.77,True
2015,-32.68,-2.97,13.56,4.0,80.38,-55.16,-111.16,False
2016,23.58,7.42,11.34,4.0,86.83,56.56,-25.06,True
2017,-22.45,-1.08,13.16,4.0,81.55,-34.84,-95.5,False
2018,2.22,3.48,12.18,4.0,84.38,14.15,-57.75,True
2019,19.68,6.7,11.49,4.0,86.38,48.8,-31.04,True
2020,-14.47,0.4,12.84,4.0,82.46,-18.99,-83.29,False
2021,26.15,7.9,11.24,4.0,87.12,61.66,-21.12,True
2022,-14.75,0.34,12.86,4.0,82.43,-19.56,-83.73,False
2023,-9.75,1.27,12.66,4.0,83.01,-9.62,-76.07,False
2024,-4.58,2.22,12.45,4.0,83.6,0.63,-68.17,True
2025,-27.05,-1.93,13.34,4.0,81.02,-43.98,-102.55,False
2026,-21.39,-0.88,13.12,4.0,81.67,-32.74,-93.88,False
2027,-38.88,-4.11,13.81,4.0,79.66,-67.46,-120.65,False
2028,19.72,6.71,11.49,4.0,86.39,48.89,-30.97,True
2029,21.39,7.02,11.42,4.0,86.58,52.2,-28.41,True
2030,15.26,5.89,11.67,4.0,85.87,40.03,-37.8,True
2031,15.36,5.9,11.66,4.0,85.88,40.23,-37.65,True
2032,-39.63,-4.25,13.84,4.0,79.58,-68.96,-121.8,False
2033,-25.18,-1.58,13.27,4.0,81.24,-40.27,-99.69,False
2034,27.83,8.21,11.17,4.0,87.31,64.98,-18.57,True
2035,7.92,4.53,11.96,4.0,85.03,25.46,-49.03,True
2036,0.64,3.19,12.25,4.0,84.2,11.0,-60.17,True
2037,11.53,5.2,11.81,4.0,85.45,32.63,-43.5,True
2038,-25.18,-1.58,13.27,4.0,81.24,-40.26,-99.68,False
2039,7.71,4.49,11.97,4.0,85.01,25.04,-49.35,True
