,nuc,aexp,nd,ns,age,asexp,la,ld,target
0,1.0,1.0,1.0,1.0,1.0,0.0,132.0,25.0,1
1,0.55,1.0,1.0,1.0,2.18,0.0,331.0,78.0,1
2,0.0,20.0,1.0,1.0,0.0,2.0,0.0,5.0,0
3,2.0,13.0,1.0,1.0,0.0,8.0,1.0,1.0,1
4,1.0,135.0,1.0,1.0,6.0,48.0,13.0,2.0,1
5,0.0,102.0,1.0,1.0,0.0,64.0,102.0,0.0,1
6,3.0,142.0,1.0,1.0,0.0,55.0,1.0,11.0,1
7,1.0,1.0,1.0,1.0,15.0,0.0,2.0,0.0,1
8,1.0,6.0,1.0,1.0,20.0,1.0,250.0,31.0,1
9,1.0,10.0,1.0,1.0,20.0,7.0,10.0,0.0,1
10,3.0,127.0,1.0,1.0,4.0,76.0,3.0,1.0,1
11,1.0,21.0,1.0,1.0,34.0,0.0,31.0,18.0,1
12,6.0,36.0,1.0,1.0,8.0,29.0,4.0,0.0,1
13,3.67,39.0,2.0,1.0,14.0,32.0,33.0,1.0,1
14,3.33,5.0,1.0,1.0,19.33,0.0,46.0,16.0,1
15,1.0,54.0,1.0,1.0,0.0,46.0,7.0,16.0,1
16,3.0,212.0,1.0,1.0,1.0,130.0,25.0,3.0,1
17,2.0,227.0,1.0,1.0,0.0,105.0,22.0,9.0,1
18,6.0,67.0,1.0,1.0,0.0,58.0,5.0,4.0,1
19,1.5,69.0,1.0,1.0,1.5,60.0,30.0,0.0,1
20,7.5,288.0,2.0,1.0,2.5,133.0,3.0,2.0,1
21,13.0,245.0,1.0,1.0,4.0,158.0,14.0,0.0,1
22,1.25,255.0,1.0,1.0,50.5,4.0,37.0,34.0,1
23,2.0,79.0,1.0,1.0,3.0,69.0,4.0,0.0,1
24,3.5,310.0,1.0,1.0,0.0,149.0,31.0,18.0,1
25,16.0,315.0,1.0,1.0,2.0,153.0,3.0,0.0,1
26,9.5,318.0,2.0,1.0,0.75,156.0,73.0,4.0,1
27,9.33,55.0,3.0,2.0,26.67,0.54,19.0,5.0,1
28,18.0,325.0,1.0,1.0,4.0,215.0,30.0,11.0,1
29,1.0,330.0,1.0,1.0,0.0,220.0,7.0,8.0,1
30,18.0,89.0,1.0,1.0,7.0,78.0,1.0,1.0,1
31,6.5,391.0,2.0,1.0,3.5,194.0,11.0,14.0,1
32,37.0,393.0,1.0,1.0,0.0,196.0,1.0,2.0,1
33,18.0,102.0,1.0,1.0,10.0,91.0,0.0,1.0,1
34,16.0,120.0,1.0,1.0,9.0,107.0,1.0,1.0,1
35,3.0,422.0,1.0,1.0,31.0,215.0,10.0,0.0,1
36,0.0,374.0,2.0,1.0,0.0,2.0,60.0,0.0,1
37,10.8,426.0,4.0,1.0,14.2,217.0,213.0,37.0,1
38,11.0,436.0,1.0,1.0,17.0,226.0,1.0,1.0,1
39,4.0,387.0,1.0,1.0,48.0,254.0,7.0,3.0,1
40,2.0,407.0,1.0,1.0,2.0,263.0,3.0,1.0,1
41,4.0,76.0,1.0,1.0,0.0,4.0,18.0,0.0,1
42,3.0,80.0,1.0,1.0,0.0,8.0,14.0,0.0,1
43,1.5,427.0,1.0,1.0,38.0,275.0,233.0,19.0,1
44,4.0,84.0,2.0,1.0,0.5,12.0,20.0,19.0,1
45,3.0,85.0,1.0,1.0,0.33,13.0,194.0,3.0,1
46,7.0,464.0,1.0,1.0,41.0,244.0,2.0,1.0,1
47,3.0,110.0,3.0,1.0,1.67,35.0,156.0,118.0,1
48,12.0,489.0,1.0,1.0,62.0,259.0,11.0,1.0,1
49,4.0,502.0,1.0,1.0,0.0,266.0,6.0,2.0,1
50,11.29,474.0,2.0,1.0,52.29,305.0,60.0,8.0,1
51,2.0,135.0,1.0,1.0,14.0,120.0,0.0,276.0,1
52,8.0,531.0,1.0,1.0,0.0,349.0,11.0,0.0,1
53,7.25,566.0,2.0,1.0,6.5,368.0,118.0,1.0,1
54,3.5,145.0,2.0,1.0,10.0,130.0,172.0,47.0,1
55,0.0,591.0,4.0,1.0,0.0,0.0,0.0,263.0,0
56,12.0,592.0,2.0,1.0,0.0,384.0,141.0,4.0,1
57,2.5,595.0,2.0,1.0,14.0,387.0,55.0,0.0,1
58,12.8,603.0,2.0,1.0,9.4,333.0,100.0,41.0,1
59,20.67,614.0,2.0,1.0,21.33,341.0,112.0,63.0,1
60,2.33,624.0,2.0,2.0,17.33,0.52,4.0,67.0,1
61,0.67,144.0,2.0,1.0,2.0,12.0,106.0,13.0,1
62,14.73,169.0,4.0,1.0,25.36,151.0,256.0,119.0,1
63,6.0,3.0,1.0,1.0,0.0,3.0,1.0,1.0,1
64,15.0,29.0,2.0,1.0,55.89,12.0,62.0,141.0,1
65,23.0,188.0,1.0,1.0,5.0,165.0,3.0,3.0,1
66,34.5,692.0,1.0,1.0,7.0,395.0,11.0,1.0,1
67,2.43,715.0,2.0,1.0,8.0,403.0,474.0,50.0,1
68,6.5,32.0,1.0,1.0,9.0,7.0,3.0,3.0,1
69,0.0,201.0,1.0,1.0,0.0,178.0,86.0,0.0,1
70,23.0,218.0,1.0,1.0,26.0,195.0,74.0,78.0,1
71,10.0,224.0,1.0,1.0,38.0,201.0,213.0,113.0,1
72,8.0,258.0,1.0,1.0,45.0,235.0,1.0,1.0,1
73,4.0,678.0,1.0,1.0,71.5,429.0,28.0,7.0,1
74,8.0,683.0,1.0,1.0,2.0,434.0,13.0,15.0,1
75,18.5,759.0,2.0,1.0,2.0,443.0,47.0,4.0,1
76,21.5,338.0,2.0,1.0,4.5,313.0,7.0,3.0,1
77,5.0,353.0,1.0,1.0,0.0,328.0,3.0,2.0,1
78,4.0,364.0,1.0,1.0,63.0,338.0,13.0,11.0,1
79,4.0,367.0,1.0,1.0,223.0,341.0,2.0,4.0,1
80,1.0,747.0,2.0,1.0,3.5,471.0,35.0,1.0,1
81,5.0,758.0,1.0,1.0,0.0,43.0,1.0,1.0,1
82,5.0,393.0,1.0,1.0,33.0,365.0,5.0,0.0,1
83,7.0,769.0,1.0,1.0,139.0,485.0,1.0,3.0,1
84,3.75,168.0,2.0,1.0,200.12,32.0,145.0,145.0,1
85,7.0,426.0,1.0,1.0,5.0,390.0,1.0,2.0,1
86,4.0,437.0,1.0,1.0,26.0,400.0,27.0,0.0,1
87,27.38,440.0,3.0,1.0,87.85,403.0,73.0,51.0,1
88,18.0,444.0,2.0,1.0,143.0,407.0,37.0,48.0,1
89,5.0,447.0,1.0,1.0,204.0,410.0,2.0,2.0,1
90,9.0,809.0,1.0,1.0,144.0,485.0,1.0,1.0,1
91,7.0,482.0,1.0,1.0,54.0,440.0,5.0,5.0,1
92,7.0,564.0,1.0,1.0,132.0,519.0,1.0,1.0,1
93,11.5,572.0,1.0,1.0,146.5,527.0,11.0,0.0,1
94,10.0,583.0,1.0,1.0,44.0,538.0,10.0,5.0,1
95,0.0,845.0,3.0,1.0,0.0,0.0,299.0,0.0,1
96,6.67,871.0,3.0,2.0,291.33,0.5,45.0,87.0,1
97,10.8,776.0,2.0,1.0,203.8,7.0,93.0,16.0,1
98,32.0,13.0,1.0,1.0,144.0,3.0,8.0,0.0,1
99,0.0,42.0,1.0,1.0,0.0,37.0,105.0,0.0,1
100,22.0,54.0,1.0,1.0,10.0,47.0,1.0,1.0,1
101,16.38,76.0,3.0,2.0,192.12,0.94,364.0,10.0,1
102,8.0,7.0,2.0,2.0,124.5,0.96,25.0,29.0,1
103,1.5,1110.0,1.0,1.0,26.0,6.0,16.0,3.0,1
104,35.5,86.0,2.0,1.0,100.5,76.0,2.0,2.0,1
105,54.0,23.0,2.0,2.0,183.67,0.97,32.0,21.0,1
106,22.0,45.0,1.0,1.0,78.33,27.0,132.0,27.0,1
107,11.33,50.0,1.0,1.0,64.0,32.0,14.0,5.0,1
108,2.5,1117.0,4.0,2.0,37.5,0.52,69.0,46.0,1
109,23.0,115.0,1.0,1.0,0.0,102.0,3.0,0.0,1
110,1.0,116.0,1.0,1.0,167.0,103.0,6.0,5.0,1
111,18.0,84.0,1.0,1.0,0.0,54.0,0.0,1.0,1
112,5.15,1131.0,4.0,2.0,150.85,0.52,160.0,132.0,1
113,11.0,197.0,1.0,1.0,6.0,175.0,31.0,6.0,1
114,8.0,214.0,1.0,1.0,310.0,191.0,1.0,1.0,1
115,6.0,233.0,1.0,1.0,78.0,9.0,7.0,1.0,1
116,3.17,1135.0,3.0,1.0,85.33,21.0,328.0,117.0,1
117,16.67,155.0,2.0,2.0,167.0,0.57,76.0,8.0,1
118,41.25,275.0,3.0,1.0,95.0,243.0,10.0,12.0,1
119,34.0,304.0,3.0,1.0,78.33,265.0,10.0,2.0,1
120,2.0,250.0,1.0,1.0,10.0,160.0,0.0,109.0,1
121,13.0,340.0,1.0,1.0,0.0,298.0,1.0,1.0,1
122,14.0,347.0,1.0,1.0,2.0,303.0,1.0,0.0,1
123,2.0,348.0,1.0,1.0,122.0,304.0,3.0,9.0,1
124,16.0,357.0,1.0,1.0,2.0,313.0,66.0,78.0,1
125,4.0,362.0,1.0,1.0,0.0,318.0,4.0,5.0,1
126,6.0,384.0,1.0,1.0,5.0,336.0,8.0,1.0,1
127,57.6,327.0,4.0,2.0,19.4,0.64,18.0,23.0,1
128,8.25,331.0,2.0,1.0,46.0,201.0,22.0,2.0,1
129,0.0,378.0,1.0,1.0,0.0,234.0,180.0,0.0,1
130,3.0,479.0,1.0,1.0,163.0,16.0,6.0,2.0,1
131,28.0,440.0,1.0,1.0,15.0,264.0,9.0,2.0,1
132,7.0,549.0,1.0,1.0,63.0,462.0,9.0,1.0,1
133,7.0,504.0,1.0,1.0,0.0,298.0,4.0,0.0,1
134,49.5,533.0,2.0,1.0,188.5,312.0,36.0,5.0,1
135,9.5,537.0,2.0,2.0,0.0,0.64,3.0,3.0,1
136,5.25,582.0,3.0,1.0,16.75,351.0,331.0,1.0,1
137,4.0,44.0,2.0,1.0,12.67,33.0,125.0,14.0,1
138,22.0,89.0,1.0,1.0,3.0,70.0,3.0,0.0,1
139,4.5,803.0,1.0,1.0,160.0,11.0,11.0,1.0,1
140,10.67,804.0,2.0,1.0,3.67,33.0,94.0,42.0,1
141,1.0,807.0,1.0,1.0,0.0,27.0,34.0,9.0,1
142,41.5,130.0,1.0,1.0,120.0,98.0,123.0,99.0,1
143,10.0,826.0,1.0,1.0,32.0,16.0,1.0,1.0,1
144,6.5,201.0,1.0,1.0,126.5,146.0,257.0,32.0,1
145,4.0,211.0,1.0,1.0,17.0,8.0,104.0,5.0,1
146,15.5,723.0,2.0,2.0,436.0,0.07,8.0,9.0,1
147,0.0,248.0,1.0,1.0,0.0,186.0,149.0,0.0,1
148,25.67,274.0,1.0,1.0,9.0,199.0,88.0,0.0,1
149,20.25,275.0,1.0,1.0,6.75,200.0,128.0,2.0,1
150,56.0,280.0,1.0,1.0,14.0,202.0,116.0,0.0,1
151,5.5,293.0,1.0,1.0,3.0,10.0,13.0,14.0,1
152,1.0,304.0,1.0,1.0,74.0,220.0,14.0,14.0,1
153,23.8,319.0,3.0,1.0,123.8,228.0,164.0,118.0,1
154,0.8,322.0,2.0,1.0,79.0,229.0,96.0,1.0,1
155,2.0,328.0,1.0,1.0,112.5,233.0,130.0,0.0,1
156,3.5,349.0,1.0,1.0,46.0,249.0,65.0,34.0,1
157,13.0,362.0,1.0,1.0,140.0,262.0,7.0,0.0,1
158,2.4,792.0,3.0,1.0,53.2,49.0,16.0,18.0,1
159,40.14,1006.0,4.0,2.0,244.43,0.94,50.0,21.0,1
160,8.0,1032.0,1.0,1.0,10.0,44.0,3.0,2.0,1
161,1.2,455.0,4.0,1.0,1.6,335.0,259.0,40.0,1
162,0.0,505.0,1.0,1.0,0.0,2.0,133.0,26.0,1
163,0.0,1055.0,1.0,1.0,0.0,2.0,0.0,12.0,0
164,0.0,515.0,2.0,2.0,0.0,0.0,128.0,47.0,1
165,0.0,1161.0,1.0,1.0,0.0,2.0,119.0,3.0,1
166,3.0,552.0,1.0,1.0,26.0,377.0,4.0,2.0,1
167,6.0,559.0,1.0,1.0,0.0,12.0,5.0,10.0,1
168,15.0,862.0,1.0,1.0,0.0,78.0,2.0,2.0,1
169,2.0,611.0,1.0,1.0,101.0,404.0,4.0,2.0,1
170,0.0,639.0,1.0,1.0,0.0,10.0,74.0,98.0,1
171,6.0,669.0,1.0,1.0,1.0,8.0,1.0,1.0,1
172,0.0,1137.0,1.0,2.0,0.0,0.0,27.0,0.0,1
173,0.67,900.0,1.0,1.0,65.67,1.0,39.0,34.0,1
174,2.5,691.0,2.0,1.0,73.5,5.0,45.0,10.0,1
175,1.4,907.0,2.0,3.0,6.4,0.0,152.0,42.0,1
176,0.0,718.0,1.0,1.0,0.0,50.0,3.0,3.0,1
177,1.67,917.0,2.0,2.0,8.67,0.0,12.0,4.0,1
178,4.5,1362.0,2.0,2.0,0.5,0.0,206.0,1.0,1
179,0.0,34.0,1.0,1.0,0.0,7.0,205.0,0.0,1
180,35.0,774.0,1.0,1.0,6.0,14.0,22.0,8.0,1
181,0.0,782.0,1.0,2.0,0.0,0.0,103.0,0.0,1
182,6.0,800.0,2.0,2.0,17.0,0.0,211.0,45.0,1
183,5.27,1172.0,3.0,1.0,30.36,4.0,235.0,83.0,1
184,19.67,818.0,1.0,1.0,17.0,23.0,198.0,63.0,1
185,5.0,1193.0,1.0,1.0,4.0,50.0,1.0,1.0,1
186,0.0,1.0,2.0,1.0,0.0,1.0,9.0,0.0,1
187,4.0,15.0,1.0,1.0,135.0,5.0,1.0,0.0,1
188,2.5,26.0,2.0,1.0,115.25,6.0,145.0,27.0,1
189,2.0,36.0,1.0,1.0,175.0,2.0,29.0,0.0,1
190,1.0,59.0,1.0,1.0,0.0,2.0,12.0,5.0,1
191,7.0,61.0,1.0,1.0,49.0,5.0,1.0,0.0,1
192,0.0,15.0,1.0,1.0,0.0,10.0,5.0,1.0,1
193,0.67,36.0,3.0,2.0,48.67,0.62,224.0,21.0,1
194,6.0,111.0,1.0,1.0,190.0,3.0,29.0,3.0,1
195,9.62,49.0,3.0,1.0,23.62,12.0,320.0,34.0,1
196,19.0,90.0,1.0,1.0,0.0,9.0,2.0,13.0,1
197,9.0,35.0,2.0,1.0,11.5,3.0,13.0,8.0,1
198,4.0,51.0,2.0,1.0,0.0,14.0,2.0,2.0,1
199,32.0,99.0,1.0,1.0,7.0,33.0,6.0,4.0,1
200,6.33,7.0,3.0,2.0,292.56,0.37,282.0,1.0,1
201,7.43,8.0,3.0,2.0,5.0,0.38,230.0,8.0,1
202,20.5,109.0,2.0,2.0,28.0,0.17,14.0,10.0,1
203,3.47,82.19,1.0,1.0,0.28,20.03,164.48,3.16,1
204,5.01,72.92,1.0,1.0,0.11,43.2,67.15,3.67,1
205,3.68,80.9,1.0,1.0,0.26,23.25,150.96,3.23,1
206,4.81,74.16,1.0,1.0,0.13,40.1,80.18,3.6,1
207,5.41,70.52,1.0,1.0,0.07,49.19,42.01,3.8,1
208,5.46,70.25,1.0,1.0,0.06,49.87,39.16,3.82,1
209,4.32,77.1,1.0,1.0,0.19,32.76,111.02,3.44,1
210,3.47,82.17,1.0,1.0,0.28,20.08,164.27,3.16,1
211,4.32,77.05,1.0,1.0,0.19,32.87,110.56,3.44,1
212,5.6,69.41,1.0,1.0,0.04,51.97,30.31,3.87,1
213,3.65,81.09,1.0,1.0,0.26,22.78,152.91,3.22,1
214,5.57,69.61,1.0,1.0,0.05,51.48,32.36,3.86,1
215,3.06,84.65,1.0,1.0,0.33,13.88,190.3,3.02,1
216,3.78,80.34,1.0,1.0,0.25,24.64,145.12,3.26,1
217,3.73,80.62,1.0,1.0,0.25,23.95,148.0,3.24,1
218,4.52,75.88,1.0,1.0,0.16,35.81,98.2,3.51,1
219,4.57,75.57,1.0,1.0,0.16,36.58,94.98,3.52,1
220,4.34,76.96,1.0,1.0,0.18,33.09,109.62,3.45,1
221,6.0,67.0,1.0,1.0,0.0,57.99,5.04,4.0,1
222,3.2,83.79,1.0,1.0,0.31,16.03,181.27,3.07,1
223,5.34,70.94,1.0,1.0,0.07,48.15,46.38,3.78,1
224,5.55,69.7,1.0,1.0,0.05,51.25,33.35,3.85,1
225,5.74,68.58,1.0,1.0,0.03,54.05,21.57,3.91,1
226,4.52,75.88,1.0,1.0,0.16,35.81,98.19,3.51,1
227,3.0,84.99,1.0,1.0,0.33,13.03,193.88,3.0,1
228,4.02,78.9,1.0,1.0,0.22,28.24,129.98,3.34,1
229,3.82,80.06,1.0,1.0,0.24,25.35,142.12,3.27,1
230,4.86,73.86,1.0,1.0,0.13,40.85,77.01,3.62,1
231,5.86,67.82,1.0,1.0,0.02,55.94,13.63,3.95,1
232,5.34,70.96,1.0,1.0,0.07,48.11,46.55,3.78,1
233,4.81,74.12,1.0,1.0,0.13,40.21,79.71,3.6,1
234,5.24,71.59,1.0,1.0,0.08,46.53,53.16,3.75,1
235,5.3,71.18,1.0,1.0,0.08,47.54,48.93,3.77,1
236,3.47,82.18,1.0,1.0,0.28,20.06,164.35,3.16,1
237,5.63,69.24,1.0,1.0,0.04,52.39,28.56,3.88,1
238,4.67,74.98,1.0,1.0,0.15,38.04,88.84,3.56,1
239,5.66,69.01,1.0,1.0,0.04,52.97,26.14,3.89,1
240,4.92,73.51,1.0,1.0,0.12,41.73,73.33,3.64,1
241,5.07,72.59,1.0,1.0,0.1,44.01,63.74,3.69,1
242,5.55,69.72,1.0,1.0,0.05,51.21,33.52,3.85,1
243,5.78,68.3,1.0,1.0,0.02,54.74,18.69,3.93,1
244,3.93,79.41,1.0,1.0,0.23,26.97,135.32,3.31,1
245,5.9,67.61,1.0,1.0,0.01,56.48,11.37,3.97,1
246,5.05,72.72,1.0,1.0,0.11,43.71,65.01,3.68,1
247,5.04,72.78,1.0,1.0,0.11,43.54,65.74,3.68,1
248,3.31,83.11,1.0,1.0,0.3,17.72,174.17,3.1,1
249,3.21,83.72,1.0,1.0,0.31,16.2,180.58,3.07,1
250,5.17,71.97,1.0,1.0,0.09,45.58,57.16,3.72,1
251,4.95,73.3,1.0,1.0,0.12,42.24,71.18,3.65,1
252,5.79,68.28,1.0,1.0,0.02,54.79,18.49,3.93,1
253,3.01,84.96,1.0,1.0,0.33,13.11,193.53,3.0,1
254,3.93,79.4,1.0,1.0,0.23,27.01,135.17,3.31,1
255,5.56,69.61,1.0,1.0,0.05,51.47,32.44,3.85,1
256,3.6,81.38,1.0,1.0,0.27,22.06,155.94,3.2,1
257,3.41,82.54,1.0,1.0,0.29,19.14,168.2,3.14,1
258,4.81,74.16,1.0,1.0,0.13,40.1,80.19,3.6,1
259,3.45,82.3,1.0,1.0,0.28,19.75,165.66,3.15,1
260,4.42,76.49,1.0,1.0,0.18,34.28,104.61,3.47,1
261,4.9,73.57,1.0,1.0,0.12,41.57,74.0,3.63,1
262,3.53,81.84,1.0,1.0,0.27,20.9,160.82,3.18,1
263,5.94,67.35,1.0,1.0,0.01,57.12,8.68,3.98,1
264,5.05,72.72,1.0,1.0,0.11,43.69,65.09,3.68,1
265,3.85,79.9,1.0,1.0,0.24,25.76,140.42,3.28,1
266,5.68,68.92,1.0,1.0,0.04,53.21,25.12,3.89,1
267,4.27,77.36,1.0,1.0,0.19,32.11,113.74,3.42,1
268,4.72,74.66,1.0,1.0,0.14,38.85,85.44,3.57,1
269,4.17,78.0,1.0,1.0,0.2,30.49,120.54,3.39,1
270,5.82,68.1,1.0,1.0,0.02,55.25,16.54,3.94,1
271,4.9,73.6,1.0,1.0,0.12,41.51,74.25,3.63,1
272,4.51,75.95,1.0,1.0,0.17,35.61,99.03,3.5,1
273,5.73,68.63,1.0,1.0,0.03,53.92,22.13,3.91,1
274,5.92,67.51,1.0,1.0,0.01,56.74,10.31,3.97,1
275,5.47,70.17,1.0,1.0,0.06,50.07,38.32,3.82,1
276,4.12,78.26,1.0,1.0,0.21,29.86,123.19,3.37,1
277,4.41,76.57,1.0,1.0,0.18,34.08,105.46,3.47,1
278,4.82,74.05,1.0,1.0,0.13,40.36,79.08,3.61,1
279,5.91,67.53,1.0,1.0,0.01,56.67,10.59,3.97,1
280,5.09,72.46,1.0,1.0,0.1,44.35,62.31,3.7,1
281,5.58,69.51,1.0,1.0,0.05,51.74,31.31,3.86,1
282,4.53,75.81,1.0,1.0,0.16,35.97,97.51,3.51,1
283,3.62,81.31,1.0,1.0,0.26,22.23,155.25,3.21,1
284,4.96,73.24,1.0,1.0,0.12,42.39,70.55,3.65,1
285,4.36,76.87,1.0,1.0,0.18,33.33,108.6,3.45,1
286,5.94,67.38,1.0,1.0,0.01,57.04,9.03,3.98,1
287,5.37,70.78,1.0,1.0,0.07,48.55,44.68,3.79,1
288,4.03,78.84,1.0,1.0,0.22,28.41,129.28,3.34,1
289,3.49,82.05,1.0,1.0,0.28,20.37,163.03,3.16,1
290,4.49,76.04,1.0,1.0,0.17,35.41,99.9,3.5,1
291,5.43,70.41,1.0,1.0,0.06,49.48,40.79,3.81,1
292,5.16,72.05,1.0,1.0,0.09,45.36,58.08,3.72,1
293,3.79,80.29,1.0,1.0,0.25,24.79,144.5,3.26,1
294,5.4,70.6,1.0,1.0,0.07,49.01,42.78,3.8,1
295,4.62,75.3,1.0,1.0,0.15,37.24,92.19,3.54,1
296,4.95,73.33,1.0,1.0,0.12,42.18,71.44,3.65,1
297,4.05,78.68,1.0,1.0,0.22,28.8,127.62,3.35,1
298,5.09,72.46,1.0,1.0,0.1,44.36,62.3,3.7,1
299,4.27,77.41,1.0,1.0,0.19,31.98,114.29,3.42,1
300,4.27,77.37,1.0,1.0,0.19,32.07,113.91,3.42,1
301,4.48,76.13,1.0,1.0,0.17,35.18,100.82,3.49,1
302,4.35,76.92,1.0,1.0,0.18,33.19,109.19,3.45,1
303,5.75,68.52,1.0,1.0,0.03,54.2,20.97,3.92,1
304,5.82,68.09,1.0,1.0,0.02,55.27,16.47,3.94,1
305,5.28,71.34,1.0,1.0,0.08,47.16,50.52,3.76,1
306,4.55,75.68,1.0,1.0,0.16,36.3,96.14,3.52,1
307,4.24,77.56,1.0,1.0,0.2,31.59,115.93,3.41,1
308,4.28,77.3,1.0,1.0,0.19,32.25,113.17,3.43,1
309,5.05,72.71,1.0,1.0,0.11,43.72,64.98,3.68,1
310,5.02,72.88,1.0,1.0,0.11,43.31,66.69,3.67,1
311,4.21,77.73,1.0,1.0,0.2,31.17,117.68,3.4,1
312,4.41,76.55,1.0,1.0,0.18,34.13,105.27,3.47,1
313,4.38,76.72,1.0,1.0,0.18,33.69,107.08,3.46,1
314,5.4,70.59,1.0,1.0,0.07,49.01,42.74,3.8,1
315,4.07,78.61,1.0,1.0,0.21,28.98,126.9,3.36,1
316,3.99,79.06,1.0,1.0,0.22,27.86,131.6,3.33,1
317,5.18,71.89,1.0,1.0,0.09,45.77,56.36,3.73,1
318,5.17,71.98,1.0,1.0,0.09,45.54,57.32,3.72,1
319,4.43,76.42,1.0,1.0,0.17,34.46,103.87,3.48,1
320,5.75,68.48,1.0,1.0,0.03,54.29,20.57,3.92,1
321,3.92,79.45,1.0,1.0,0.23,26.87,135.74,3.31,1
322,4.41,76.56,1.0,1.0,0.18,34.1,105.4,3.47,1
323,3.92,79.48,1.0,1.0,0.23,26.8,136.02,3.31,1
324,5.18,71.91,1.0,1.0,0.09,45.74,56.51,3.73,1
325,4.64,75.14,1.0,1.0,0.15,37.66,90.44,3.55,1
326,3.73,80.63,1.0,1.0,0.25,23.94,148.06,3.24,1
327,3.92,79.48,1.0,1.0,0.23,26.8,136.04,3.31,1
328,5.76,68.45,1.0,1.0,0.03,54.37,20.25,3.92,1
329,5.21,71.74,1.0,1.0,0.09,46.16,54.72,3.74,1
330,5.56,69.64,1.0,1.0,0.05,51.41,32.69,3.85,1
331,5.25,71.48,1.0,1.0,0.08,46.8,52.04,3.75,1
332,5.92,67.45,1.0,1.0,0.01,56.87,9.74,3.97,1
333,5.57,69.57,1.0,1.0,0.05,51.58,31.95,3.86,1
334,4.46,76.25,1.0,1.0,0.17,34.88,102.09,3.49,1
335,4.48,76.13,1.0,1.0,0.17,35.17,100.87,3.49,1
336,4.17,77.99,1.0,1.0,0.2,30.53,120.36,3.39,1
337,5.56,69.63,1.0,1.0,0.05,51.42,32.65,3.85,1
338,3.35,82.88,1.0,1.0,0.29,18.29,171.77,3.12,1
339,3.71,80.72,1.0,1.0,0.25,23.71,149.02,3.24,1
340,5.52,69.88,1.0,1.0,0.05,50.8,35.25,3.84,1
341,4.04,78.75,1.0,1.0,0.22,28.62,128.42,3.35,1
342,5.06,72.64,1.0,1.0,0.1,43.91,64.19,3.69,1
343,4.96,73.25,1.0,1.0,0.12,42.38,70.6,3.65,1
344,5.84,67.97,1.0,1.0,0.02,55.57,15.19,3.95,1
345,4.52,75.86,1.0,1.0,0.16,35.85,98.02,3.51,1
346,4.26,77.44,1.0,1.0,0.19,31.91,114.59,3.42,1
347,3.69,80.86,1.0,1.0,0.26,23.34,150.57,3.23,1
348,5.3,71.19,1.0,1.0,0.08,47.52,49.02,3.77,1
349,5.96,67.26,1.0,1.0,0.0,57.36,7.69,3.99,1
350,4.92,73.5,1.0,1.0,0.12,41.76,73.2,3.64,1
351,3.34,82.98,1.0,1.0,0.3,18.04,172.82,3.11,1
352,5.67,68.98,1.0,1.0,0.04,53.05,25.78,3.89,1
353,3.4,82.62,1.0,1.0,0.29,18.95,169.01,3.13,1
354,4.37,76.76,1.0,1.0,0.18,33.6,107.5,3.46,1
355,5.65,69.11,1.0,1.0,0.04,52.73,27.13,3.88,1
356,4.37,76.81,1.0,1.0,0.18,33.48,107.97,3.46,1
357,5.31,71.12,1.0,1.0,0.08,47.69,48.29,3.77,1
358,4.06,78.67,1.0,1.0,0.22,28.83,127.5,3.35,1
359,5.45,70.3,1.0,1.0,0.06,49.74,39.68,3.82,1
360,5.0,73.03,1.0,1.0,0.11,42.93,68.28,3.67,1
361,3.16,84.06,1.0,1.0,0.32,15.34,184.17,3.05,1
362,4.89,73.67,1.0,1.0,0.12,41.34,74.99,3.63,1
363,5.19,71.86,1.0,1.0,0.09,45.84,56.06,3.73,1
364,3.09,84.45,1.0,1.0,0.32,14.38,188.2,3.03,1
365,5.95,67.32,1.0,1.0,0.01,57.2,8.37,3.98,1
366,5.33,71.02,1.0,1.0,0.07,47.94,47.26,3.78,1
367,3.23,83.64,1.0,1.0,0.31,16.39,179.75,3.08,1
368,4.49,76.09,1.0,1.0,0.17,35.28,100.43,3.5,1
369,3.93,79.45,1.0,1.0,0.23,26.88,135.69,3.31,1
370,5.24,71.55,1.0,1.0,0.08,46.61,52.82,3.75,1
371,4.76,74.43,1.0,1.0,0.14,39.44,82.96,3.59,1
372,3.91,79.54,1.0,1.0,0.23,26.66,136.64,3.3,1
373,4.79,74.27,1.0,1.0,0.13,39.82,81.35,3.6,1
374,3.43,82.44,1.0,1.0,0.29,19.39,167.16,3.14,1
375,4.49,76.03,1.0,1.0,0.17,35.41,99.86,3.5,1
376,4.82,74.1,1.0,1.0,0.13,40.26,79.52,3.61,1
377,4.21,77.76,1.0,1.0,0.2,31.1,117.98,3.4,1
378,4.63,75.25,1.0,1.0,0.15,37.39,91.58,3.54,1
379,4.74,74.53,1.0,1.0,0.14,39.17,84.1,3.58,1
380,3.78,80.29,1.0,1.0,0.25,24.77,144.56,3.26,1
381,3.73,80.62,1.0,1.0,0.25,23.95,148.02,3.24,1
382,5.03,72.79,1.0,1.0,0.11,43.51,65.84,3.68,1
383,4.05,78.71,1.0,1.0,0.22,28.72,127.97,3.35,1
384,3.48,82.11,1.0,1.0,0.28,20.23,163.63,3.16,1
385,5.1,72.39,1.0,1.0,0.1,44.52,61.63,3.7,1
386,3.41,82.55,1.0,1.0,0.29,19.12,168.31,3.14,1
387,5.68,68.91,1.0,1.0,0.04,53.23,25.03,3.89,1
388,3.53,81.83,1.0,1.0,0.27,20.93,160.71,3.18,1
389,4.02,78.87,1.0,1.0,0.22,28.33,129.61,3.34,1
390,4.95,73.28,1.0,1.0,0.12,42.29,70.97,3.65,1
391,3.68,80.9,1.0,1.0,0.26,23.24,150.98,3.23,1
392,5.73,68.61,1.0,1.0,0.03,53.98,21.89,3.91,1
393,3.31,83.15,1.0,1.0,0.3,17.62,174.6,3.1,1
394,3.08,84.5,1.0,1.0,0.32,14.25,188.74,3.03,1
395,5.57,69.59,1.0,1.0,0.05,51.53,32.19,3.86,1
396,3.12,84.31,1.0,1.0,0.32,14.74,186.7,3.04,1
397,3.75,80.48,1.0,1.0,0.25,24.3,146.55,3.25,1
398,3.97,79.21,1.0,1.0,0.23,27.48,133.19,3.32,1
399,5.36,70.86,1.0,1.0,0.07,48.36,45.49,3.79,1
400,5.62,69.29,1.0,1.0,0.04,52.28,29.02,3.87,1
401,5.57,69.59,1.0,1.0,0.05,51.53,32.17,3.86,1
402,4.34,76.98,1.0,1.0,0.18,33.04,109.84,3.45,1
403,4.82,74.1,1.0,1.0,0.13,40.25,79.55,3.61,1
404,4.79,74.28,1.0,1.0,0.13,39.8,81.44,3.6,1
405,5.11,72.34,1.0,1.0,0.1,44.65,61.07,3.7,1
406,3.41,82.55,1.0,1.0,0.29,19.12,168.32,3.14,1
407,3.96,79.24,1.0,1.0,0.23,27.41,133.5,3.32,1
408,4.31,77.16,1.0,1.0,0.19,32.6,111.68,3.44,1
409,5.82,68.11,1.0,1.0,0.02,55.23,16.63,3.94,1
410,3.39,82.64,1.0,1.0,0.29,18.89,169.27,3.13,1
411,4.78,74.35,1.0,1.0,0.14,39.63,82.14,3.59,1
412,4.86,73.84,1.0,1.0,0.13,40.9,76.83,3.62,1
413,5.96,67.21,1.0,1.0,0.0,57.46,7.26,3.99,1
414,4.97,73.2,1.0,1.0,0.11,42.5,70.11,3.66,1
415,4.28,77.34,1.0,1.0,0.19,32.15,113.58,3.43,1
416,3.07,84.57,1.0,1.0,0.33,14.07,189.49,3.02,1
417,6.0,67.01,1.0,1.0,0.0,57.97,5.14,4.0,1
418,4.23,77.63,1.0,1.0,0.2,31.42,116.64,3.41,1
419,4.93,73.4,1.0,1.0,0.12,42.0,72.2,3.64,1
420,3.27,83.37,1.0,1.0,0.3,17.07,176.89,3.09,1
421,4.28,77.3,1.0,1.0,0.19,32.25,113.15,3.43,1
422,4.74,74.59,1.0,1.0,0.14,39.03,84.67,3.58,1
423,3.0,84.98,1.0,1.0,0.33,13.05,193.79,3.0,1
424,5.87,67.78,1.0,1.0,0.01,56.06,13.16,3.96,1
425,3.06,84.64,1.0,1.0,0.33,13.9,190.23,3.02,1
426,4.89,73.67,1.0,1.0,0.12,41.33,75.0,3.63,1
427,3.0,84.97,1.0,1.0,0.33,13.07,193.72,3.0,1
428,4.63,75.23,1.0,1.0,0.15,37.43,91.4,3.54,1
429,5.61,69.34,1.0,1.0,0.04,52.14,29.59,3.87,1
430,3.69,80.86,1.0,1.0,0.26,23.35,150.51,3.23,1
431,5.98,67.12,1.0,1.0,0.0,57.71,6.23,3.99,1
432,4.25,77.48,1.0,1.0,0.19,31.79,115.08,3.42,1
433,5.03,72.84,1.0,1.0,0.11,43.39,66.35,3.68,1
434,4.1,78.39,1.0,1.0,0.21,29.52,124.62,3.37,1
435,3.44,82.37,1.0,1.0,0.28,19.57,166.4,3.15,1
436,5.2,71.78,1.0,1.0,0.09,46.06,55.14,3.73,1
437,5.7,68.79,1.0,1.0,0.03,53.54,23.75,3.9,1
438,3.84,79.96,1.0,1.0,0.24,25.59,141.12,3.28,1
439,4.52,75.9,1.0,1.0,0.16,35.75,98.46,3.51,1
440,5.71,68.75,1.0,1.0,0.03,53.63,23.37,3.9,1
441,4.48,76.1,1.0,1.0,0.17,35.25,100.56,3.49,1
442,4.01,78.94,1.0,1.0,0.22,28.14,130.4,3.34,1
443,3.7,80.77,1.0,1.0,0.26,23.56,149.63,3.23,1
444,3.82,80.08,1.0,1.0,0.24,25.29,142.38,3.27,1
445,3.46,82.25,1.0,1.0,0.28,19.88,165.11,3.15,1
446,4.48,76.13,1.0,1.0,0.17,35.18,100.84,3.49,1
447,3.89,79.66,1.0,1.0,0.23,26.34,137.96,3.3,1
448,3.27,83.39,1.0,1.0,0.3,17.03,177.07,3.09,1
449,4.82,74.07,1.0,1.0,0.13,40.32,79.26,3.61,1
450,5.08,72.55,1.0,1.0,0.1,44.14,63.22,3.69,1
451,4.41,76.56,1.0,1.0,0.18,34.11,105.35,3.47,1
452,4.15,78.12,1.0,1.0,0.21,30.2,121.76,3.38,1
453,5.84,67.98,1.0,1.0,0.02,55.56,15.26,3.95,1
454,4.36,76.83,1.0,1.0,0.18,33.43,108.2,3.45,1
455,5.75,68.47,1.0,1.0,0.03,54.32,20.48,3.92,1
456,3.9,79.62,1.0,1.0,0.23,26.46,137.47,3.3,1
457,5.57,69.6,1.0,1.0,0.05,51.5,32.29,3.86,1
458,5.48,70.11,1.0,1.0,0.06,50.22,37.66,3.83,1
459,5.29,71.26,1.0,1.0,0.08,47.35,49.72,3.76,1
460,3.7,80.8,1.0,1.0,0.26,23.51,149.85,3.23,1
461,3.24,83.56,1.0,1.0,0.31,16.6,178.86,3.08,1
462,5.33,71.0,1.0,1.0,0.07,48.01,46.97,3.78,1
463,4.03,78.8,1.0,1.0,0.22,28.51,128.85,3.34,1
464,4.25,77.5,1.0,1.0,0.19,31.76,115.21,3.42,1
465,4.93,73.44,1.0,1.0,0.12,41.89,72.64,3.64,1
466,3.92,79.5,1.0,1.0,0.23,26.74,136.3,3.31,1
467,5.48,70.11,1.0,1.0,0.06,50.22,37.67,3.83,1
468,5.35,70.91,1.0,1.0,0.07,48.23,46.05,3.78,1
469,3.67,80.95,1.0,1.0,0.26,23.11,151.52,3.22,1
470,5.45,70.28,1.0,1.0,0.06,49.79,39.47,3.82,1
471,5.99,67.04,1.0,1.0,0.0,57.89,5.46,4.0,1
472,4.84,73.98,1.0,1.0,0.13,40.55,78.27,3.61,1
473,5.46,70.21,1.0,1.0,0.06,49.96,38.75,3.82,1
474,4.83,73.99,1.0,1.0,0.13,40.51,78.44,3.61,1
475,4.04,78.77,1.0,1.0,0.22,28.58,128.55,3.35,1
476,3.43,82.42,1.0,1.0,0.29,19.44,166.96,3.14,1
477,4.29,77.27,1.0,1.0,0.19,32.32,112.87,3.43,1
478,5.91,67.51,1.0,1.0,0.01,56.72,10.36,3.97,1
479,4.93,73.4,1.0,1.0,0.12,41.99,72.24,3.64,1
480,4.64,75.13,1.0,1.0,0.15,37.67,90.37,3.55,1
481,4.61,75.36,1.0,1.0,0.15,37.09,92.82,3.54,1
482,5.11,72.32,1.0,1.0,0.1,44.71,60.82,3.7,1
483,5.26,71.43,1.0,1.0,0.08,46.93,51.51,3.75,1
484,5.77,68.37,1.0,1.0,0.03,54.56,19.43,3.92,1
485,4.98,73.13,1.0,1.0,0.11,42.68,69.34,3.66,1
486,4.55,75.68,1.0,1.0,0.16,36.29,96.17,3.52,1
487,3.31,83.11,1.0,1.0,0.3,17.72,174.16,3.1,1
488,3.19,83.88,1.0,1.0,0.31,15.79,182.28,3.06,1
489,4.96,73.27,1.0,1.0,0.12,42.33,70.83,3.65,1
490,5.99,67.05,1.0,1.0,0.0,57.88,5.49,4.0,1
491,4.44,76.34,1.0,1.0,0.17,34.64,103.12,3.48,1
492,3.81,80.16,1.0,1.0,0.24,25.09,143.21,3.27,1
493,4.49,76.07,1.0,1.0,0.17,35.32,100.26,3.5,1
494,3.46,82.25,1.0,1.0,0.28,19.89,165.07,3.15,1
495,3.92,79.45,1.0,1.0,0.23,26.87,135.74,3.31,1
496,4.95,73.32,1.0,1.0,0.12,42.21,71.32,3.65,1
497,4.02,78.86,1.0,1.0,0.22,28.34,129.57,3.34,1
498,3.34,82.94,1.0,1.0,0.3,18.15,172.39,3.11,1
499,4.91,73.55,1.0,1.0,0.12,41.64,73.73,3.64,1
500,5.61,69.36,1.0,1.0,0.04,52.11,29.74,3.87,1
501,4.38,76.75,1.0,1.0,0.18,33.64,107.32,3.46,1
502,5.06,72.62,1.0,1.0,0.1,43.96,63.97,3.69,1
503,4.67,74.99,1.0,1.0,0.15,38.02,88.92,3.56,1
504,4.61,75.34,1.0,1.0,0.15,37.15,92.55,3.54,1
505,5.82,68.1,1.0,1.0,0.02,55.26,16.51,3.94,1
506,4.86,73.87,1.0,1.0,0.13,40.83,77.13,3.62,1
507,3.49,82.06,1.0,1.0,0.28,20.35,163.12,3.16,1
508,4.16,78.04,1.0,1.0,0.2,30.39,120.96,3.39,1
509,4.23,77.64,1.0,1.0,0.2,31.39,116.75,3.41,1
510,3.11,84.36,1.0,1.0,0.32,14.6,187.28,3.04,1
511,4.56,75.65,1.0,1.0,0.16,36.37,95.85,3.52,1
512,4.47,76.2,1.0,1.0,0.17,34.99,101.63,3.49,1
513,3.11,84.35,1.0,1.0,0.32,14.63,187.16,3.04,1
514,3.35,82.9,1.0,1.0,0.29,18.25,171.96,3.12,1
515,4.11,78.37,1.0,1.0,0.21,29.59,124.34,3.37,1
516,3.58,81.51,1.0,1.0,0.27,21.73,157.35,3.19,1
517,4.2,77.79,1.0,1.0,0.2,31.02,118.34,3.4,1
518,5.42,70.48,1.0,1.0,0.06,49.29,41.58,3.81,1
519,4.18,77.95,1.0,1.0,0.2,30.63,119.94,3.39,1
520,3.08,84.53,1.0,1.0,0.32,14.18,189.06,3.03,1
521,5.03,72.83,1.0,1.0,0.11,43.43,66.18,3.68,1
522,4.73,74.65,1.0,1.0,0.14,38.89,85.27,3.58,1
523,5.18,71.93,1.0,1.0,0.09,45.68,56.76,3.73,1
524,3.23,83.64,1.0,1.0,0.31,16.39,179.74,3.08,1
525,4.28,77.32,1.0,1.0,0.19,32.21,113.33,3.43,1
526,3.01,84.94,1.0,1.0,0.33,13.15,193.36,3.0,1
527,5.45,70.3,1.0,1.0,0.06,49.74,39.68,3.82,1
528,3.27,83.39,1.0,1.0,0.3,17.02,177.12,3.09,1
529,5.15,72.08,1.0,1.0,0.09,45.29,58.37,3.72,1
530,4.94,73.37,1.0,1.0,0.12,42.07,71.89,3.65,1
531,3.9,79.59,1.0,1.0,0.23,26.52,137.2,3.3,1
532,5.45,70.33,1.0,1.0,0.06,49.68,39.93,3.82,1
533,3.03,84.79,1.0,1.0,0.33,13.52,191.81,3.01,1
534,5.97,67.21,1.0,1.0,0.0,57.48,7.19,3.99,1
535,5.48,70.14,1.0,1.0,0.06,50.16,37.94,3.83,1
536,3.9,79.59,1.0,1.0,0.23,26.53,137.15,3.3,1
537,4.49,76.06,1.0,1.0,0.17,35.34,100.17,3.5,1
538,3.33,83.0,1.0,1.0,0.3,18.0,173.0,3.11,1
539,4.38,76.75,1.0,1.0,0.18,33.63,107.36,3.46,1
540,4.42,76.48,1.0,1.0,0.18,34.29,104.58,3.47,1
541,3.36,82.83,1.0,1.0,0.29,18.42,171.25,3.12,1
542,5.84,67.94,1.0,1.0,0.02,55.64,14.92,3.95,1
543,5.76,68.43,1.0,1.0,0.03,54.43,19.99,3.92,1
544,5.06,72.62,1.0,1.0,0.1,43.94,64.06,3.69,1
545,3.14,84.15,1.0,1.0,0.32,15.11,185.13,3.05,1
546,4.91,73.55,1.0,1.0,0.12,41.63,73.76,3.64,1
547,5.16,72.03,1.0,1.0,0.09,45.42,57.83,3.72,1
548,4.32,77.05,1.0,1.0,0.19,32.87,110.53,3.44,1
549,5.55,69.68,1.0,1.0,0.05,51.3,33.13,3.85,1
550,5.83,68.0,1.0,1.0,0.02,55.5,15.49,3.94,1
551,3.87,79.76,1.0,1.0,0.24,26.11,138.96,3.29,1
552,5.85,67.89,1.0,1.0,0.02,55.76,14.39,3.95,1
553,3.56,81.65,1.0,1.0,0.27,21.39,158.78,3.19,1
554,5.71,68.77,1.0,1.0,0.03,53.58,23.58,3.9,1
555,3.05,84.7,1.0,1.0,0.33,13.76,190.8,3.02,1
556,5.94,67.37,1.0,1.0,0.01,57.07,8.9,3.98,1
557,3.06,84.63,1.0,1.0,0.33,13.93,190.1,3.02,1
558,5.1,72.43,1.0,1.0,0.1,44.43,61.99,3.7,1
559,4.52,75.9,1.0,1.0,0.16,35.76,98.4,3.51,1
560,3.99,79.06,1.0,1.0,0.22,27.85,131.62,3.33,1
561,3.37,82.78,1.0,1.0,0.29,18.55,170.67,3.12,1
562,5.38,70.73,1.0,1.0,0.07,48.67,44.2,3.79,1
563,3.63,81.2,1.0,1.0,0.26,22.5,154.12,3.21,1
564,5.03,72.81,1.0,1.0,0.11,43.47,66.03,3.68,1
565,5.21,71.71,1.0,1.0,0.09,46.21,54.5,3.74,1
566,5.78,68.31,1.0,1.0,0.02,54.72,18.76,3.93,1
567,4.24,77.56,1.0,1.0,0.2,31.6,115.87,3.41,1
568,5.48,70.09,1.0,1.0,0.06,50.27,37.48,3.83,1
569,4.75,74.49,1.0,1.0,0.14,39.28,83.63,3.58,1
570,3.01,84.93,1.0,1.0,0.33,13.18,193.25,3.0,1
571,3.24,83.55,1.0,1.0,0.31,16.62,178.78,3.08,1
572,3.48,82.15,1.0,1.0,0.28,20.13,164.05,3.16,1
573,4.91,73.52,1.0,1.0,0.12,41.71,73.42,3.64,1
574,4.02,78.85,1.0,1.0,0.22,28.37,129.46,3.34,1
575,5.04,72.78,1.0,1.0,0.11,43.54,65.74,3.68,1
576,5.18,71.93,1.0,1.0,0.09,45.67,56.79,3.73,1
577,4.78,74.34,1.0,1.0,0.14,39.65,82.05,3.59,1
578,4.21,77.74,1.0,1.0,0.2,31.14,117.79,3.4,1
579,4.64,75.18,1.0,1.0,0.15,37.54,90.92,3.55,1
580,4.86,73.82,1.0,1.0,0.13,40.95,76.61,3.62,1
581,3.43,82.41,1.0,1.0,0.29,19.48,166.79,3.14,1
582,5.93,67.41,1.0,1.0,0.01,56.97,9.33,3.98,1
583,5.6,69.42,1.0,1.0,0.04,51.95,30.42,3.87,1
584,5.68,68.9,1.0,1.0,0.04,53.26,24.92,3.89,1
585,3.57,81.57,1.0,1.0,0.27,21.58,157.98,3.19,1
586,4.85,73.93,1.0,1.0,0.13,40.68,77.75,3.62,1
587,3.67,81.0,1.0,1.0,0.26,23.0,152.0,3.22,1
588,3.91,79.52,1.0,1.0,0.23,26.69,136.48,3.3,1
589,3.11,84.32,1.0,1.0,0.32,14.69,186.88,3.04,1
590,4.69,74.88,1.0,1.0,0.15,38.3,87.73,3.56,1
591,5.02,72.9,1.0,1.0,0.11,43.26,66.92,3.67,1
592,4.58,75.5,1.0,1.0,0.16,36.75,94.25,3.53,1
593,4.18,77.92,1.0,1.0,0.2,30.71,119.62,3.39,1
594,3.45,82.3,1.0,1.0,0.28,19.75,165.63,3.15,1
595,4.99,73.07,1.0,1.0,0.11,42.82,68.75,3.66,1
596,4.12,78.28,1.0,1.0,0.21,29.81,123.42,3.37,1
597,3.23,83.6,1.0,1.0,0.31,16.5,179.32,3.08,1
598,5.34,70.97,1.0,1.0,0.07,48.09,46.64,3.78,1
599,4.23,77.59,1.0,1.0,0.2,31.52,116.2,3.41,1
600,3.62,81.28,1.0,1.0,0.26,22.3,154.96,3.21,1
601,4.99,73.05,1.0,1.0,0.11,42.86,68.57,3.66,1
602,5.54,69.76,1.0,1.0,0.05,51.09,34.02,3.85,1
603,3.53,81.82,1.0,1.0,0.27,20.95,160.62,3.18,1
604,3.39,82.69,1.0,1.0,0.29,18.79,169.7,3.13,1
605,4.61,75.34,1.0,1.0,0.15,37.15,92.57,3.54,1
606,4.81,74.15,1.0,1.0,0.13,40.13,80.07,3.6,1
607,4.09,78.48,1.0,1.0,0.21,29.3,125.56,3.36,1
608,4.18,77.94,1.0,1.0,0.2,30.65,119.88,3.39,1
609,3.88,79.74,1.0,1.0,0.24,26.15,138.78,3.29,1
610,3.88,79.72,1.0,1.0,0.24,26.2,138.58,3.29,1
611,5.44,70.39,1.0,1.0,0.06,49.53,40.57,3.81,1
612,4.75,74.51,1.0,1.0,0.14,39.22,83.86,3.58,1
613,4.86,73.86,1.0,1.0,0.13,40.84,77.07,3.62,1
614,5.83,68.02,1.0,1.0,0.02,55.45,15.72,3.94,1
615,3.58,81.52,1.0,1.0,0.27,21.7,157.45,3.19,1
616,3.21,83.72,1.0,1.0,0.31,16.21,180.52,3.07,1
617,5.63,69.22,1.0,1.0,0.04,52.44,28.34,3.88,1
618,3.03,84.84,1.0,1.0,0.33,13.39,192.35,3.01,1
619,3.62,81.28,1.0,1.0,0.26,22.3,154.95,3.21,1
620,4.71,74.75,1.0,1.0,0.14,38.61,86.42,3.57,1
621,4.75,74.48,1.0,1.0,0.14,39.29,83.59,3.58,1
622,3.55,81.73,1.0,1.0,0.27,21.18,159.64,3.18,1
623,5.48,70.1,1.0,1.0,0.06,50.25,37.54,3.83,1
624,3.01,84.93,1.0,1.0,0.33,13.17,193.28,3.0,1
625,4.58,75.52,1.0,1.0,0.16,36.71,94.41,3.53,1
626,3.98,79.09,1.0,1.0,0.22,27.77,131.95,3.33,1
627,5.36,70.82,1.0,1.0,0.07,48.44,45.13,3.79,1
628,5.9,67.6,1.0,1.0,0.01,56.5,11.32,3.97,1
629,3.17,83.99,1.0,1.0,0.31,15.53,183.38,3.06,1
630,3.28,83.34,1.0,1.0,0.3,17.14,176.61,3.09,1
631,3.58,81.53,1.0,1.0,0.27,21.68,157.53,3.19,1
632,4.27,77.38,1.0,1.0,0.19,32.05,113.98,3.42,1
633,3.54,81.79,1.0,1.0,0.27,21.03,160.29,3.18,1
634,4.9,73.58,1.0,1.0,0.12,41.54,74.14,3.63,1
635,5.62,69.3,1.0,1.0,0.04,52.24,29.2,3.87,1
636,4.99,73.04,1.0,1.0,0.11,42.91,68.39,3.66,1
637,4.46,76.24,1.0,1.0,0.17,34.89,102.05,3.49,1
638,3.93,79.45,1.0,1.0,0.23,26.89,135.68,3.31,1
639,3.09,84.45,1.0,1.0,0.32,14.37,188.24,3.03,1
640,4.52,75.88,1.0,1.0,0.16,35.81,98.21,3.51,1
641,5.23,71.6,1.0,1.0,0.09,46.49,53.35,3.74,1
642,5.15,72.11,1.0,1.0,0.09,45.22,58.67,3.72,1
643,3.29,83.27,1.0,1.0,0.3,17.33,175.82,3.1,1
644,3.13,84.25,1.0,1.0,0.32,14.88,186.12,3.04,1
645,4.17,77.98,1.0,1.0,0.2,30.56,120.24,3.39,1
646,4.67,74.96,1.0,1.0,0.15,38.11,88.53,3.56,1
647,5.57,69.56,1.0,1.0,0.05,51.61,31.83,3.86,1
648,5.4,70.6,1.0,1.0,0.07,49.01,42.75,3.8,1
649,5.19,71.87,1.0,1.0,0.09,45.82,56.15,3.73,1
650,3.04,84.76,1.0,1.0,0.33,13.61,191.44,3.01,1
651,3.59,81.46,1.0,1.0,0.27,21.85,156.83,3.2,1
652,3.66,81.07,1.0,1.0,0.26,22.83,152.72,3.22,1
653,4.66,75.02,1.0,1.0,0.15,37.95,89.19,3.55,1
654,4.25,77.52,1.0,1.0,0.19,31.71,115.43,3.42,1
655,4.96,73.22,1.0,1.0,0.12,42.44,70.34,3.65,1
656,5.72,68.68,1.0,1.0,0.03,53.79,22.68,3.91,1
657,5.69,68.88,1.0,1.0,0.03,53.31,24.7,3.9,1
658,5.04,72.78,1.0,1.0,0.11,43.55,65.68,3.68,1
659,5.52,69.89,1.0,1.0,0.05,50.78,35.32,3.84,1
660,5.83,68.03,1.0,1.0,0.02,55.43,15.81,3.94,1
661,5.88,67.71,1.0,1.0,0.01,56.23,12.44,3.96,1
662,5.57,69.55,1.0,1.0,0.05,51.62,31.79,3.86,1
663,3.53,81.83,1.0,1.0,0.27,20.91,160.76,3.18,1
664,5.78,68.33,1.0,1.0,0.02,54.67,18.98,3.93,1
665,5.09,72.48,1.0,1.0,0.1,44.29,62.58,3.7,1
666,3.6,81.41,1.0,1.0,0.27,21.98,156.3,3.2,1
667,5.89,67.67,1.0,1.0,0.01,56.32,12.04,3.96,1
668,5.24,71.53,1.0,1.0,0.08,46.67,52.59,3.75,1
669,3.99,79.07,1.0,1.0,0.22,27.84,131.69,3.33,1
670,3.46,82.24,1.0,1.0,0.28,19.89,165.05,3.15,1
671,5.13,72.2,1.0,1.0,0.1,44.99,59.64,3.71,1
672,3.27,83.37,1.0,1.0,0.3,17.06,176.93,3.09,1
673,3.88,79.73,1.0,1.0,0.24,26.17,138.69,3.29,1
674,4.13,78.24,1.0,1.0,0.21,29.91,122.98,3.38,1
675,4.95,73.28,1.0,1.0,0.12,42.31,70.89,3.65,1
676,3.46,82.24,1.0,1.0,0.28,19.89,165.05,3.15,1
677,4.04,78.75,1.0,1.0,0.22,28.63,128.36,3.35,1
678,4.01,78.95,1.0,1.0,0.22,28.12,130.49,3.34,1
679,5.96,67.22,1.0,1.0,0.0,57.44,7.34,3.99,1
680,5.5,69.98,1.0,1.0,0.06,50.54,36.33,3.83,1
681,5.06,72.63,1.0,1.0,0.1,43.93,64.1,3.69,1
682,4.98,73.1,1.0,1.0,0.11,42.76,69.01,3.66,1
683,5.57,69.58,1.0,1.0,0.05,51.54,32.11,3.86,1
684,3.24,83.58,1.0,1.0,0.31,16.54,179.14,3.08,1
685,4.66,75.03,1.0,1.0,0.15,37.93,89.28,3.55,1
686,3.25,83.49,1.0,1.0,0.31,16.78,178.11,3.08,1
687,3.55,81.71,1.0,1.0,0.27,21.22,159.49,3.18,1
688,3.27,83.36,1.0,1.0,0.3,17.11,176.75,3.09,1
689,3.97,79.19,1.0,1.0,0.23,27.52,133.01,3.32,1
690,4.78,74.32,1.0,1.0,0.14,39.7,81.87,3.59,1
691,3.95,79.3,1.0,1.0,0.23,27.25,134.16,3.32,1
692,4.53,75.82,1.0,1.0,0.16,35.96,97.57,3.51,1
693,5.1,72.37,1.0,1.0,0.1,44.57,61.4,3.7,1
694,4.69,74.83,1.0,1.0,0.15,38.42,87.22,3.56,1
695,5.55,69.72,1.0,1.0,0.05,51.2,33.57,3.85,1
696,4.33,77.04,1.0,1.0,0.19,32.91,110.38,3.44,1
697,4.44,76.35,1.0,1.0,0.17,34.63,103.15,3.48,1
698,3.62,81.29,1.0,1.0,0.26,22.27,155.06,3.21,1
699,5.6,69.37,1.0,1.0,0.04,52.07,29.93,3.87,1
700,5.92,67.48,1.0,1.0,0.01,56.8,10.02,3.97,1
701,3.45,82.33,1.0,1.0,0.28,19.69,165.91,3.15,1
702,5.56,69.63,1.0,1.0,0.05,51.42,32.62,3.85,1
703,5.02,72.86,1.0,1.0,0.11,43.34,66.56,3.67,1
704,3.26,83.43,1.0,1.0,0.3,16.94,177.47,3.09,1
705,4.0,79.01,1.0,1.0,0.22,27.99,131.06,3.33,1
706,4.5,76.01,1.0,1.0,0.17,35.47,99.62,3.5,1
707,5.77,68.35,1.0,1.0,0.03,54.62,19.2,3.92,1
708,4.9,73.58,1.0,1.0,0.12,41.56,74.06,3.63,1
709,5.49,70.07,1.0,1.0,0.06,50.33,37.22,3.83,1
710,3.07,84.57,1.0,1.0,0.33,14.08,189.46,3.02,1
711,3.97,79.16,1.0,1.0,0.23,27.6,132.66,3.32,1
712,5.13,72.23,1.0,1.0,0.1,44.93,59.9,3.71,1
713,5.37,70.76,1.0,1.0,0.07,48.59,44.53,3.79,1
714,4.79,74.26,1.0,1.0,0.13,39.86,81.19,3.6,1
715,3.55,81.72,1.0,1.0,0.27,21.2,159.57,3.18,1
716,4.23,77.61,1.0,1.0,0.2,31.47,116.41,3.41,1
717,3.32,83.11,1.0,1.0,0.3,17.73,174.15,3.11,1
718,3.81,80.12,1.0,1.0,0.24,25.21,142.74,3.27,1
719,4.51,75.93,1.0,1.0,0.17,35.66,98.82,3.5,1
720,4.84,73.99,1.0,1.0,0.13,40.53,78.38,3.61,1
721,3.93,79.4,1.0,1.0,0.23,26.99,135.25,3.31,1
722,3.17,83.95,1.0,1.0,0.31,15.62,182.99,3.06,1
723,3.41,82.51,1.0,1.0,0.29,19.22,167.87,3.14,1
724,5.78,68.32,1.0,1.0,0.02,54.7,18.84,3.93,1
725,5.57,69.56,1.0,1.0,0.05,51.6,31.88,3.86,1
726,3.6,81.38,1.0,1.0,0.27,22.06,155.96,3.2,1
727,3.72,80.68,1.0,1.0,0.25,23.81,148.6,3.24,1
728,5.01,72.94,1.0,1.0,0.11,43.16,67.33,3.67,1
729,5.39,70.68,1.0,1.0,0.07,48.81,43.61,3.8,1
730,5.0,72.98,1.0,1.0,0.11,43.05,67.79,3.67,1
731,5.89,67.66,1.0,1.0,0.01,56.35,11.95,3.96,1
732,5.35,70.93,1.0,1.0,0.07,48.18,46.25,3.78,1
733,5.13,72.2,1.0,1.0,0.1,44.99,59.64,3.71,1
734,4.92,73.45,1.0,1.0,0.12,41.87,72.76,3.64,1
735,5.01,72.96,1.0,1.0,0.11,43.11,67.55,3.67,1
736,4.17,78.01,1.0,1.0,0.2,30.48,120.57,3.39,1
737,5.92,67.49,1.0,1.0,0.01,56.79,10.09,3.97,1
738,3.77,80.37,1.0,1.0,0.25,24.57,145.4,3.26,1
739,4.44,76.36,1.0,1.0,0.17,34.59,103.32,3.48,1
740,4.65,75.12,1.0,1.0,0.15,37.71,90.23,3.55,1
741,3.54,81.74,1.0,1.0,0.27,21.15,159.76,3.18,1
742,4.1,78.37,1.0,1.0,0.21,29.57,124.39,3.37,1
743,3.84,79.94,1.0,1.0,0.24,25.64,140.9,3.28,1
744,5.46,70.24,1.0,1.0,0.06,49.9,39.0,3.82,1
745,3.22,83.65,1.0,1.0,0.31,16.36,179.88,3.07,1
746,3.02,84.88,1.0,1.0,0.33,13.31,192.72,3.01,1
747,5.68,68.91,1.0,1.0,0.04,53.21,25.1,3.89,1
748,5.56,69.64,1.0,1.0,0.05,51.39,32.75,3.85,1
749,4.09,78.48,1.0,1.0,0.21,29.29,125.56,3.36,1
750,5.58,69.53,1.0,1.0,0.05,51.67,31.57,3.86,1
751,5.52,69.88,1.0,1.0,0.05,50.81,35.21,3.84,1
752,4.31,77.14,1.0,1.0,0.19,32.66,111.45,3.44,1
753,4.43,76.43,1.0,1.0,0.17,34.42,104.04,3.48,1
754,4.03,78.84,1.0,1.0,0.22,28.39,129.36,3.34,1
755,4.92,73.5,1.0,1.0,0.12,41.75,73.26,3.64,1
756,5.54,69.75,1.0,1.0,0.05,51.13,33.86,3.85,1
757,4.39,76.65,1.0,1.0,0.18,33.88,106.31,3.46,1
758,4.29,77.29,1.0,1.0,0.19,32.28,113.02,3.43,1
759,4.94,73.39,1.0,1.0,0.12,42.03,72.06,3.65,1
760,5.04,72.78,1.0,1.0,0.11,43.56,65.67,3.68,1
761,3.43,82.4,1.0,1.0,0.29,19.5,166.69,3.14,1
762,3.12,84.29,1.0,1.0,0.32,14.79,186.5,3.04,1
763,4.41,76.53,1.0,1.0,0.18,34.17,105.08,3.47,1
764,3.56,81.64,1.0,1.0,0.27,21.41,158.68,3.19,1
765,3.29,83.25,1.0,1.0,0.3,17.36,175.68,3.1,1
766,3.89,79.66,1.0,1.0,0.23,26.36,137.88,3.3,1
767,5.08,72.53,1.0,1.0,0.1,44.16,63.11,3.69,1
768,3.25,83.52,1.0,1.0,0.31,16.7,178.44,3.08,1
769,5.24,71.55,1.0,1.0,0.08,46.61,52.82,3.75,1
770,4.24,77.54,1.0,1.0,0.2,31.65,115.65,3.41,1
771,5.02,72.88,1.0,1.0,0.11,43.3,66.75,3.67,1
772,5.5,70.0,1.0,1.0,0.06,50.49,36.53,3.83,1
773,3.23,83.6,1.0,1.0,0.31,16.51,179.26,3.08,1
774,5.25,71.5,1.0,1.0,0.08,46.76,52.2,3.75,1
775,5.88,67.73,1.0,1.0,0.01,56.17,12.7,3.96,1
776,4.89,73.65,1.0,1.0,0.12,41.37,74.85,3.63,1
777,5.95,67.28,1.0,1.0,0.01,57.3,7.94,3.98,1
778,5.1,72.38,1.0,1.0,0.1,44.54,61.52,3.7,1
779,5.82,68.07,1.0,1.0,0.02,55.32,16.28,3.94,1
780,5.78,68.29,1.0,1.0,0.02,54.77,18.56,3.93,1
781,5.98,67.14,1.0,1.0,0.0,57.64,6.5,3.99,1
782,4.07,78.6,1.0,1.0,0.21,28.99,126.84,3.36,1
783,4.4,76.6,1.0,1.0,0.18,33.99,105.83,3.47,1
784,4.75,74.51,1.0,1.0,0.14,39.22,83.87,3.58,1
785,5.25,71.51,1.0,1.0,0.08,46.72,52.38,3.75,1
786,3.21,83.75,1.0,1.0,0.31,16.12,180.91,3.07,1
787,3.3,83.23,1.0,1.0,0.3,17.44,175.37,3.1,1
788,3.05,84.68,1.0,1.0,0.33,13.8,190.64,3.02,1
789,5.95,67.32,1.0,1.0,0.01,57.2,8.37,3.98,1
790,5.37,70.8,1.0,1.0,0.07,48.49,44.94,3.79,1
791,4.07,78.56,1.0,1.0,0.21,29.09,126.43,3.36,1
792,3.37,82.8,1.0,1.0,0.29,18.5,170.89,3.12,1
793,5.65,69.08,1.0,1.0,0.04,52.8,26.82,3.88,1
794,5.98,67.1,1.0,1.0,0.0,57.76,6.02,3.99,1
795,4.98,73.1,1.0,1.0,0.11,42.75,69.05,3.66,1
796,3.61,81.32,1.0,1.0,0.27,22.21,155.33,3.2,1
797,5.32,71.07,1.0,1.0,0.08,47.83,47.7,3.77,1
798,3.55,81.71,1.0,1.0,0.27,21.23,159.43,3.18,1
799,4.06,78.66,1.0,1.0,0.22,28.84,127.46,3.35,1
800,4.68,74.9,1.0,1.0,0.15,38.24,88.0,3.56,1
801,5.34,70.97,1.0,1.0,0.07,48.07,46.71,3.78,1
802,5.4,70.58,1.0,1.0,0.07,49.05,42.6,3.8,1
803,5.39,70.69,1.0,1.0,0.07,48.78,43.74,3.8,1
804,5.3,71.17,1.0,1.0,0.08,47.57,48.81,3.77,1
805,5.59,69.45,1.0,1.0,0.05,51.88,30.72,3.86,1
806,4.24,77.59,1.0,1.0,0.2,31.53,116.16,3.41,1
807,5.27,71.37,1.0,1.0,0.08,47.06,50.93,3.76,1
808,5.35,70.88,1.0,1.0,0.07,48.3,45.73,3.78,1
809,3.17,83.96,1.0,1.0,0.31,15.6,183.06,3.06,1
810,4.16,78.06,1.0,1.0,0.2,30.36,121.09,3.39,1
811,5.48,70.14,1.0,1.0,0.06,50.16,37.94,3.83,1
812,5.7,68.8,1.0,1.0,0.03,53.51,23.88,3.9,1
813,4.85,73.91,1.0,1.0,0.13,40.73,77.55,3.62,1
814,5.43,70.4,1.0,1.0,0.06,49.49,40.72,3.81,1
815,3.76,80.45,1.0,1.0,0.25,24.36,146.27,3.25,1
816,3.23,83.6,1.0,1.0,0.31,16.49,179.32,3.08,1
817,5.04,72.74,1.0,1.0,0.11,43.64,65.29,3.68,1
818,3.64,81.18,1.0,1.0,0.26,22.55,153.87,3.21,1
819,3.72,80.67,1.0,1.0,0.25,23.82,148.55,3.24,1
820,4.76,74.46,1.0,1.0,0.14,39.35,83.33,3.59,1
821,3.9,79.63,1.0,1.0,0.23,26.43,137.58,3.3,1
822,5.53,69.82,1.0,1.0,0.05,50.94,34.64,3.84,1
823,5.81,68.15,1.0,1.0,0.02,55.12,17.11,3.94,1
824,5.2,71.79,1.0,1.0,0.09,46.02,55.3,3.73,1
825,3.07,84.6,1.0,1.0,0.33,14.01,189.77,3.02,1
826,4.26,77.46,1.0,1.0,0.19,31.86,114.8,3.42,1
827,3.74,80.57,1.0,1.0,0.25,24.07,147.52,3.25,1
828,3.97,79.17,1.0,1.0,0.23,27.59,132.74,3.32,1
829,3.44,82.35,1.0,1.0,0.28,19.61,166.23,3.15,1
830,4.95,73.29,1.0,1.0,0.12,42.28,71.02,3.65,1
831,4.79,74.25,1.0,1.0,0.13,39.88,81.11,3.6,1
832,5.85,67.87,1.0,1.0,0.02,55.82,14.17,3.95,1
833,3.73,80.6,1.0,1.0,0.25,24.0,147.81,3.24,1
834,4.75,74.52,1.0,1.0,0.14,39.19,83.99,3.58,1
835,5.58,69.5,1.0,1.0,0.05,51.74,31.28,3.86,1
836,4.45,76.31,1.0,1.0,0.17,34.73,102.73,3.48,1
837,4.65,75.13,1.0,1.0,0.15,37.68,90.33,3.55,1
838,4.26,77.45,1.0,1.0,0.19,31.86,114.77,3.42,1
839,4.39,76.65,1.0,1.0,0.18,33.87,106.35,3.46,1
840,4.52,75.91,1.0,1.0,0.16,35.73,98.53,3.51,1
841,5.25,71.52,1.0,1.0,0.08,46.7,52.45,3.75,1
842,5.8,68.21,1.0,1.0,0.02,54.97,17.71,3.93,1
843,4.52,75.86,1.0,1.0,0.16,35.86,97.98,3.51,1
844,5.43,70.41,1.0,1.0,0.06,49.47,40.81,3.81,1
845,3.59,81.45,1.0,1.0,0.27,21.86,156.77,3.2,1
846,5.71,68.75,1.0,1.0,0.03,53.62,23.4,3.9,1
847,4.29,77.28,1.0,1.0,0.19,32.31,112.89,3.43,1
848,3.43,82.41,1.0,1.0,0.29,19.48,166.77,3.14,1
849,3.36,82.84,1.0,1.0,0.29,18.4,171.32,3.12,1
850,3.55,81.73,1.0,1.0,0.27,21.18,159.65,3.18,1
851,4.15,78.11,1.0,1.0,0.21,30.23,121.63,3.38,1
852,5.73,68.61,1.0,1.0,0.03,53.97,21.94,3.91,1
853,5.65,69.1,1.0,1.0,0.04,52.74,27.08,3.88,1
854,3.83,80.01,1.0,1.0,0.24,25.47,141.61,3.28,1
855,4.82,74.08,1.0,1.0,0.13,40.3,79.33,3.61,1
856,3.17,83.97,1.0,1.0,0.31,15.58,183.15,3.06,1
857,3.29,83.24,1.0,1.0,0.3,17.39,175.57,3.1,1
858,5.9,67.62,1.0,1.0,0.01,56.46,11.48,3.97,1
859,5.0,73.02,1.0,1.0,0.11,42.95,68.21,3.67,1
860,4.7,74.78,1.0,1.0,0.14,38.55,86.69,3.57,1
861,5.75,68.51,1.0,1.0,0.03,54.22,20.88,3.92,1
862,4.05,78.68,1.0,1.0,0.22,28.79,127.66,3.35,1
863,3.91,79.57,1.0,1.0,0.23,26.58,136.96,3.3,1
864,3.08,84.52,1.0,1.0,0.32,14.21,188.94,3.03,1
865,3.22,83.67,1.0,1.0,0.31,16.32,180.07,3.07,1
866,4.17,77.99,1.0,1.0,0.2,30.52,120.42,3.39,1
867,5.15,72.12,1.0,1.0,0.09,45.2,58.78,3.72,1
868,5.73,68.64,1.0,1.0,0.03,53.9,22.23,3.91,1
869,3.51,81.92,1.0,1.0,0.28,20.7,161.64,3.17,1
870,5.75,68.49,1.0,1.0,0.03,54.27,20.66,3.92,1
871,4.53,75.85,1.0,1.0,0.16,35.88,97.89,3.51,1
872,4.42,76.51,1.0,1.0,0.18,34.23,104.83,3.47,1
873,3.21,83.75,1.0,1.0,0.31,16.13,180.87,3.07,1
874,4.24,77.58,1.0,1.0,0.2,31.55,116.1,3.41,1
875,5.02,72.86,1.0,1.0,0.11,43.36,66.48,3.67,1
876,3.18,83.94,1.0,1.0,0.31,15.65,182.89,3.06,1
877,5.84,67.95,1.0,1.0,0.02,55.64,14.93,3.95,1
878,5.82,68.1,1.0,1.0,0.02,55.26,16.51,3.94,1
879,3.95,79.31,1.0,1.0,0.23,27.22,134.27,3.32,1
880,4.78,74.32,1.0,1.0,0.14,39.71,81.84,3.59,1
881,5.64,69.13,1.0,1.0,0.04,52.67,27.39,3.88,1
882,5.69,68.86,1.0,1.0,0.03,53.36,24.49,3.9,1
883,4.28,77.32,1.0,1.0,0.19,32.21,113.32,3.43,1
884,5.66,69.03,1.0,1.0,0.04,52.91,26.36,3.89,1
885,5.64,69.16,1.0,1.0,0.04,52.61,27.66,3.88,1
886,4.56,75.65,1.0,1.0,0.16,36.38,95.8,3.52,1
887,3.52,81.86,1.0,1.0,0.28,20.86,161.01,3.17,1
888,3.85,79.9,1.0,1.0,0.24,25.75,140.45,3.28,1
889,4.13,78.22,1.0,1.0,0.21,29.95,122.83,3.38,1
890,4.17,77.97,1.0,1.0,0.2,30.57,120.2,3.39,1
891,5.78,68.3,1.0,1.0,0.02,54.74,18.68,3.93,1
892,5.89,67.67,1.0,1.0,0.01,56.34,11.99,3.96,1
893,5.62,69.26,1.0,1.0,0.04,52.36,28.68,3.87,1
894,5.53,69.82,1.0,1.0,0.05,50.94,34.65,3.84,1
895,3.35,82.89,1.0,1.0,0.29,18.26,171.89,3.12,1
896,5.05,72.69,1.0,1.0,0.11,43.78,64.73,3.68,1
897,5.22,71.68,1.0,1.0,0.09,46.29,54.18,3.74,1
898,3.25,83.48,1.0,1.0,0.31,16.81,177.99,3.08,1
899,5.44,70.39,1.0,1.0,0.06,49.53,40.56,3.81,1
900,5.59,69.46,1.0,1.0,0.05,51.86,30.8,3.86,1
901,3.03,84.83,1.0,1.0,0.33,13.42,192.24,3.01,1
902,4.33,77.0,1.0,1.0,0.19,33.0,110.01,3.44,1
903,5.15,72.09,1.0,1.0,0.09,45.28,58.43,3.72,1
904,3.69,80.88,1.0,1.0,0.26,23.3,150.76,3.23,1
905,4.05,78.72,1.0,1.0,0.22,28.69,128.09,3.35,1
906,3.29,83.25,1.0,1.0,0.3,17.37,175.65,3.1,1
907,3.88,79.7,1.0,1.0,0.24,26.24,138.39,3.29,1
908,3.22,83.66,1.0,1.0,0.31,16.35,179.93,3.07,1
909,3.33,83.05,1.0,1.0,0.3,17.88,173.49,3.11,1
910,3.23,83.59,1.0,1.0,0.31,16.52,179.22,3.08,1
911,4.18,77.89,1.0,1.0,0.2,30.77,119.35,3.39,1
912,3.46,82.26,1.0,1.0,0.28,19.86,165.19,3.15,1
913,5.36,70.83,1.0,1.0,0.07,48.41,45.26,3.79,1
914,4.64,75.17,1.0,1.0,0.15,37.57,90.8,3.55,1
915,5.82,68.11,1.0,1.0,0.02,55.23,16.65,3.94,1
916,5.94,67.36,1.0,1.0,0.01,57.1,8.79,3.98,1
917,4.58,75.49,1.0,1.0,0.16,36.77,94.16,3.53,1
918,5.51,69.96,1.0,1.0,0.05,50.61,36.03,3.84,1
919,4.59,75.44,1.0,1.0,0.16,36.91,93.59,3.53,1
920,3.36,82.84,1.0,1.0,0.29,18.39,171.34,3.12,1
921,3.79,80.29,1.0,1.0,0.25,24.79,144.5,3.26,1
922,3.32,83.1,1.0,1.0,0.3,17.75,174.06,3.11,1
923,5.91,67.56,1.0,1.0,0.01,56.6,10.86,3.97,1
924,4.25,77.5,1.0,1.0,0.19,31.74,115.28,3.42,1
925,3.8,80.2,1.0,1.0,0.24,25.01,143.55,3.27,1
926,5.69,68.84,1.0,1.0,0.03,53.4,24.34,3.9,1
927,3.38,82.7,1.0,1.0,0.29,18.76,169.82,3.13,1
928,4.77,74.38,1.0,1.0,0.14,39.55,82.47,3.59,1
929,5.59,69.45,1.0,1.0,0.05,51.88,30.7,3.86,1
930,4.67,74.97,1.0,1.0,0.15,38.06,88.73,3.56,1
931,4.78,74.34,1.0,1.0,0.14,39.64,82.12,3.59,1
932,4.18,77.93,1.0,1.0,0.2,30.66,119.81,3.39,1
933,3.06,84.63,1.0,1.0,0.33,13.93,190.1,3.02,1
934,5.38,70.7,1.0,1.0,0.07,48.74,43.9,3.79,1
935,5.0,73.02,1.0,1.0,0.11,42.95,68.21,3.67,1
936,3.05,84.72,1.0,1.0,0.33,13.69,191.09,3.02,1
937,3.53,81.84,1.0,1.0,0.27,20.89,160.87,3.18,1
938,5.56,69.64,1.0,1.0,0.05,51.4,32.7,3.85,1
939,4.35,76.92,1.0,1.0,0.18,33.19,109.2,3.45,1
940,3.69,80.88,1.0,1.0,0.26,23.3,150.76,3.23,1
941,4.37,76.8,1.0,1.0,0.18,33.51,107.85,3.46,1
942,4.94,73.37,1.0,1.0,0.12,42.06,71.93,3.65,1
943,5.14,72.17,1.0,1.0,0.1,45.09,59.24,3.71,1
944,3.72,80.69,1.0,1.0,0.25,23.79,148.7,3.24,1
945,3.92,79.49,1.0,1.0,0.23,26.77,136.16,3.31,1
946,4.04,78.76,1.0,1.0,0.22,28.61,128.43,3.35,1
947,5.06,72.66,1.0,1.0,0.1,43.84,64.45,3.69,1
948,5.49,70.09,1.0,1.0,0.06,50.28,37.42,3.83,1
949,4.82,74.11,1.0,1.0,0.13,40.23,79.64,3.61,1
950,3.21,83.75,1.0,1.0,0.31,16.12,180.91,3.07,1
951,5.91,67.56,1.0,1.0,0.01,56.59,10.93,3.97,1
952,4.08,78.53,1.0,1.0,0.21,29.17,126.1,3.36,1
953,4.0,78.99,1.0,1.0,0.22,28.02,130.92,3.33,1
954,3.37,82.78,1.0,1.0,0.29,18.56,170.65,3.12,1
955,4.53,75.82,1.0,1.0,0.16,35.95,97.62,3.51,1
956,5.79,68.24,1.0,1.0,0.02,54.91,17.97,3.93,1
957,5.29,71.27,1.0,1.0,0.08,47.32,49.85,3.76,1
958,4.57,75.61,1.0,1.0,0.16,36.48,95.39,3.52,1
959,3.27,83.4,1.0,1.0,0.3,17.0,177.21,3.09,1
960,3.68,80.91,1.0,1.0,0.26,23.23,151.04,3.23,1
961,3.4,82.62,1.0,1.0,0.29,18.94,169.04,3.13,1
962,5.1,72.42,1.0,1.0,0.1,44.46,61.87,3.7,1
963,3.6,81.42,1.0,1.0,0.27,21.95,156.42,3.2,1
964,3.42,82.46,1.0,1.0,0.29,19.34,167.37,3.14,1
965,5.35,70.91,1.0,1.0,0.07,48.23,46.04,3.78,1
966,5.58,69.53,1.0,1.0,0.05,51.69,31.52,3.86,1
967,4.1,78.39,1.0,1.0,0.21,29.53,124.57,3.37,1
968,3.88,79.72,1.0,1.0,0.24,26.2,138.58,3.29,1
969,4.01,78.94,1.0,1.0,0.22,28.14,130.42,3.34,1
970,5.44,70.38,1.0,1.0,0.06,49.56,40.45,3.81,1
971,5.61,69.35,1.0,1.0,0.04,52.13,29.66,3.87,1
972,5.84,67.99,1.0,1.0,0.02,55.53,15.38,3.95,1
973,5.48,70.15,1.0,1.0,0.06,50.13,38.06,3.83,1
974,5.91,67.54,1.0,1.0,0.01,56.64,10.69,3.97,1
975,3.9,79.61,1.0,1.0,0.23,26.48,137.4,3.3,1
976,4.28,77.33,1.0,1.0,0.19,32.17,113.48,3.43,1
977,3.26,83.41,1.0,1.0,0.3,16.97,177.34,3.09,1
978,3.59,81.49,1.0,1.0,0.27,21.79,157.1,3.2,1
979,5.77,68.37,1.0,1.0,0.03,54.59,19.34,3.92,1
980,5.7,68.77,1.0,1.0,0.03,53.57,23.59,3.9,1
981,4.15,78.08,1.0,1.0,0.21,30.3,121.32,3.38,1
982,4.47,76.18,1.0,1.0,0.17,35.04,101.41,3.49,1
983,4.13,78.2,1.0,1.0,0.21,30.01,122.57,3.38,1
984,3.23,83.61,1.0,1.0,0.31,16.47,179.44,3.08,1
985,4.95,73.33,1.0,1.0,0.12,42.19,71.41,3.65,1
986,6.0,67.02,1.0,1.0,0.0,57.95,5.2,4.0,1
987,5.37,70.76,1.0,1.0,0.07,48.61,44.46,3.79,1
988,5.95,67.28,1.0,1.0,0.01,57.31,7.92,3.98,1
989,3.87,79.78,1.0,1.0,0.24,26.04,139.22,3.29,1
990,5.87,67.76,1.0,1.0,0.01,56.1,12.97,3.96,1
991,4.7,74.81,1.0,1.0,0.14,38.47,87.03,3.57,1
992,3.27,83.4,1.0,1.0,0.3,16.99,177.23,3.09,1
993,3.87,79.8,1.0,1.0,0.24,25.99,139.43,3.29,1
994,4.79,74.24,1.0,1.0,0.13,39.9,81.01,3.6,1
995,5.01,72.96,1.0,1.0,0.11,43.1,67.57,3.67,1
996,4.8,74.21,1.0,1.0,0.13,39.97,80.74,3.6,1
997,3.34,82.96,1.0,1.0,0.3,18.09,172.61,3.11,1
998,5.39,70.69,1.0,1.0,0.07,48.78,43.71,3.8,1
999,4.7,74.79,1.0,1.0,0.14,38.53,86.79,3.57,1
1000,4.02,78.87,1.0,1.0,0.22,28.33,129.62,3.34,1
1001,5.8,68.23,1.0,1.0,0.02,54.93,17.88,3.93,1
1002,3.79,80.26,1.0,1.0,0.25,24.85,144.22,3.26,1
1003,5.57,69.58,1.0,1.0,0.05,51.55,32.11,3.86,1
1004,3.39,82.65,1.0,1.0,0.29,18.88,169.29,3.13,1
1005,3.84,79.94,1.0,1.0,0.24,25.66,140.82,3.28,1
1006,5.87,67.79,1.0,1.0,0.01,56.03,13.26,3.96,1
1007,3.44,82.36,1.0,1.0,0.28,19.59,166.32,3.15,1
1008,4.0,78.99,1.0,1.0,0.22,28.01,130.95,3.33,1
1009,5.64,69.19,1.0,1.0,0.04,52.53,27.97,3.88,1
1010,4.84,73.96,1.0,1.0,0.13,40.59,78.11,3.61,1
1011,5.03,72.79,1.0,1.0,0.11,43.51,65.84,3.68,1
1012,5.7,68.8,1.0,1.0,0.03,53.49,23.95,3.9,1
1013,3.58,81.49,1.0,1.0,0.27,21.76,157.19,3.19,1
1014,3.12,84.26,1.0,1.0,0.32,14.84,186.28,3.04,1
1015,4.24,77.54,1.0,1.0,0.2,31.65,115.69,3.41,1
1016,5.92,67.47,1.0,1.0,0.01,56.83,9.91,3.97,1
1017,4.77,74.36,1.0,1.0,0.14,39.59,82.33,3.59,1
1018,3.42,82.47,1.0,1.0,0.29,19.32,167.48,3.14,1
1019,4.73,74.65,1.0,1.0,0.14,38.88,85.28,3.58,1
1020,5.34,70.95,1.0,1.0,0.07,48.12,46.51,3.78,1
1021,4.01,78.95,1.0,1.0,0.22,28.13,130.46,3.34,1
1022,3.37,82.76,1.0,1.0,0.29,18.6,170.46,3.12,1
1023,4.39,76.67,1.0,1.0,0.18,33.82,106.55,3.46,1
1024,3.89,79.66,1.0,1.0,0.23,26.36,137.88,3.3,1
1025,4.47,76.15,1.0,1.0,0.17,35.12,101.08,3.49,1
1026,4.33,77.03,1.0,1.0,0.19,32.93,110.28,3.44,1
1027,4.36,76.86,1.0,1.0,0.18,33.34,108.58,3.45,1
1028,3.57,81.56,1.0,1.0,0.27,21.61,157.84,3.19,1
1029,3.8,80.22,1.0,1.0,0.24,24.95,143.79,3.27,1
1030,3.63,81.2,1.0,1.0,0.26,22.5,154.12,3.21,1
1031,3.8,80.17,1.0,1.0,0.24,25.07,143.31,3.27,1
1032,4.12,78.29,1.0,1.0,0.21,29.78,123.54,3.37,1
1033,3.46,82.24,1.0,1.0,0.28,19.9,165.03,3.15,1
1034,5.79,68.26,1.0,1.0,0.02,54.86,18.19,3.93,1
1035,4.65,75.11,1.0,1.0,0.15,37.73,90.14,3.55,1
1036,5.87,67.76,1.0,1.0,0.01,56.09,13.02,3.96,1
1037,4.25,77.48,1.0,1.0,0.19,31.8,115.03,3.42,1
1038,5.08,72.54,1.0,1.0,0.1,44.16,63.12,3.69,1
1039,3.23,83.6,1.0,1.0,0.31,16.51,179.25,3.08,1
1040,3.86,79.82,1.0,1.0,0.24,25.94,139.66,3.29,1
1041,3.13,84.24,1.0,1.0,0.32,14.91,186.0,3.04,1
1042,5.76,68.46,1.0,1.0,0.03,54.35,20.33,3.92,1
1043,5.74,68.56,1.0,1.0,0.03,54.09,21.41,3.91,1
1044,4.54,75.76,1.0,1.0,0.16,36.1,97.0,3.51,1
1045,3.7,80.82,1.0,1.0,0.26,23.45,150.11,3.23,1
1046,5.85,67.91,1.0,1.0,0.02,55.72,14.57,3.95,1
1047,3.09,84.49,1.0,1.0,0.32,14.28,188.6,3.03,1
1048,3.02,84.89,1.0,1.0,0.33,13.27,192.85,3.01,1
1049,3.77,80.4,1.0,1.0,0.25,24.51,145.67,3.26,1
1050,3.21,83.76,1.0,1.0,0.31,16.09,181.03,3.07,1
1051,5.99,67.08,1.0,1.0,0.0,57.8,5.86,4.0,1
1052,5.68,68.93,1.0,1.0,0.04,53.17,25.3,3.89,1
1053,4.98,73.13,1.0,1.0,0.11,42.67,69.41,3.66,1
1054,3.69,80.88,1.0,1.0,0.26,23.3,150.73,3.23,1
1055,4.48,76.1,1.0,1.0,0.17,35.26,100.5,3.49,1
1056,4.67,74.98,1.0,1.0,0.15,38.04,88.84,3.56,1
1057,4.47,76.18,1.0,1.0,0.17,35.06,101.35,3.49,1
1058,5.45,70.32,1.0,1.0,0.06,49.69,39.91,3.82,1
1059,5.53,69.81,1.0,1.0,0.05,50.97,34.55,3.84,1
1060,5.09,72.44,1.0,1.0,0.1,44.39,62.17,3.7,1
1061,4.63,75.24,1.0,1.0,0.15,37.39,91.55,3.54,1
1062,4.33,77.02,1.0,1.0,0.19,32.96,110.18,3.44,1
1063,4.01,78.92,1.0,1.0,0.22,28.2,130.14,3.34,1
1064,3.06,84.62,1.0,1.0,0.33,13.94,190.05,3.02,1
1065,3.66,81.01,1.0,1.0,0.26,22.97,152.12,3.22,1
1066,5.07,72.61,1.0,1.0,0.1,43.98,63.89,3.69,1
1067,5.27,71.36,1.0,1.0,0.08,47.11,50.75,3.76,1
1068,3.28,83.31,1.0,1.0,0.3,17.23,176.22,3.09,1
1069,3.33,83.05,1.0,1.0,0.3,17.88,173.48,3.11,1
1070,3.11,84.35,1.0,1.0,0.32,14.61,187.22,3.04,1
1071,3.99,79.08,1.0,1.0,0.22,27.8,131.83,3.33,1
1072,4.36,76.83,1.0,1.0,0.18,33.43,108.17,3.45,1
1073,4.48,76.12,1.0,1.0,0.17,35.2,100.76,3.49,1
1074,3.66,81.03,1.0,1.0,0.26,22.92,152.33,3.22,1
1075,4.54,75.78,1.0,1.0,0.16,36.05,97.18,3.51,1
1076,3.29,83.29,1.0,1.0,0.3,17.28,176.01,3.1,1
1077,3.64,81.18,1.0,1.0,0.26,22.55,153.87,3.21,1
1078,3.0,85.0,1.0,1.0,0.33,13.0,193.99,3.0,1
1079,4.93,73.4,1.0,1.0,0.12,41.99,72.24,3.64,1
1080,4.78,74.33,1.0,1.0,0.14,39.68,81.94,3.59,1
1081,3.49,82.06,1.0,1.0,0.28,20.36,163.11,3.16,1
1082,4.55,75.71,1.0,1.0,0.16,36.22,96.49,3.52,1
1083,5.78,68.3,1.0,1.0,0.02,54.75,18.66,3.93,1
1084,3.5,81.99,1.0,1.0,0.28,20.52,162.41,3.17,1
1085,3.09,84.45,1.0,1.0,0.32,14.37,188.24,3.03,1
1086,4.78,74.35,1.0,1.0,0.14,39.64,82.13,3.59,1
1087,4.4,76.58,1.0,1.0,0.18,34.04,105.61,3.47,1
1088,4.6,75.42,1.0,1.0,0.16,36.96,93.36,3.53,1
1089,5.02,72.85,1.0,1.0,0.11,43.37,66.45,3.67,1
1090,4.66,75.02,1.0,1.0,0.15,37.95,89.2,3.55,1
1091,5.55,69.71,1.0,1.0,0.05,51.23,33.43,3.85,1
1092,5.33,71.0,1.0,1.0,0.07,48.0,47.01,3.78,1
1093,5.76,68.45,1.0,1.0,0.03,54.38,20.22,3.92,1
1094,3.74,80.55,1.0,1.0,0.25,24.12,147.31,3.25,1
1095,5.79,68.24,1.0,1.0,0.02,54.9,18.03,3.93,1
1096,3.18,83.89,1.0,1.0,0.31,15.77,182.36,3.06,1
1097,5.63,69.21,1.0,1.0,0.04,52.47,28.24,3.88,1
1098,4.75,74.48,1.0,1.0,0.14,39.29,83.57,3.58,1
1099,5.39,70.67,1.0,1.0,0.07,48.83,43.53,3.8,1
1100,5.87,67.78,1.0,1.0,0.01,56.05,13.17,3.96,1
1101,3.32,83.08,1.0,1.0,0.3,17.79,173.88,3.11,1
1102,3.85,79.92,1.0,1.0,0.24,25.7,140.67,3.28,1
1103,4.77,74.38,1.0,1.0,0.14,39.55,82.49,3.59,1
1104,4.84,73.93,1.0,1.0,0.13,40.66,77.81,3.61,1
1105,4.87,73.81,1.0,1.0,0.13,40.99,76.46,3.62,1
1106,4.35,76.89,1.0,1.0,0.18,33.27,108.85,3.45,1
1107,5.32,71.08,1.0,1.0,0.08,47.81,47.81,3.77,1
1108,5.69,68.87,1.0,1.0,0.03,53.32,24.65,3.9,1
1109,3.56,81.66,1.0,1.0,0.27,21.34,158.97,3.19,1
1110,3.76,80.45,1.0,1.0,0.25,24.36,146.28,3.25,1
1111,4.58,75.49,1.0,1.0,0.16,36.77,94.16,3.53,1
1112,4.77,74.4,1.0,1.0,0.14,39.49,82.75,3.59,1
1113,3.81,80.15,1.0,1.0,0.24,25.13,143.05,3.27,1
1114,3.32,83.07,1.0,1.0,0.3,17.82,173.77,3.11,1
1115,3.79,80.28,1.0,1.0,0.25,24.81,144.41,3.26,1
1116,5.09,72.46,1.0,1.0,0.1,44.34,62.36,3.7,1
1117,5.51,69.92,1.0,1.0,0.05,50.7,35.68,3.84,1
1118,3.12,84.27,1.0,1.0,0.32,14.83,186.3,3.04,1
1119,4.8,74.18,1.0,1.0,0.13,40.04,80.44,3.6,1
1120,4.06,78.63,1.0,1.0,0.22,28.93,127.1,3.35,1
1121,5.76,68.45,1.0,1.0,0.03,54.36,20.27,3.92,1
1122,4.15,78.11,1.0,1.0,0.21,30.23,121.64,3.38,1
1123,3.86,79.81,1.0,1.0,0.24,25.97,139.55,3.29,1
1124,5.47,70.18,1.0,1.0,0.06,50.04,38.42,3.82,1
1125,4.19,77.84,1.0,1.0,0.2,30.89,118.86,3.4,1
1126,3.78,80.34,1.0,1.0,0.25,24.66,145.02,3.26,1
1127,3.53,81.81,1.0,1.0,0.27,20.97,160.53,3.18,1
1128,4.91,73.57,1.0,1.0,0.12,41.59,73.93,3.64,1
1129,3.09,84.47,1.0,1.0,0.32,14.33,188.4,3.03,1
1130,3.15,84.11,1.0,1.0,0.32,15.23,184.65,3.05,1
1131,3.79,80.23,1.0,1.0,0.25,24.92,143.94,3.26,1
1132,5.79,68.24,1.0,1.0,0.02,54.89,18.06,3.93,1
1133,3.44,82.36,1.0,1.0,0.28,19.61,166.23,3.15,1
1134,5.24,71.55,1.0,1.0,0.08,46.63,52.76,3.75,1
1135,4.74,74.57,1.0,1.0,0.14,39.09,84.44,3.58,1
1136,3.84,79.93,1.0,1.0,0.24,25.67,140.78,3.28,1
1137,5.55,69.72,1.0,1.0,0.05,51.19,33.58,3.85,1
1138,4.93,73.42,1.0,1.0,0.12,41.94,72.45,3.64,1
1139,4.28,77.3,1.0,1.0,0.19,32.26,113.11,3.43,1
1140,5.87,67.76,1.0,1.0,0.01,56.1,13.0,3.96,1
1141,3.61,81.37,1.0,1.0,0.27,22.08,155.88,3.2,1
1142,5.75,68.49,1.0,1.0,0.03,54.26,20.69,3.92,1
1143,3.82,80.1,1.0,1.0,0.24,25.26,142.51,3.27,1
1144,4.72,74.66,1.0,1.0,0.14,38.84,85.48,3.57,1
1145,3.42,82.46,1.0,1.0,0.29,19.36,167.31,3.14,1
1146,5.1,72.42,1.0,1.0,0.1,44.46,61.86,3.7,1
1147,3.05,84.68,1.0,1.0,0.33,13.79,190.69,3.02,1
1148,5.11,72.35,1.0,1.0,0.1,44.63,61.16,3.7,1
1149,3.53,81.85,1.0,1.0,0.27,20.89,160.88,3.18,1
1150,3.88,79.73,1.0,1.0,0.24,26.18,138.63,3.29,1
1151,3.15,84.08,1.0,1.0,0.32,15.3,184.32,3.05,1
1152,3.23,83.6,1.0,1.0,0.31,16.49,179.34,3.08,1
1153,4.02,78.9,1.0,1.0,0.22,28.25,129.95,3.34,1
1154,3.21,83.74,1.0,1.0,0.31,16.16,180.74,3.07,1
1155,4.94,73.34,1.0,1.0,0.12,42.14,71.6,3.65,1
1156,5.64,69.17,1.0,1.0,0.04,52.58,27.77,3.88,1
1157,3.31,83.14,1.0,1.0,0.3,17.66,174.45,3.1,1
1158,4.61,75.31,1.0,1.0,0.15,37.22,92.26,3.54,1
1159,3.8,80.22,1.0,1.0,0.24,24.96,143.77,3.27,1
1160,5.89,67.64,1.0,1.0,0.01,56.4,11.72,3.96,1
1161,4.08,78.54,1.0,1.0,0.21,29.14,126.2,3.36,1
1162,4.73,74.64,1.0,1.0,0.14,38.9,85.23,3.58,1
1163,3.6,81.38,1.0,1.0,0.27,22.05,155.99,3.2,1
1164,3.62,81.26,1.0,1.0,0.26,22.35,154.75,3.21,1
1165,4.02,78.86,1.0,1.0,0.22,28.34,129.57,3.34,1
1166,4.24,77.56,1.0,1.0,0.2,31.61,115.83,3.41,1
1167,3.59,81.47,1.0,1.0,0.27,21.81,156.98,3.2,1
1168,5.02,72.87,1.0,1.0,0.11,43.32,66.66,3.67,1
1169,3.4,82.58,1.0,1.0,0.29,19.06,168.55,3.13,1
1170,4.59,75.45,1.0,1.0,0.16,36.87,93.75,3.53,1
1171,4.87,73.77,1.0,1.0,0.13,41.07,76.09,3.62,1
1172,5.79,68.28,1.0,1.0,0.02,54.8,18.44,3.93,1
1173,5.89,67.69,1.0,1.0,0.01,56.28,12.22,3.96,1
1174,3.73,80.64,1.0,1.0,0.25,23.9,148.22,3.24,1
1175,3.6,81.41,1.0,1.0,0.27,21.99,156.26,3.2,1
1176,4.24,77.54,1.0,1.0,0.2,31.66,115.64,3.41,1
1177,5.71,68.76,1.0,1.0,0.03,53.61,23.46,3.9,1
1178,5.98,67.13,1.0,1.0,0.0,57.66,6.41,3.99,1
1179,5.06,72.65,1.0,1.0,0.1,43.88,64.29,3.69,1
1180,5.7,68.82,1.0,1.0,0.03,53.44,24.15,3.9,1
1181,3.83,80.01,1.0,1.0,0.24,25.46,141.65,3.28,1
1182,5.74,68.54,1.0,1.0,0.03,54.14,21.2,3.91,1
1183,5.33,71.03,1.0,1.0,0.07,47.91,47.36,3.78,1
1184,4.44,76.36,1.0,1.0,0.17,34.6,103.26,3.48,1
1185,5.23,71.62,1.0,1.0,0.09,46.46,53.47,3.74,1
1186,3.87,79.77,1.0,1.0,0.24,26.08,139.05,3.29,1
1187,5.54,69.78,1.0,1.0,0.05,51.05,34.2,3.85,1
1188,3.5,81.98,1.0,1.0,0.28,20.56,162.27,3.17,1
1189,4.65,75.1,1.0,1.0,0.15,37.75,90.07,3.55,1
1190,4.88,73.7,1.0,1.0,0.12,41.24,75.38,3.63,1
1191,5.14,72.15,1.0,1.0,0.1,45.13,59.06,3.71,1
1192,3.54,81.78,1.0,1.0,0.27,21.06,160.15,3.18,1
1193,3.71,80.72,1.0,1.0,0.25,23.69,149.11,3.24,1
1194,4.09,78.48,1.0,1.0,0.21,29.3,125.54,3.36,1
1195,4.91,73.52,1.0,1.0,0.12,41.71,73.44,3.64,1
1196,3.11,84.36,1.0,1.0,0.32,14.61,187.23,3.04,1
1197,4.16,78.07,1.0,1.0,0.2,30.33,121.22,3.39,1
1198,5.66,69.02,1.0,1.0,0.04,52.95,26.21,3.89,1
1199,3.32,83.07,1.0,1.0,0.3,17.83,173.73,3.11,1
1200,5.47,70.2,1.0,1.0,0.06,50.01,38.55,3.82,1
1201,5.87,67.79,1.0,1.0,0.01,56.04,13.25,3.96,1
1202,4.43,76.43,1.0,1.0,0.17,34.42,104.03,3.48,1
1203,-6.92,52.36,1.0,1.0,-8.33,-9.19,172.11,5.72,1
1204,-6.21,53.16,1.0,1.0,-7.87,-5.48,162.89,5.63,1
1205,-7.13,52.12,1.0,1.0,-8.46,-10.28,174.83,5.75,1
1206,-7.43,51.78,1.0,1.0,-8.65,-11.82,178.66,5.79,1
1207,-2.26,57.64,1.0,1.0,-5.32,15.05,111.82,5.1,1
1208,-6.37,52.99,1.0,1.0,-7.97,-6.3,164.92,5.65,1
1209,-5.43,54.05,1.0,1.0,-7.37,-1.44,152.83,5.52,1
1210,-8.2,50.91,1.0,1.0,-9.15,-15.85,188.67,5.89,1
1211,-4.67,54.9,1.0,1.0,-6.88,2.49,143.06,5.42,0
1212,-3.1,56.68,1.0,1.0,-5.87,10.66,122.73,5.21,1
1213,-1.9,58.04,1.0,1.0,-5.09,16.9,107.22,5.05,1
1214,-1.92,58.03,1.0,1.0,-5.1,16.82,107.41,5.06,1
1215,-5.87,53.54,1.0,1.0,-7.65,-3.74,158.57,5.58,1
1216,-5.31,54.19,1.0,1.0,-7.29,-0.79,151.23,5.51,1
1217,-5.62,53.83,1.0,1.0,-7.49,-2.41,155.24,5.55,1
1218,-5.1,54.42,1.0,1.0,-7.16,0.27,148.59,5.48,1
1219,-6.17,53.21,1.0,1.0,-7.84,-5.28,162.39,5.62,1
1220,-6.78,52.51,1.0,1.0,-8.24,-8.48,170.35,5.7,1
1221,-6.28,53.08,1.0,1.0,-7.91,-5.85,163.81,5.64,1
1222,-7.42,51.79,1.0,1.0,-8.65,-11.77,178.53,5.79,1
1223,-1.58,58.41,1.0,1.0,-4.89,18.56,103.08,5.01,1
1224,-3.58,56.14,1.0,1.0,-6.17,8.18,128.92,5.28,1
1225,-4.68,54.89,1.0,1.0,-6.88,2.45,143.17,5.42,0
1226,-6.08,53.31,1.0,1.0,-7.79,-4.83,161.26,5.61,1
1227,-5.55,53.91,1.0,1.0,-7.44,-2.07,154.4,5.54,1
1228,-7.84,51.31,1.0,1.0,-8.92,-13.97,184.01,5.85,1
1229,-5.96,53.44,1.0,1.0,-7.71,-4.2,159.7,5.59,1
1230,-4.52,55.08,1.0,1.0,-6.78,3.31,141.03,5.4,1
1231,-6.12,53.27,1.0,1.0,-7.81,-5.0,161.7,5.62,1
1232,-2.88,56.93,1.0,1.0,-5.73,11.8,119.9,5.18,1
1233,-2.3,57.59,1.0,1.0,-5.35,14.84,112.34,5.11,1
1234,-5.31,54.19,1.0,1.0,-7.29,-0.79,151.22,5.51,1
1235,-8.72,50.31,1.0,1.0,-9.49,-18.57,195.44,5.96,1
1236,-3.96,55.72,1.0,1.0,-6.42,6.22,133.78,5.33,1
1237,-5.52,53.94,1.0,1.0,-7.43,-1.93,154.05,5.54,1
1238,-7.77,51.39,1.0,1.0,-8.87,-13.61,183.11,5.84,1
1239,-7.07,52.19,1.0,1.0,-8.42,-9.97,174.06,5.74,1
1240,-3.07,56.73,1.0,1.0,-5.84,10.86,122.25,5.21,1
1241,-6.45,52.9,1.0,1.0,-8.02,-6.72,165.96,5.66,1
1242,-3.29,56.47,1.0,1.0,-5.99,9.69,125.15,5.24,1
1243,-8.15,50.96,1.0,1.0,-9.12,-15.6,188.05,5.89,1
1244,-6.12,53.26,1.0,1.0,-7.81,-5.02,161.75,5.62,1
1245,-1.78,58.18,1.0,1.0,-5.01,17.54,105.63,5.04,1
1246,-4.2,55.44,1.0,1.0,-6.57,4.96,136.93,5.36,1
1247,-4.02,55.64,1.0,1.0,-6.46,5.88,134.63,5.34,1
1248,-4.79,54.77,1.0,1.0,-6.96,1.88,144.59,5.44,0
1249,-2.49,57.37,1.0,1.0,-5.47,13.83,114.85,5.13,1
1250,-4.04,55.62,1.0,1.0,-6.47,5.8,134.83,5.34,1
1251,-7.44,51.77,1.0,1.0,-8.66,-11.89,178.84,5.79,1
1252,-1.67,58.31,1.0,1.0,-4.94,18.11,104.21,5.02,1
1253,-6.16,53.22,1.0,1.0,-7.84,-5.23,162.25,5.62,1
1254,-8.6,50.46,1.0,1.0,-9.41,-17.9,193.77,5.95,1
1255,-7.72,51.45,1.0,1.0,-8.84,-13.36,182.5,5.83,1
1256,-4.43,55.18,1.0,1.0,-6.72,3.78,139.86,5.39,1
1257,-6.5,52.83,1.0,1.0,-8.06,-7.03,166.73,5.67,1
1258,-6.91,52.37,1.0,1.0,-8.32,-9.11,171.91,5.72,1
1259,-4.09,55.57,1.0,1.0,-6.5,5.54,135.49,5.35,1
1260,-2.5,57.36,1.0,1.0,-5.48,13.79,114.96,5.13,1
1261,-4.8,54.76,1.0,1.0,-6.96,1.84,144.69,5.44,0
1262,-4.52,55.08,1.0,1.0,-6.78,3.32,141.0,5.4,1
1263,-5.5,53.96,1.0,1.0,-7.41,-1.82,153.77,5.53,1
1264,-2.25,57.65,1.0,1.0,-5.32,15.09,111.74,5.1,1
1265,-8.34,50.74,1.0,1.0,-9.24,-16.59,190.52,5.91,1
1266,-2.35,57.53,1.0,1.0,-5.38,14.56,113.04,5.11,1
1267,-2.36,57.52,1.0,1.0,-5.39,14.5,113.18,5.12,1
1268,-3.47,56.27,1.0,1.0,-6.1,8.75,127.5,5.26,1
1269,-7.89,51.25,1.0,1.0,-8.95,-14.25,184.7,5.85,1
1270,-5.47,54.0,1.0,1.0,-7.39,-1.64,153.34,5.53,1
1271,-7.64,51.54,1.0,1.0,-8.79,-12.95,181.48,5.82,1
1272,-1.76,58.21,1.0,1.0,-5.0,17.67,105.31,5.03,1
1273,-7.88,51.27,1.0,1.0,-8.95,-14.19,184.56,5.85,1
1274,-2.07,57.85,1.0,1.0,-5.2,16.02,109.4,5.08,1
1275,-3.84,55.84,1.0,1.0,-6.34,6.81,132.32,5.31,1
1276,-3.02,56.77,1.0,1.0,-5.82,11.08,121.7,5.2,1
1277,-5.27,54.23,1.0,1.0,-7.26,-0.61,150.76,5.5,1
1278,-8.98,50.03,1.0,1.0,-9.65,-19.88,198.7,6.0,1
1279,-6.44,52.9,1.0,1.0,-8.02,-6.7,165.92,5.66,1
1280,-2.71,57.13,1.0,1.0,-5.61,12.71,117.64,5.16,1
1281,-6.9,52.38,1.0,1.0,-8.31,-9.08,171.85,5.72,1
1282,-8.46,50.61,1.0,1.0,-9.32,-17.18,191.99,5.93,1
1283,-2.61,57.25,1.0,1.0,-5.55,13.25,116.3,5.15,1
1284,-4.44,55.17,1.0,1.0,-6.73,3.72,140.01,5.39,1
1285,-7.69,51.49,1.0,1.0,-8.82,-13.18,182.05,5.83,1
1286,-5.45,54.02,1.0,1.0,-7.38,-1.54,153.08,5.53,1
1287,-2.71,57.13,1.0,1.0,-5.61,12.7,117.67,5.16,1
1288,-2.39,57.49,1.0,1.0,-5.41,14.37,113.52,5.12,1
1289,-5.84,53.58,1.0,1.0,-7.63,-3.57,158.13,5.58,1
1290,-5.58,53.88,1.0,1.0,-7.46,-2.22,154.77,5.54,1
1291,-3.35,56.41,1.0,1.0,-6.02,9.4,125.89,5.25,1
1292,-3.16,56.61,1.0,1.0,-5.91,10.35,123.52,5.22,1
1293,-6.22,53.15,1.0,1.0,-7.87,-5.54,163.03,5.63,1
1294,-1.82,58.14,1.0,1.0,-5.04,17.33,106.15,5.04,1
1295,-8.77,50.26,1.0,1.0,-9.52,-18.79,195.99,5.97,1
1296,-4.4,55.22,1.0,1.0,-6.7,3.93,139.47,5.39,1
1297,-5.01,54.52,1.0,1.0,-7.09,0.76,147.37,5.47,0
1298,-3.51,56.22,1.0,1.0,-6.13,8.53,128.03,5.27,1
1299,-3.09,56.7,1.0,1.0,-5.86,10.74,122.53,5.21,1
1300,-2.36,57.53,1.0,1.0,-5.39,14.53,113.13,5.11,1
1301,-7.87,51.29,1.0,1.0,-8.94,-14.1,184.33,5.85,1
1302,-7.93,51.21,1.0,1.0,-8.98,-14.43,185.16,5.86,1
1303,-2.61,57.25,1.0,1.0,-5.55,13.25,116.3,5.15,1
1304,-2.41,57.47,1.0,1.0,-5.42,14.25,113.8,5.12,1
1305,-5.05,54.47,1.0,1.0,-7.12,0.52,147.97,5.47,0
1306,-6.53,52.8,1.0,1.0,-8.07,-7.14,167.0,5.67,1
1307,-6.07,53.32,1.0,1.0,-7.78,-4.79,161.16,5.61,1
1308,-6.57,52.76,1.0,1.0,-8.1,-7.34,167.51,5.68,1
1309,-7.82,51.34,1.0,1.0,-8.91,-13.87,183.75,5.84,1
1310,-3.32,56.43,1.0,1.0,-6.01,9.52,125.58,5.24,1
1311,-3.47,56.27,1.0,1.0,-6.1,8.75,127.48,5.26,1
1312,-3.83,55.86,1.0,1.0,-6.34,6.87,132.18,5.31,1
1313,-4.88,54.67,1.0,1.0,-7.01,1.44,145.67,5.45,0
1314,-5.95,53.46,1.0,1.0,-7.7,-4.14,159.55,5.59,1
1315,-7.25,51.98,1.0,1.0,-8.54,-10.91,176.39,5.77,1
1316,-8.25,50.85,1.0,1.0,-9.18,-16.09,189.27,5.9,1
1317,-8.48,50.59,1.0,1.0,-9.33,-17.31,192.3,5.93,1
1318,-7.94,51.2,1.0,1.0,-8.98,-14.48,185.27,5.86,1
1319,-2.66,57.18,1.0,1.0,-5.58,12.96,117.01,5.15,1
1320,-7.09,52.17,1.0,1.0,-8.43,-10.04,174.24,5.74,1
1321,-6.81,52.49,1.0,1.0,-8.25,-8.6,170.64,5.71,1
1322,-5.31,54.18,1.0,1.0,-7.29,-0.82,151.29,5.51,1
1323,-7.23,52.0,1.0,1.0,-8.53,-10.81,176.15,5.76,1
1324,-6.33,53.03,1.0,1.0,-7.94,-6.1,164.43,5.64,1
1325,-3.67,56.04,1.0,1.0,-6.23,7.73,130.03,5.29,1
1326,-8.86,50.16,1.0,1.0,-9.58,-19.28,197.21,5.98,1
1327,-3.97,55.7,1.0,1.0,-6.43,6.15,133.96,5.33,1
1328,-4.98,54.55,1.0,1.0,-7.08,0.89,147.04,5.46,0
1329,-7.06,52.2,1.0,1.0,-8.42,-9.92,173.93,5.74,1
1330,-3.78,55.91,1.0,1.0,-6.31,7.12,131.55,5.3,1
1331,-7.33,51.9,1.0,1.0,-8.59,-11.29,177.34,5.78,1
1332,-2.23,57.68,1.0,1.0,-5.3,15.22,111.39,5.1,1
1333,-3.89,55.79,1.0,1.0,-6.38,6.56,132.95,5.32,1
1334,-8.28,50.81,1.0,1.0,-9.2,-16.27,189.71,5.9,1
1335,-7.45,51.76,1.0,1.0,-8.67,-11.92,178.91,5.79,1
1336,-7.94,51.2,1.0,1.0,-8.99,-14.5,185.32,5.86,1
1337,-8.87,50.15,1.0,1.0,-9.58,-19.32,197.3,5.98,1
1338,-7.32,51.9,1.0,1.0,-8.58,-11.27,177.29,5.78,1
1339,-6.09,53.3,1.0,1.0,-7.79,-4.88,161.39,5.61,1
1340,-4.29,55.33,1.0,1.0,-6.63,4.47,138.15,5.37,1
1341,-4.0,55.67,1.0,1.0,-6.45,5.99,134.35,5.33,1
1342,-1.73,58.24,1.0,1.0,-4.98,17.82,104.94,5.03,1
1343,-4.52,55.08,1.0,1.0,-6.78,3.32,141.0,5.4,1
1344,-5.09,54.43,1.0,1.0,-7.15,0.33,148.44,5.48,1
1345,-6.79,52.5,1.0,1.0,-8.24,-8.53,170.46,5.71,1
1346,-5.44,54.04,1.0,1.0,-7.37,-1.48,152.94,5.53,1
1347,-3.12,56.67,1.0,1.0,-5.87,10.6,122.89,5.22,1
1348,-5.09,54.43,1.0,1.0,-7.15,0.34,148.42,5.48,1
1349,-4.32,55.3,1.0,1.0,-6.65,4.33,138.48,5.38,1
1350,-8.12,50.99,1.0,1.0,-9.1,-15.44,187.66,5.88,1
1351,-4.15,55.5,1.0,1.0,-6.54,5.23,136.26,5.35,1
1352,-2.02,57.92,1.0,1.0,-5.17,16.32,108.67,5.07,1
1353,-1.85,58.11,1.0,1.0,-5.06,17.19,106.5,5.05,1
1354,-2.16,57.76,1.0,1.0,-5.26,15.59,110.48,5.09,1
1355,-2.79,57.04,1.0,1.0,-5.67,12.29,118.69,5.17,1
1356,-4.36,55.25,1.0,1.0,-6.68,4.11,139.03,5.38,1
1357,-3.37,56.38,1.0,1.0,-6.04,9.28,126.18,5.25,1
1358,-3.68,56.03,1.0,1.0,-6.24,7.67,130.18,5.29,1
1359,-2.01,57.93,1.0,1.0,-5.16,16.36,108.56,5.07,1
1360,-5.14,54.37,1.0,1.0,-7.18,0.05,149.13,5.49,1
1361,-1.86,58.09,1.0,1.0,-5.06,17.14,106.63,5.05,1
1362,-5.47,54.0,1.0,1.0,-7.39,-1.65,153.35,5.53,1
1363,-3.89,55.8,1.0,1.0,-6.37,6.59,132.86,5.32,1
1364,-4.14,55.51,1.0,1.0,-6.53,5.28,136.12,5.35,1
1365,-8.11,51.01,1.0,1.0,-9.09,-15.36,187.47,5.88,1
1366,-3.62,56.09,1.0,1.0,-6.2,7.95,129.48,5.28,1
1367,-6.07,53.32,1.0,1.0,-7.78,-4.75,161.08,5.61,1
1368,-2.06,57.87,1.0,1.0,-5.19,16.11,109.2,5.07,1
1369,-8.16,50.95,1.0,1.0,-9.13,-15.65,188.17,5.89,1
1370,-1.94,58.01,1.0,1.0,-5.11,16.73,107.64,5.06,1
1371,-7.04,52.22,1.0,1.0,-8.41,-9.83,173.7,5.74,1
1372,-4.32,55.3,1.0,1.0,-6.65,4.32,138.51,5.38,1
1373,-4.94,54.6,1.0,1.0,-7.05,1.11,146.49,5.46,0
1374,-4.96,54.58,1.0,1.0,-7.06,1.0,146.77,5.46,0
1375,-5.68,53.76,1.0,1.0,-7.53,-2.75,156.09,5.56,1
1376,-5.98,53.42,1.0,1.0,-7.72,-4.3,159.95,5.6,1
1377,-3.77,55.93,1.0,1.0,-6.3,7.2,131.36,5.3,1
1378,-5.11,54.41,1.0,1.0,-7.16,0.25,148.64,5.48,1
1379,-7.32,51.9,1.0,1.0,-8.58,-11.26,177.27,5.78,1
1380,-5.99,53.41,1.0,1.0,-7.73,-4.35,160.06,5.6,1
1381,-4.89,54.66,1.0,1.0,-7.02,1.39,145.8,5.45,0
1382,-2.05,57.88,1.0,1.0,-5.19,16.16,109.07,5.07,1
1383,-4.51,55.09,1.0,1.0,-6.77,3.36,140.91,5.4,1
1384,-3.22,56.55,1.0,1.0,-5.94,10.06,124.25,5.23,1
1385,-4.02,55.64,1.0,1.0,-6.46,5.89,134.59,5.34,1
1386,-6.69,52.62,1.0,1.0,-8.18,-7.97,169.09,5.69,1
1387,-5.64,53.81,1.0,1.0,-7.5,-2.54,155.56,5.55,1
1388,-6.16,53.22,1.0,1.0,-7.83,-5.21,162.21,5.62,1
1389,-5.56,53.9,1.0,1.0,-7.45,-2.13,154.55,5.54,1
1390,-3.88,55.8,1.0,1.0,-6.37,6.62,132.78,5.32,1
1391,-8.91,50.1,1.0,1.0,-9.61,-19.54,197.86,5.99,1
1392,-4.7,54.87,1.0,1.0,-6.89,2.37,143.37,5.43,0
1393,-5.94,53.47,1.0,1.0,-7.69,-4.07,159.39,5.59,1
1394,-8.51,50.56,1.0,1.0,-9.35,-17.45,192.65,5.93,1
1395,-4.25,55.38,1.0,1.0,-6.61,4.69,137.58,5.37,1
1396,-5.77,53.66,1.0,1.0,-7.59,-3.21,157.24,5.57,1
1397,-3.67,56.04,1.0,1.0,-6.23,7.7,130.1,5.29,1
1398,-5.85,53.57,1.0,1.0,-7.64,-3.63,158.28,5.58,1
1399,-8.96,50.05,1.0,1.0,-9.64,-19.78,198.45,5.99,1
1400,-1.98,57.96,1.0,1.0,-5.14,16.51,108.19,5.06,1
1401,-4.27,55.36,1.0,1.0,-6.62,4.58,137.86,5.37,1
1402,-6.86,52.42,1.0,1.0,-8.29,-8.89,171.38,5.72,1
1403,-5.2,54.31,1.0,1.0,-7.22,-0.24,149.85,5.49,1
1404,-5.45,54.02,1.0,1.0,-7.38,-1.54,153.08,5.53,1
1405,-6.82,52.48,1.0,1.0,-8.26,-8.64,170.75,5.71,1
1406,-2.44,57.43,1.0,1.0,-5.44,14.1,114.19,5.13,1
1407,-1.77,58.2,1.0,1.0,-5.0,17.62,105.43,5.04,1
1408,-5.43,54.05,1.0,1.0,-7.36,-1.42,152.78,5.52,1
1409,-8.66,50.39,1.0,1.0,-9.45,-18.23,194.6,5.95,1
1410,-5.04,54.49,1.0,1.0,-7.12,0.59,147.8,5.47,0
1411,-7.75,51.42,1.0,1.0,-8.86,-13.49,182.81,5.83,1
1412,-3.15,56.63,1.0,1.0,-5.9,10.4,123.39,5.22,1
1413,-2.65,57.2,1.0,1.0,-5.57,13.04,116.84,5.15,1
1414,-5.28,54.21,1.0,1.0,-7.27,-0.68,150.95,5.5,1
1415,-6.49,52.84,1.0,1.0,-8.05,-6.96,166.57,5.67,1
1416,-3.27,56.49,1.0,1.0,-5.98,9.77,124.94,5.24,1
1417,-1.81,58.15,1.0,1.0,-5.03,17.39,106.01,5.04,1
1418,-2.52,57.35,1.0,1.0,-5.49,13.72,115.14,5.14,1
1419,-5.77,53.66,1.0,1.0,-7.59,-3.2,157.23,5.57,1
1420,-1.71,58.26,1.0,1.0,-4.97,17.91,104.71,5.03,1
1421,-5.32,54.17,1.0,1.0,-7.3,-0.89,151.46,5.51,1
1422,-4.55,55.05,1.0,1.0,-6.8,3.15,141.41,5.41,1
1423,-4.67,54.9,1.0,1.0,-6.88,2.5,143.05,5.42,0
1424,-6.21,53.16,1.0,1.0,-7.87,-5.51,162.96,5.63,1
1425,-3.12,56.66,1.0,1.0,-5.88,10.55,123.01,5.22,1
1426,-4.59,55.0,1.0,1.0,-6.82,2.94,141.94,5.41,1
1427,-3.63,56.09,1.0,1.0,-6.21,7.93,129.54,5.28,1
1428,-8.81,50.22,1.0,1.0,-9.54,-18.99,196.48,5.97,1
1429,-8.18,50.93,1.0,1.0,-9.14,-15.74,188.41,5.89,1
1430,-4.67,54.91,1.0,1.0,-6.88,2.51,143.01,5.42,0
1431,-4.94,54.61,1.0,1.0,-7.05,1.14,146.43,5.46,0
1432,-6.74,52.56,1.0,1.0,-8.21,-8.24,169.74,5.7,1
1433,-6.49,52.84,1.0,1.0,-8.05,-6.96,166.56,5.67,1
1434,-8.69,50.36,1.0,1.0,-9.46,-18.37,194.94,5.96,1
1435,-4.45,55.15,1.0,1.0,-6.74,3.64,140.2,5.39,1
1436,-2.64,57.21,1.0,1.0,-5.57,13.06,116.77,5.15,1
1437,-2.89,56.92,1.0,1.0,-5.73,11.77,119.99,5.19,1
1438,-1.74,58.23,1.0,1.0,-4.99,17.76,105.08,5.03,1
1439,-8.29,50.81,1.0,1.0,-9.21,-16.31,189.81,5.91,1
1440,-6.55,52.78,1.0,1.0,-8.09,-7.24,167.27,5.67,1
1441,-4.75,54.82,1.0,1.0,-6.93,2.1,144.03,5.43,0
1442,-4.91,54.64,1.0,1.0,-7.03,1.29,146.05,5.45,0
1443,-1.93,58.02,1.0,1.0,-5.11,16.78,107.52,5.06,1
1444,-5.16,54.35,1.0,1.0,-7.19,-0.04,149.35,5.49,0
1445,-3.85,55.84,1.0,1.0,-6.35,6.8,132.35,5.31,1
1446,-4.52,55.08,1.0,1.0,-6.78,3.29,141.08,5.4,1
1447,-7.25,51.99,1.0,1.0,-8.54,-10.89,176.33,5.77,1
1448,-8.3,50.8,1.0,1.0,-9.21,-16.34,189.9,5.91,1
1449,-5.97,53.43,1.0,1.0,-7.71,-4.25,159.82,5.6,1
1450,-8.57,50.49,1.0,1.0,-9.39,-17.76,193.44,5.94,1
1451,-6.7,52.61,1.0,1.0,-8.18,-8.03,169.23,5.69,1
1452,-5.81,53.62,1.0,1.0,-7.61,-3.4,157.73,5.57,1
1453,-7.39,51.82,1.0,1.0,-8.63,-11.64,178.21,5.79,1
1454,-5.14,54.38,1.0,1.0,-7.18,0.08,149.06,5.49,1
1455,-3.1,56.69,1.0,1.0,-5.87,10.67,122.71,5.21,1
1456,-2.55,57.31,1.0,1.0,-5.51,13.54,115.58,5.14,1
1457,-6.77,52.52,1.0,1.0,-8.23,-8.42,170.19,5.7,1
1458,-3.54,56.19,1.0,1.0,-6.15,8.41,128.34,5.27,1
1459,-7.19,52.05,1.0,1.0,-8.5,-10.59,175.6,5.76,1
1460,-8.04,51.09,1.0,1.0,-9.05,-14.98,186.53,5.87,1
1461,-8.02,51.11,1.0,1.0,-9.03,-14.89,186.29,5.87,1
1462,-3.86,55.82,1.0,1.0,-6.35,6.72,132.53,5.31,1
1463,-2.69,57.15,1.0,1.0,-5.6,12.82,117.38,5.16,1
1464,-6.33,53.03,1.0,1.0,-7.94,-6.11,164.44,5.64,1
1465,-4.88,54.67,1.0,1.0,-7.01,1.43,145.69,5.45,0
1466,-4.72,54.85,1.0,1.0,-6.91,2.26,143.64,5.43,0
1467,-8.73,50.31,1.0,1.0,-9.49,-18.59,195.5,5.96,1
1468,-8.36,50.72,1.0,1.0,-9.26,-16.69,190.77,5.92,1
1469,-7.82,51.34,1.0,1.0,-8.91,-13.87,183.75,5.84,1
1470,-6.53,52.8,1.0,1.0,-8.07,-7.13,166.99,5.67,1
1471,-6.2,53.17,1.0,1.0,-7.87,-5.46,162.84,5.63,1
1472,-3.64,56.08,1.0,1.0,-6.21,7.87,129.67,5.29,1
1473,-6.48,52.86,1.0,1.0,-8.04,-6.88,166.38,5.66,1
1474,-7.04,52.22,1.0,1.0,-8.4,-9.82,173.68,5.74,1
1475,-5.07,54.45,1.0,1.0,-7.14,0.42,148.22,5.48,0
1476,-5.85,53.57,1.0,1.0,-7.63,-3.61,158.23,5.58,1
1477,-2.86,56.96,1.0,1.0,-5.71,11.95,119.53,5.18,1
1478,-8.67,50.37,1.0,1.0,-9.46,-18.29,194.75,5.96,1
1479,-2.78,57.04,1.0,1.0,-5.66,12.32,118.61,5.17,1
1480,-3.65,56.07,1.0,1.0,-6.22,7.84,129.75,5.29,1
1481,-2.38,57.5,1.0,1.0,-5.4,14.41,113.42,5.12,1
1482,-5.4,54.08,1.0,1.0,-7.35,-1.29,152.48,5.52,1
1483,-3.95,55.73,1.0,1.0,-6.41,6.27,133.66,5.33,1
1484,-5.02,54.51,1.0,1.0,-7.1,0.71,147.5,5.47,0
1485,-6.13,53.25,1.0,1.0,-7.82,-5.1,161.94,5.62,1
1486,-2.55,57.31,1.0,1.0,-5.51,13.55,115.55,5.14,1
1487,-7.17,52.07,1.0,1.0,-8.49,-10.49,175.34,5.76,1
1488,-6.71,52.6,1.0,1.0,-8.19,-8.07,169.33,5.69,1
1489,-8.77,50.26,1.0,1.0,-9.52,-18.83,196.09,5.97,1
1490,-4.37,55.24,1.0,1.0,-6.69,4.06,139.16,5.38,1
1491,-6.44,52.9,1.0,1.0,-8.02,-6.7,165.92,5.66,1
1492,-6.42,52.92,1.0,1.0,-8.0,-6.58,165.62,5.66,1
1493,-3.64,56.07,1.0,1.0,-6.21,7.86,129.71,5.29,1
1494,-3.97,55.7,1.0,1.0,-6.43,6.14,133.98,5.33,1
1495,-6.03,53.37,1.0,1.0,-7.75,-4.53,160.53,5.6,1
1496,-4.25,55.38,1.0,1.0,-6.6,4.71,137.55,5.37,1
1497,-6.21,53.16,1.0,1.0,-7.87,-5.51,162.97,5.63,1
1498,-2.31,57.59,1.0,1.0,-5.35,14.81,112.43,5.11,1
1499,-2.29,57.6,1.0,1.0,-5.34,14.88,112.24,5.11,1
1500,-3.93,55.74,1.0,1.0,-6.4,6.36,133.44,5.32,1
1501,-3.68,56.03,1.0,1.0,-6.24,7.66,130.21,5.29,1
1502,-3.24,56.53,1.0,1.0,-5.95,9.95,124.5,5.23,1
1503,-1.87,58.08,1.0,1.0,-5.07,17.05,106.85,5.05,1
1504,-7.68,51.49,1.0,1.0,-8.82,-13.14,181.95,5.82,1
1505,-2.6,57.25,1.0,1.0,-5.54,13.27,116.26,5.15,1
1506,-1.59,58.4,1.0,1.0,-4.89,18.53,103.16,5.01,1
1507,-8.5,50.56,1.0,1.0,-9.35,-17.42,192.57,5.93,1
1508,-1.58,58.4,1.0,1.0,-4.89,18.56,103.1,5.01,1
1509,-2.0,57.93,1.0,1.0,-5.16,16.38,108.52,5.07,1
1510,-5.83,53.6,1.0,1.0,-7.62,-3.5,157.97,5.58,1
1511,-5.01,54.52,1.0,1.0,-7.1,0.74,147.41,5.47,0
1512,-7.41,51.8,1.0,1.0,-8.64,-11.73,178.43,5.79,1
1513,-8.13,50.99,1.0,1.0,-9.1,-15.46,187.72,5.88,1
1514,-2.01,57.93,1.0,1.0,-5.16,16.37,108.55,5.07,1
1515,-4.64,54.94,1.0,1.0,-6.86,2.66,142.65,5.42,1
1516,-6.21,53.17,1.0,1.0,-7.87,-5.47,162.85,5.63,1
1517,-2.45,57.42,1.0,1.0,-5.45,14.06,114.29,5.13,1
1518,-1.53,58.47,1.0,1.0,-4.85,18.86,102.35,5.0,1
1519,-8.55,50.51,1.0,1.0,-9.38,-17.67,193.21,5.94,1
1520,-5.72,53.72,1.0,1.0,-7.55,-2.95,156.6,5.56,1
1521,-5.42,54.06,1.0,1.0,-7.36,-1.37,152.66,5.52,1
1522,-2.15,57.76,1.0,1.0,-5.25,15.6,110.45,5.09,1
1523,-2.99,56.82,1.0,1.0,-5.79,11.28,121.21,5.2,1
1524,-7.94,51.2,1.0,1.0,-8.98,-14.5,185.31,5.86,1
1525,-5.15,54.36,1.0,1.0,-7.18,0.03,149.19,5.49,0
1526,-6.47,52.86,1.0,1.0,-8.04,-6.86,166.32,5.66,1
1527,-2.86,56.96,1.0,1.0,-5.71,11.92,119.61,5.18,1
1528,-8.92,50.09,1.0,1.0,-9.62,-19.6,198.0,5.99,1
1529,-7.17,52.08,1.0,1.0,-8.49,-10.47,175.31,5.76,1
1530,-6.65,52.66,1.0,1.0,-8.15,-7.78,168.62,5.69,1
1531,-2.48,57.39,1.0,1.0,-5.46,13.93,114.62,5.13,1
1532,-1.53,58.46,1.0,1.0,-4.85,18.84,102.4,5.0,1
1533,-5.44,54.03,1.0,1.0,-7.37,-1.5,152.98,5.53,1
1534,-8.32,50.77,1.0,1.0,-9.23,-16.48,190.25,5.91,1
1535,-1.67,58.31,1.0,1.0,-4.94,18.13,104.16,5.02,1
1536,-2.54,57.33,1.0,1.0,-5.5,13.61,115.4,5.14,1
1537,-4.37,55.25,1.0,1.0,-6.68,4.08,139.12,5.38,1
1538,-4.77,54.79,1.0,1.0,-6.94,2.0,144.29,5.44,0
1539,-1.82,58.14,1.0,1.0,-5.04,17.34,106.13,5.04,1
1540,-8.59,50.46,1.0,1.0,-9.41,-17.89,193.75,5.95,1
1541,-4.82,54.74,1.0,1.0,-6.97,1.75,144.9,5.44,0
1542,-2.53,57.33,1.0,1.0,-5.5,13.62,115.38,5.14,1
1543,-3.83,55.85,1.0,1.0,-6.34,6.86,132.2,5.31,1
1544,-1.67,58.3,1.0,1.0,-4.94,18.1,104.23,5.02,1
1545,-3.6,56.12,1.0,1.0,-6.19,8.08,129.16,5.28,1
1546,-5.92,53.5,1.0,1.0,-7.68,-3.96,159.11,5.59,1
1547,-8.33,50.76,1.0,1.0,-9.23,-16.52,190.33,5.91,1
1548,-3.26,56.51,1.0,1.0,-5.96,9.87,124.7,5.23,1
1549,-6.54,52.79,1.0,1.0,-8.08,-7.2,167.18,5.67,1
1550,-3.79,55.91,1.0,1.0,-6.31,7.11,131.56,5.3,1
1551,-2.17,57.75,1.0,1.0,-5.26,15.54,110.61,5.09,1
1552,-8.61,50.44,1.0,1.0,-9.42,-17.99,194.01,5.95,1
1553,-6.78,52.52,1.0,1.0,-8.23,-8.44,170.25,5.7,1
1554,-2.15,57.76,1.0,1.0,-5.25,15.6,110.45,5.09,1
1555,-3.8,55.9,1.0,1.0,-6.31,7.05,131.73,5.31,1
1556,-5.33,54.16,1.0,1.0,-7.3,-0.92,151.54,5.51,1
1557,-5.56,53.9,1.0,1.0,-7.45,-2.09,154.45,5.54,1
1558,-5.5,53.96,1.0,1.0,-7.41,-1.82,153.79,5.53,1
1559,-3.32,56.44,1.0,1.0,-6.01,9.53,125.56,5.24,1
1560,-7.66,51.52,1.0,1.0,-8.8,-13.04,181.68,5.82,1
1561,-5.92,53.49,1.0,1.0,-7.68,-4.01,159.22,5.59,1
1562,-3.55,56.17,1.0,1.0,-6.16,8.33,128.54,5.27,1
1563,-8.82,50.2,1.0,1.0,-9.55,-19.08,196.7,5.98,1
1564,-4.18,55.46,1.0,1.0,-6.56,5.04,136.72,5.36,1
1565,-4.82,54.74,1.0,1.0,-6.97,1.73,144.94,5.44,0
1566,-8.11,51.0,1.0,1.0,-9.1,-15.4,187.55,5.88,1
1567,-5.93,53.48,1.0,1.0,-7.69,-4.04,159.3,5.59,1
1568,-7.17,52.07,1.0,1.0,-8.49,-10.49,175.36,5.76,1
1569,-6.4,52.95,1.0,1.0,-7.99,-6.49,165.39,5.65,1
1570,-7.24,52.0,1.0,1.0,-8.53,-10.83,176.2,5.76,1
1571,-8.13,50.98,1.0,1.0,-9.11,-15.48,187.76,5.88,1
1572,-8.69,50.35,1.0,1.0,-9.47,-18.41,195.05,5.96,1
1573,-6.2,53.17,1.0,1.0,-7.86,-5.45,162.81,5.63,1
1574,-2.0,57.93,1.0,1.0,-5.16,16.39,108.5,5.07,1
1575,-8.99,50.01,1.0,1.0,-9.66,-19.95,198.89,6.0,1
1576,-2.89,56.93,1.0,1.0,-5.73,11.78,119.95,5.19,1
1577,-6.64,52.67,1.0,1.0,-8.15,-7.74,168.5,5.69,1
1578,-8.27,50.83,1.0,1.0,-9.2,-16.19,189.54,5.9,1
1579,-4.01,55.66,1.0,1.0,-6.45,5.96,134.44,5.33,1
1580,-5.94,53.47,1.0,1.0,-7.69,-4.08,159.41,5.59,1
1581,-2.13,57.78,1.0,1.0,-5.24,15.71,110.17,5.08,1
1582,-4.15,55.49,1.0,1.0,-6.54,5.2,136.33,5.35,1
1583,-1.61,58.38,1.0,1.0,-4.9,18.43,103.41,5.01,1
1584,-5.79,53.64,1.0,1.0,-7.6,-3.31,157.49,5.57,1
1585,-7.74,51.43,1.0,1.0,-8.85,-13.43,182.66,5.83,1
1586,-7.5,51.7,1.0,1.0,-8.7,-12.19,179.59,5.8,1
1587,-8.06,51.07,1.0,1.0,-9.06,-15.11,186.83,5.87,1
1588,-6.76,52.54,1.0,1.0,-8.22,-8.36,170.05,5.7,1
1589,-1.78,58.18,1.0,1.0,-5.02,17.53,105.67,5.04,1
1590,-2.63,57.22,1.0,1.0,-5.56,13.13,116.59,5.15,1
1591,-4.62,54.96,1.0,1.0,-6.84,2.78,142.35,5.42,1
1592,-4.94,54.6,1.0,1.0,-7.05,1.11,146.48,5.46,0
1593,-5.39,54.09,1.0,1.0,-7.34,-1.21,152.28,5.52,1
1594,-1.65,58.33,1.0,1.0,-4.93,18.21,103.95,5.02,1
1595,-2.91,56.9,1.0,1.0,-5.74,11.65,120.27,5.19,1
1596,-5.75,53.68,1.0,1.0,-7.57,-3.11,156.99,5.57,1
1597,-4.23,55.41,1.0,1.0,-6.59,4.83,137.24,5.36,1
1598,-4.73,54.84,1.0,1.0,-6.92,2.2,143.78,5.43,0
1599,-2.82,57.0,1.0,1.0,-5.69,12.12,119.1,5.18,1
1600,-6.59,52.73,1.0,1.0,-8.11,-7.47,167.85,5.68,1
1601,-6.45,52.89,1.0,1.0,-8.03,-6.76,166.07,5.66,1
1602,-2.07,57.86,1.0,1.0,-5.2,16.04,109.35,5.08,1
1603,-2.64,57.21,1.0,1.0,-5.57,13.08,116.73,5.15,1
1604,-2.09,57.83,1.0,1.0,-5.21,15.95,109.6,5.08,1
1605,-4.01,55.66,1.0,1.0,-6.45,5.97,134.4,5.33,1
1606,-2.75,57.09,1.0,1.0,-5.64,12.51,118.13,5.17,1
1607,-3.53,56.2,1.0,1.0,-6.14,8.45,128.23,5.27,1
1608,-4.6,54.98,1.0,1.0,-6.83,2.86,142.14,5.41,1
1609,-8.82,50.21,1.0,1.0,-9.55,-19.05,196.63,5.98,1
1610,-3.79,55.91,1.0,1.0,-6.31,7.12,131.56,5.3,1
1611,-8.02,51.11,1.0,1.0,-9.04,-14.91,186.34,5.87,1
1612,-4.81,54.75,1.0,1.0,-6.96,1.81,144.76,5.44,0
1613,-1.71,58.27,1.0,1.0,-4.97,17.93,104.67,5.03,1
1614,-2.66,57.19,1.0,1.0,-5.58,12.98,116.96,5.15,1
1615,-6.68,52.63,1.0,1.0,-8.17,-7.92,168.95,5.69,1
1616,-2.94,56.87,1.0,1.0,-5.76,11.54,120.56,5.19,1
1617,-6.55,52.78,1.0,1.0,-8.09,-7.26,167.31,5.67,1
1618,-3.54,56.19,1.0,1.0,-6.15,8.4,128.36,5.27,1
1619,-3.55,56.17,1.0,1.0,-6.16,8.32,128.55,5.27,1
1620,-7.22,52.01,1.0,1.0,-8.52,-10.76,176.03,5.76,1
1621,-6.1,53.29,1.0,1.0,-7.8,-4.91,161.46,5.61,1
1622,-3.17,56.6,1.0,1.0,-5.91,10.3,123.63,5.22,1
1623,-1.84,58.11,1.0,1.0,-5.06,17.21,106.45,5.05,1
1624,-2.32,57.57,1.0,1.0,-5.36,14.75,112.57,5.11,1
1625,-8.53,50.53,1.0,1.0,-9.37,-17.57,192.96,5.94,1
1626,-6.41,52.94,1.0,1.0,-8.0,-6.52,165.48,5.65,1
1627,-3.65,56.06,1.0,1.0,-6.22,7.82,129.81,5.29,1
1628,-8.85,50.17,1.0,1.0,-9.57,-19.23,197.09,5.98,1
1629,-8.4,50.68,1.0,1.0,-9.28,-16.88,191.23,5.92,1
1630,-1.76,58.2,1.0,1.0,-5.0,17.63,105.42,5.04,1
1631,-5.3,54.2,1.0,1.0,-7.28,-0.75,151.12,5.51,1
1632,-3.3,56.46,1.0,1.0,-5.99,9.66,125.23,5.24,1
1633,-2.17,57.75,1.0,1.0,-5.26,15.54,110.62,5.09,1
1634,-6.87,52.41,1.0,1.0,-8.3,-8.95,171.51,5.72,1
1635,-8.4,50.69,1.0,1.0,-9.28,-16.86,191.18,5.92,1
1636,-7.24,51.99,1.0,1.0,-8.53,-10.87,176.28,5.77,1
1637,-4.54,55.06,1.0,1.0,-6.79,3.21,141.28,5.4,1
1638,-7.48,51.72,1.0,1.0,-8.69,-12.11,179.38,5.8,1
1639,-7.21,52.03,1.0,1.0,-8.51,-10.7,175.86,5.76,1
1640,-3.29,56.47,1.0,1.0,-5.99,9.7,125.12,5.24,1
1641,-6.86,52.43,1.0,1.0,-8.29,-8.87,171.33,5.71,1
1642,-7.39,51.82,1.0,1.0,-8.63,-11.64,178.2,5.79,1
1643,-6.42,52.93,1.0,1.0,-8.0,-6.58,165.62,5.66,1
1644,-8.65,50.4,1.0,1.0,-9.44,-18.17,194.44,5.95,1
1645,-5.36,54.13,1.0,1.0,-7.32,-1.07,151.91,5.51,1
1646,-3.99,55.68,1.0,1.0,-6.44,6.06,134.18,5.33,1
1647,-8.37,50.72,1.0,1.0,-9.26,-16.71,190.82,5.92,1
1648,-2.07,57.86,1.0,1.0,-5.2,16.06,109.31,5.08,1
1649,-7.97,51.16,1.0,1.0,-9.0,-14.66,185.71,5.86,1
1650,-8.56,50.5,1.0,1.0,-9.38,-17.7,193.29,5.94,1
1651,-6.54,52.79,1.0,1.0,-8.08,-7.2,167.16,5.67,1
1652,-2.4,57.48,1.0,1.0,-5.41,14.34,113.6,5.12,1
1653,-7.34,51.88,1.0,1.0,-8.6,-11.37,177.54,5.78,1
1654,-6.73,52.58,1.0,1.0,-8.2,-8.18,169.6,5.7,1
1655,-8.9,50.11,1.0,1.0,-9.6,-19.47,197.69,5.99,1
1656,-6.77,52.53,1.0,1.0,-8.23,-8.41,170.18,5.7,1
1657,-8.38,50.7,1.0,1.0,-9.27,-16.8,191.04,5.92,1
1658,-4.1,55.55,1.0,1.0,-6.51,5.46,135.68,5.35,1
1659,-2.6,57.25,1.0,1.0,-5.54,13.29,116.21,5.15,1
1660,-8.05,51.08,1.0,1.0,-9.05,-15.05,186.7,5.87,1
1661,-4.82,54.74,1.0,1.0,-6.97,1.74,144.93,5.44,0
1662,-8.52,50.54,1.0,1.0,-9.36,-17.5,192.78,5.94,1
1663,-7.19,52.05,1.0,1.0,-8.5,-10.6,175.62,5.76,1
1664,-6.99,52.27,1.0,1.0,-8.37,-9.57,173.05,5.73,1
1665,-5.81,53.62,1.0,1.0,-7.61,-3.41,157.74,5.57,1
1666,-3.04,56.75,1.0,1.0,-5.83,10.98,121.96,5.21,1
1667,-5.3,54.2,1.0,1.0,-7.28,-0.73,151.08,5.51,1
1668,-2.27,57.63,1.0,1.0,-5.33,15.0,111.96,5.1,1
1669,-3.37,56.38,1.0,1.0,-6.04,9.27,126.2,5.25,1
1670,-5.79,53.64,1.0,1.0,-7.6,-3.31,157.48,5.57,1
1671,-8.3,50.79,1.0,1.0,-9.22,-16.37,189.96,5.91,1
1672,-7.86,51.29,1.0,1.0,-8.93,-14.07,184.25,5.85,1
1673,-8.18,50.93,1.0,1.0,-9.14,-15.75,188.43,5.89,1
1674,-4.42,55.19,1.0,1.0,-6.71,3.82,139.75,5.39,1
1675,-4.05,55.61,1.0,1.0,-6.48,5.75,134.96,5.34,1
1676,-7.65,51.53,1.0,1.0,-8.8,-12.99,181.57,5.82,1
1677,-5.99,53.41,1.0,1.0,-7.73,-4.35,160.09,5.6,1
1678,-3.28,56.49,1.0,1.0,-5.98,9.76,124.98,5.24,1
1679,-4.11,55.54,1.0,1.0,-6.52,5.41,135.8,5.35,1
1680,-7.09,52.17,1.0,1.0,-8.43,-10.04,174.24,5.74,1
1681,-7.52,51.68,1.0,1.0,-8.71,-12.31,179.87,5.8,1
1682,-8.01,51.13,1.0,1.0,-9.03,-14.83,186.14,5.87,1
1683,-5.59,53.86,1.0,1.0,-7.47,-2.29,154.95,5.55,1
1684,-8.62,50.43,1.0,1.0,-9.42,-18.01,194.04,5.95,1
1685,-2.13,57.78,1.0,1.0,-5.24,15.71,110.2,5.08,1
1686,-4.58,55.0,1.0,1.0,-6.82,2.96,141.89,5.41,1
1687,-2.39,57.49,1.0,1.0,-5.4,14.39,113.47,5.12,1
1688,-6.01,53.39,1.0,1.0,-7.74,-4.46,160.35,5.6,1
1689,-3.82,55.88,1.0,1.0,-6.33,6.96,131.95,5.31,1
1690,-4.17,55.48,1.0,1.0,-6.55,5.14,136.48,5.36,1
1691,-7.39,51.82,1.0,1.0,-8.63,-11.63,178.18,5.79,1
1692,-8.55,50.51,1.0,1.0,-9.38,-17.68,193.22,5.94,1
1693,-7.56,51.63,1.0,1.0,-8.74,-12.53,180.43,5.81,1
1694,-3.49,56.24,1.0,1.0,-6.12,8.63,127.79,5.27,1
1695,-4.37,55.25,1.0,1.0,-6.68,4.07,139.13,5.38,1
1696,-5.81,53.61,1.0,1.0,-7.61,-3.44,157.8,5.58,1
1697,-3.53,56.19,1.0,1.0,-6.14,8.42,128.32,5.27,1
1698,-7.17,52.07,1.0,1.0,-8.49,-10.49,175.34,5.76,1
1699,-5.28,54.21,1.0,1.0,-7.27,-0.66,150.9,5.5,1
1700,-1.59,58.39,1.0,1.0,-4.89,18.51,103.23,5.01,1
1701,-2.58,57.27,1.0,1.0,-5.53,13.38,115.98,5.14,1
1702,-5.11,54.41,1.0,1.0,-7.16,0.23,148.68,5.48,1
1703,-3.14,56.65,1.0,1.0,-5.89,10.5,123.15,5.22,1
1704,-5.24,54.27,1.0,1.0,-7.24,-0.43,150.33,5.5,1
1705,-7.65,51.53,1.0,1.0,-8.8,-12.99,181.56,5.82,1
1706,-6.92,52.36,1.0,1.0,-8.32,-9.16,172.04,5.72,1
1707,-7.3,51.93,1.0,1.0,-8.57,-11.15,177.0,5.77,1
1708,-7.43,51.78,1.0,1.0,-8.66,-11.85,178.72,5.79,1
1709,-3.39,56.36,1.0,1.0,-6.05,9.17,126.45,5.25,1
1710,-2.54,57.33,1.0,1.0,-5.5,13.61,115.4,5.14,1
1711,-2.7,57.14,1.0,1.0,-5.61,12.75,117.56,5.16,1
1712,-5.61,53.84,1.0,1.0,-7.48,-2.38,155.18,5.55,1
1713,-3.13,56.65,1.0,1.0,-5.88,10.53,123.07,5.22,1
1714,-4.61,54.98,1.0,1.0,-6.83,2.85,142.17,5.41,1
1715,-2.0,57.94,1.0,1.0,-5.15,16.42,108.41,5.07,1
1716,-7.12,52.13,1.0,1.0,-8.46,-10.23,174.69,5.75,1
1717,-6.95,52.32,1.0,1.0,-8.35,-9.36,172.55,5.73,1
1718,-8.15,50.96,1.0,1.0,-9.12,-15.61,188.07,5.89,1
1719,-8.93,50.08,1.0,1.0,-9.62,-19.64,198.11,5.99,1
1720,-7.37,51.85,1.0,1.0,-8.62,-11.52,177.91,5.78,1
1721,-7.2,52.04,1.0,1.0,-8.5,-10.62,175.68,5.76,1
1722,-2.7,57.14,1.0,1.0,-5.61,12.75,117.55,5.16,1
1723,-2.61,57.24,1.0,1.0,-5.55,13.21,116.4,5.15,1
1724,-6.87,52.42,1.0,1.0,-8.29,-8.91,171.41,5.72,1
1725,-3.92,55.76,1.0,1.0,-6.39,6.44,133.24,5.32,1
1726,-3.6,56.12,1.0,1.0,-6.19,8.09,129.14,5.28,1
1727,-4.41,55.2,1.0,1.0,-6.71,3.88,139.61,5.39,1
1728,-2.69,57.15,1.0,1.0,-5.6,12.8,117.41,5.16,1
1729,-6.15,53.23,1.0,1.0,-7.83,-5.19,162.15,5.62,1
1730,-7.31,51.92,1.0,1.0,-8.58,-11.21,177.14,5.77,1
1731,-2.28,57.61,1.0,1.0,-5.34,14.94,112.1,5.1,1
1732,-7.42,51.79,1.0,1.0,-8.65,-11.77,178.52,5.79,1
1733,-7.85,51.31,1.0,1.0,-8.92,-14.0,184.08,5.85,1
1734,-8.73,50.31,1.0,1.0,-9.49,-18.57,195.45,5.96,1
1735,-5.67,53.77,1.0,1.0,-7.52,-2.7,155.97,5.56,1
1736,-7.61,51.57,1.0,1.0,-8.77,-12.79,181.06,5.82,1
1737,-8.96,50.04,1.0,1.0,-9.64,-19.8,198.51,5.99,1
1738,-1.69,58.28,1.0,1.0,-4.96,18.0,104.48,5.03,1
1739,-5.28,54.21,1.0,1.0,-7.27,-0.68,150.94,5.5,1
1740,-4.19,55.45,1.0,1.0,-6.57,4.99,136.84,5.36,1
1741,-5.08,54.45,1.0,1.0,-7.14,0.41,148.24,5.48,0
1742,-7.79,51.37,1.0,1.0,-8.89,-13.71,183.34,5.84,1
1743,-6.98,52.29,1.0,1.0,-8.37,-9.5,172.88,5.73,1
1744,-2.12,57.79,1.0,1.0,-5.23,15.76,110.06,5.08,1
1745,-2.32,57.57,1.0,1.0,-5.36,14.74,112.6,5.11,1
1746,-6.85,52.44,1.0,1.0,-8.28,-8.8,171.16,5.71,1
1747,-6.26,53.11,1.0,1.0,-7.9,-5.74,163.54,5.63,1
1748,-4.36,55.26,1.0,1.0,-6.67,4.15,138.94,5.38,1
1749,-6.21,53.16,1.0,1.0,-7.87,-5.51,162.95,5.63,1
1750,-4.09,55.57,1.0,1.0,-6.5,5.54,135.49,5.35,1
1751,-2.68,57.16,1.0,1.0,-5.59,12.86,117.28,5.16,1
1752,-3.17,56.6,1.0,1.0,-5.91,10.3,123.63,5.22,1
1753,-8.7,50.34,1.0,1.0,-9.47,-18.42,195.07,5.96,1
1754,-1.95,57.99,1.0,1.0,-5.12,16.65,107.84,5.06,1
1755,-5.51,53.96,1.0,1.0,-7.42,-1.85,153.86,5.53,1
1756,-7.14,52.11,1.0,1.0,-8.47,-10.31,174.89,5.75,1
1757,-7.88,51.27,1.0,1.0,-8.94,-14.17,184.5,5.85,1
1758,-5.62,53.83,1.0,1.0,-7.49,-2.44,155.34,5.55,1
1759,-7.5,51.7,1.0,1.0,-8.7,-12.2,179.61,5.8,1
1760,-7.39,51.82,1.0,1.0,-8.63,-11.63,178.18,5.79,1
1761,-5.68,53.76,1.0,1.0,-7.53,-2.76,156.11,5.56,1
1762,-7.59,51.6,1.0,1.0,-8.76,-12.67,180.77,5.81,1
1763,-3.36,56.39,1.0,1.0,-6.03,9.32,126.07,5.25,1
1764,-5.05,54.48,1.0,1.0,-7.12,0.54,147.91,5.47,0
1765,-1.86,58.09,1.0,1.0,-5.06,17.14,106.62,5.05,1
1766,-1.91,58.03,1.0,1.0,-5.1,16.86,107.33,5.05,1
1767,-3.67,56.04,1.0,1.0,-6.23,7.71,130.09,5.29,1
1768,-6.69,52.62,1.0,1.0,-8.18,-7.98,169.1,5.69,1
1769,-1.55,58.45,1.0,1.0,-4.86,18.76,102.59,5.01,1
1770,-4.2,55.44,1.0,1.0,-6.57,4.96,136.92,5.36,1
1771,-4.99,54.54,1.0,1.0,-7.09,0.83,147.19,5.47,0
1772,-8.32,50.77,1.0,1.0,-9.23,-16.45,190.18,5.91,1
1773,-1.54,58.45,1.0,1.0,-4.86,18.77,102.57,5.01,1
1774,-1.61,58.38,1.0,1.0,-4.9,18.43,103.42,5.01,1
1775,-7.05,52.21,1.0,1.0,-8.41,-9.86,173.79,5.74,1
1776,-4.17,55.48,1.0,1.0,-6.55,5.12,136.52,5.36,1
1777,-4.6,54.99,1.0,1.0,-6.83,2.87,142.11,5.41,1
1778,-4.27,55.36,1.0,1.0,-6.62,4.58,137.86,5.37,1
1779,-2.42,57.45,1.0,1.0,-5.43,14.2,113.94,5.12,1
1780,-3.73,55.97,1.0,1.0,-6.27,7.4,130.86,5.3,1
1781,-3.31,56.45,1.0,1.0,-6.0,9.59,125.41,5.24,1
1782,-4.6,54.99,1.0,1.0,-6.83,2.88,142.09,5.41,1
1783,-3.45,56.28,1.0,1.0,-6.09,8.83,127.28,5.26,1
1784,-4.73,54.84,1.0,1.0,-6.91,2.23,143.71,5.43,0
1785,-8.49,50.58,1.0,1.0,-9.34,-17.33,192.35,5.93,1
1786,-6.87,52.42,1.0,1.0,-8.29,-8.92,171.44,5.72,1
1787,-6.57,52.75,1.0,1.0,-8.1,-7.39,167.63,5.68,1
1788,-6.64,52.67,1.0,1.0,-8.15,-7.74,168.51,5.69,1
1789,-6.98,52.29,1.0,1.0,-8.37,-9.51,172.9,5.73,1
1790,-8.87,50.15,1.0,1.0,-9.58,-19.32,197.3,5.98,1
1791,-3.68,56.03,1.0,1.0,-6.24,7.69,130.13,5.29,1
1792,-2.47,57.4,1.0,1.0,-5.46,13.96,114.53,5.13,1
1793,-2.05,57.88,1.0,1.0,-5.19,16.15,109.1,5.07,1
1794,-6.63,52.69,1.0,1.0,-8.14,-7.68,168.35,5.68,1
1795,-4.55,55.05,1.0,1.0,-6.8,3.15,141.42,5.41,1
1796,-4.27,55.36,1.0,1.0,-6.62,4.59,137.85,5.37,1
1797,-3.32,56.43,1.0,1.0,-6.01,9.52,125.59,5.24,1
1798,-4.32,55.31,1.0,1.0,-6.65,4.34,138.45,5.38,1
1799,-7.88,51.27,1.0,1.0,-8.95,-14.18,184.53,5.85,1
1800,-3.45,56.29,1.0,1.0,-6.09,8.86,127.23,5.26,1
1801,-4.1,55.55,1.0,1.0,-6.51,5.48,135.62,5.35,1
1802,-4.48,55.12,1.0,1.0,-6.75,3.5,140.55,5.4,1
1803,-2.61,57.24,1.0,1.0,-5.55,13.21,116.4,5.15,1
1804,-8.5,50.56,1.0,1.0,-9.35,-17.41,192.56,5.93,1
1805,-7.7,51.47,1.0,1.0,-8.83,-13.24,182.2,5.83,1
1806,-4.52,55.07,1.0,1.0,-6.78,3.28,141.1,5.4,1
1807,-3.02,56.78,1.0,1.0,-5.81,11.09,121.67,5.2,1
1808,-8.02,51.11,1.0,1.0,-9.03,-14.9,186.32,5.87,1
1809,-8.38,50.7,1.0,1.0,-9.27,-16.78,191.0,5.92,1
1810,-1.64,58.35,1.0,1.0,-4.92,18.29,103.76,5.02,1
1811,-4.34,55.28,1.0,1.0,-6.67,4.21,138.79,5.38,1
1812,-7.28,51.95,1.0,1.0,-8.56,-11.04,176.72,5.77,1
1813,-4.65,54.93,1.0,1.0,-6.87,2.6,142.79,5.42,1
1814,-4.93,54.62,1.0,1.0,-7.04,1.18,146.33,5.46,0
1815,-4.42,55.19,1.0,1.0,-6.72,3.81,139.78,5.39,1
1816,-3.01,56.79,1.0,1.0,-5.8,11.16,121.49,5.2,1
1817,-8.6,50.46,1.0,1.0,-9.41,-17.9,193.77,5.95,1
1818,-7.32,51.9,1.0,1.0,-8.59,-11.28,177.31,5.78,1
1819,-6.89,52.39,1.0,1.0,-8.31,-9.03,171.71,5.72,1
1820,-4.32,55.3,1.0,1.0,-6.65,4.31,138.52,5.38,1
1821,-2.92,56.89,1.0,1.0,-5.75,11.62,120.35,5.19,1
1822,-7.61,51.58,1.0,1.0,-8.77,-12.75,180.98,5.81,1
1823,-8.85,50.17,1.0,1.0,-9.57,-19.21,197.04,5.98,1
1824,-1.59,58.4,1.0,1.0,-4.89,18.55,103.12,5.01,1
1825,-2.87,56.95,1.0,1.0,-5.71,11.89,119.69,5.18,1
1826,-7.78,51.38,1.0,1.0,-8.88,-13.65,183.2,5.84,1
1827,-6.71,52.6,1.0,1.0,-8.19,-8.08,169.35,5.69,1
1828,-2.07,57.86,1.0,1.0,-5.2,16.06,109.31,5.08,1
1829,-1.58,58.41,1.0,1.0,-4.88,18.6,103.0,5.01,1
1830,-8.26,50.84,1.0,1.0,-9.19,-16.15,189.43,5.9,1
1831,-4.76,54.8,1.0,1.0,-6.93,2.05,144.17,5.43,0
1832,-8.7,50.34,1.0,1.0,-9.47,-18.42,195.08,5.96,1
1833,-6.38,52.97,1.0,1.0,-7.98,-6.36,165.09,5.65,1
1834,-6.05,53.34,1.0,1.0,-7.77,-4.68,160.9,5.61,1
1835,-6.27,53.09,1.0,1.0,-7.91,-5.82,163.73,5.64,1
1836,-3.77,55.93,1.0,1.0,-6.29,7.22,131.3,5.3,1
1837,-6.76,52.53,1.0,1.0,-8.23,-8.38,170.09,5.7,1
1838,-1.89,58.06,1.0,1.0,-5.09,16.97,107.06,5.05,1
1839,-1.92,58.03,1.0,1.0,-5.1,16.82,107.42,5.06,1
1840,-8.05,51.07,1.0,1.0,-9.06,-15.07,186.73,5.87,1
1841,-1.72,58.25,1.0,1.0,-4.97,17.87,104.8,5.03,1
1842,-6.34,53.02,1.0,1.0,-7.95,-6.16,164.57,5.65,1
1843,-1.99,57.94,1.0,1.0,-5.15,16.44,108.36,5.07,1
1844,-1.67,58.31,1.0,1.0,-4.94,18.13,104.16,5.02,1
1845,-1.58,58.41,1.0,1.0,-4.88,18.61,102.97,5.01,1
1846,-2.17,57.74,1.0,1.0,-5.26,15.52,110.66,5.09,1
1847,-3.26,56.51,1.0,1.0,-5.97,9.86,124.72,5.23,1
1848,-8.87,50.14,1.0,1.0,-9.59,-19.35,197.37,5.98,1
1849,-2.65,57.19,1.0,1.0,-5.58,13.0,116.93,5.15,1
1850,-8.74,50.29,1.0,1.0,-9.5,-18.66,195.68,5.97,1
1851,-3.21,56.56,1.0,1.0,-5.94,10.09,124.17,5.23,1
1852,-8.33,50.76,1.0,1.0,-9.23,-16.5,190.3,5.91,1
1853,-2.59,57.26,1.0,1.0,-5.54,13.33,116.1,5.15,1
1854,-6.96,52.31,1.0,1.0,-8.36,-9.42,172.68,5.73,1
1855,-8.37,50.71,1.0,1.0,-9.26,-16.73,190.87,5.92,1
1856,-5.66,53.78,1.0,1.0,-7.52,-2.64,155.83,5.55,1
1857,-8.14,50.98,1.0,1.0,-9.11,-15.5,187.82,5.88,1
1858,-2.29,57.6,1.0,1.0,-5.35,14.87,112.28,5.11,1
1859,-1.91,58.03,1.0,1.0,-5.1,16.84,107.37,5.06,1
1860,-4.93,54.61,1.0,1.0,-7.05,1.15,146.41,5.46,0
1861,-5.69,53.75,1.0,1.0,-7.54,-2.81,156.24,5.56,1
1862,-1.67,58.3,1.0,1.0,-4.95,18.09,104.26,5.02,1
1863,-4.61,54.98,1.0,1.0,-6.84,2.83,142.23,5.41,1
1864,-8.67,50.37,1.0,1.0,-9.46,-18.3,194.77,5.96,1
1865,-2.69,57.15,1.0,1.0,-5.6,12.79,117.45,5.16,1
1866,-5.36,54.13,1.0,1.0,-7.32,-1.07,151.91,5.51,1
1867,-6.22,53.16,1.0,1.0,-7.87,-5.52,162.98,5.63,1
1868,-8.55,50.51,1.0,1.0,-9.38,-17.67,193.21,5.94,1
1869,-2.43,57.45,1.0,1.0,-5.43,14.19,113.97,5.12,1
1870,-2.81,57.02,1.0,1.0,-5.68,12.2,118.9,5.17,1
1871,-1.76,58.21,1.0,1.0,-5.0,17.67,105.31,5.03,1
1872,-6.39,52.96,1.0,1.0,-7.98,-6.41,165.2,5.65,1
1873,-3.22,56.55,1.0,1.0,-5.94,10.05,124.25,5.23,1
1874,-4.86,54.69,1.0,1.0,-7.0,1.51,145.51,5.45,0
1875,-4.49,55.12,1.0,1.0,-6.76,3.47,140.62,5.4,1
1876,-3.65,56.06,1.0,1.0,-6.22,7.8,129.86,5.29,1
1877,-2.02,57.91,1.0,1.0,-5.17,16.3,108.71,5.07,1
1878,-6.74,52.56,1.0,1.0,-8.21,-8.27,169.83,5.7,1
1879,-6.57,52.76,1.0,1.0,-8.1,-7.34,167.52,5.68,1
1880,-6.61,52.71,1.0,1.0,-8.13,-7.57,168.1,5.68,1
1881,-8.68,50.37,1.0,1.0,-9.46,-18.32,194.82,5.96,1
1882,-6.17,53.21,1.0,1.0,-7.84,-5.26,162.35,5.62,1
1883,-4.31,55.31,1.0,1.0,-6.65,4.36,138.4,5.38,1
1884,-3.18,56.59,1.0,1.0,-5.92,10.26,123.75,5.22,1
1885,-6.1,53.28,1.0,1.0,-7.8,-4.94,161.53,5.61,1
1886,-6.17,53.21,1.0,1.0,-7.84,-5.29,162.42,5.62,1
1887,-2.34,57.55,1.0,1.0,-5.37,14.65,112.82,5.11,1
1888,-2.35,57.54,1.0,1.0,-5.38,14.58,112.99,5.11,1
1889,-5.92,53.49,1.0,1.0,-7.68,-3.97,159.13,5.59,1
1890,-1.83,58.13,1.0,1.0,-5.05,17.29,106.26,5.04,1
1891,-7.54,51.66,1.0,1.0,-8.72,-12.38,180.06,5.8,1
1892,-5.56,53.9,1.0,1.0,-7.45,-2.12,154.53,5.54,1
1893,-7.5,51.7,1.0,1.0,-8.7,-12.19,179.58,5.8,1
1894,-4.12,55.53,1.0,1.0,-6.52,5.39,135.85,5.35,1
1895,-4.39,55.22,1.0,1.0,-6.7,3.96,139.41,5.39,1
1896,-6.69,52.62,1.0,1.0,-8.18,-7.99,169.12,5.69,1
1897,-7.19,52.05,1.0,1.0,-8.5,-10.58,175.56,5.76,1
1898,-8.8,50.22,1.0,1.0,-9.54,-18.98,196.46,5.97,1
1899,-2.11,57.8,1.0,1.0,-5.23,15.81,109.94,5.08,1
1900,-8.89,50.12,1.0,1.0,-9.6,-19.43,197.58,5.99,1
1901,-4.81,54.74,1.0,1.0,-6.97,1.77,144.85,5.44,0
1902,-4.24,55.4,1.0,1.0,-6.6,4.78,137.38,5.36,1
1903,-4.13,55.52,1.0,1.0,-6.53,5.32,136.02,5.35,1
1904,-7.46,51.75,1.0,1.0,-8.67,-11.98,179.05,5.79,1
1905,-5.93,53.48,1.0,1.0,-7.69,-4.05,159.33,5.59,1
1906,-3.74,55.96,1.0,1.0,-6.28,7.36,130.95,5.3,1
1907,-2.24,57.66,1.0,1.0,-5.31,15.14,111.59,5.1,1
1908,-6.52,52.81,1.0,1.0,-8.07,-7.09,166.9,5.67,1
1909,-6.61,52.7,1.0,1.0,-8.13,-7.59,168.13,5.68,1
1910,-8.22,50.89,1.0,1.0,-9.16,-15.93,188.88,5.9,1
1911,-4.05,55.61,1.0,1.0,-6.48,5.75,134.97,5.34,1
1912,-2.14,57.78,1.0,1.0,-5.24,15.69,110.24,5.08,1
1913,-4.34,55.28,1.0,1.0,-6.67,4.21,138.79,5.38,1
1914,-1.52,58.47,1.0,1.0,-4.85,18.88,102.31,5.0,1
1915,-3.57,56.16,1.0,1.0,-6.17,8.24,128.75,5.28,1
1916,-8.01,51.13,1.0,1.0,-9.03,-14.84,186.16,5.87,1
1917,-3.44,56.31,1.0,1.0,-6.08,8.93,127.05,5.26,1
1918,-2.81,57.01,1.0,1.0,-5.68,12.18,118.96,5.17,1
1919,-3.3,56.45,1.0,1.0,-6.0,9.62,125.34,5.24,1
1920,-7.56,51.63,1.0,1.0,-8.74,-12.5,180.35,5.81,1
1921,-6.52,52.81,1.0,1.0,-8.07,-7.13,166.98,5.67,1
1922,-4.12,55.53,1.0,1.0,-6.52,5.37,135.9,5.35,1
1923,-3.94,55.74,1.0,1.0,-6.41,6.31,133.55,5.33,1
1924,-6.8,52.49,1.0,1.0,-8.25,-8.57,170.57,5.71,1
1925,-6.0,53.4,1.0,1.0,-7.74,-4.41,160.24,5.6,1
1926,-7.13,52.11,1.0,1.0,-8.46,-10.3,174.87,5.75,1
1927,-4.98,54.56,1.0,1.0,-7.08,0.91,146.99,5.46,0
1928,-3.15,56.63,1.0,1.0,-5.9,10.41,123.38,5.22,1
1929,-3.49,56.24,1.0,1.0,-6.12,8.64,127.76,5.27,1
1930,-1.51,58.48,1.0,1.0,-4.84,18.92,102.19,5.0,1
1931,-7.77,51.4,1.0,1.0,-8.87,-13.59,183.05,5.84,1
1932,-4.63,54.96,1.0,1.0,-6.85,2.75,142.42,5.42,1
1933,-5.27,54.23,1.0,1.0,-7.26,-0.61,150.77,5.5,1
1934,-4.17,55.48,1.0,1.0,-6.55,5.12,136.52,5.36,1
1935,-5.82,53.61,1.0,1.0,-7.61,-3.44,157.82,5.58,1
1936,-6.09,53.3,1.0,1.0,-7.79,-4.84,161.3,5.61,1
1937,-8.8,50.22,1.0,1.0,-9.54,-18.98,196.46,5.97,1
1938,-5.16,54.35,1.0,1.0,-7.19,-0.05,149.39,5.49,0
1939,-8.35,50.73,1.0,1.0,-9.25,-16.63,190.63,5.91,1
1940,-3.73,55.97,1.0,1.0,-6.27,7.41,130.83,5.3,1
1941,-8.07,51.05,1.0,1.0,-9.07,-15.17,187.0,5.88,1
1942,-8.24,50.86,1.0,1.0,-9.18,-16.03,189.14,5.9,1
1943,-5.19,54.32,1.0,1.0,-7.21,-0.18,149.71,5.49,1
1944,-1.83,58.13,1.0,1.0,-5.05,17.29,106.25,5.04,1
1945,-4.05,55.61,1.0,1.0,-6.47,5.76,134.93,5.34,1
1946,-7.55,51.64,1.0,1.0,-8.73,-12.46,180.25,5.81,1
1947,-4.79,54.77,1.0,1.0,-6.96,1.87,144.61,5.44,0
1948,-8.36,50.73,1.0,1.0,-9.25,-16.65,190.68,5.91,1
1949,-6.33,53.03,1.0,1.0,-7.94,-6.1,164.44,5.64,1
1950,-4.04,55.62,1.0,1.0,-6.47,5.8,134.82,5.34,1
1951,-8.7,50.34,1.0,1.0,-9.47,-18.43,195.09,5.96,1
1952,-7.28,51.95,1.0,1.0,-8.56,-11.07,176.78,5.77,1
1953,-8.86,50.16,1.0,1.0,-9.58,-19.27,197.18,5.98,1
1954,-8.47,50.6,1.0,1.0,-9.33,-17.25,192.16,5.93,1
1955,-5.39,54.09,1.0,1.0,-7.34,-1.22,152.28,5.52,1
1956,-2.25,57.65,1.0,1.0,-5.32,15.11,111.67,5.1,1
1957,-4.57,55.02,1.0,1.0,-6.81,3.01,141.76,5.41,1
1958,-1.52,58.48,1.0,1.0,-4.85,18.89,102.28,5.0,1
1959,-1.61,58.38,1.0,1.0,-4.9,18.44,103.39,5.01,1
1960,-4.82,54.74,1.0,1.0,-6.97,1.76,144.88,5.44,0
1961,-8.43,50.64,1.0,1.0,-9.3,-17.05,191.65,5.92,1
1962,-4.15,55.5,1.0,1.0,-6.54,5.24,136.22,5.35,1
1963,-3.06,56.73,1.0,1.0,-5.84,10.88,122.19,5.21,1
1964,-3.8,55.89,1.0,1.0,-6.32,7.03,131.77,5.31,1
1965,-4.36,55.26,1.0,1.0,-6.67,4.14,138.95,5.38,1
1966,-8.25,50.85,1.0,1.0,-9.18,-16.11,189.33,5.9,1
1967,-5.92,53.49,1.0,1.0,-7.68,-3.98,159.17,5.59,1
1968,-5.11,54.41,1.0,1.0,-7.16,0.23,148.69,5.48,1
1969,-6.62,52.69,1.0,1.0,-8.13,-7.64,168.25,5.68,1
1970,-2.98,56.82,1.0,1.0,-5.79,11.29,121.16,5.2,1
1971,-2.38,57.5,1.0,1.0,-5.4,14.41,113.43,5.12,1
1972,-7.17,52.08,1.0,1.0,-8.49,-10.47,175.3,5.76,1
1973,-7.58,51.61,1.0,1.0,-8.75,-12.6,180.6,5.81,1
1974,-4.48,55.12,1.0,1.0,-6.76,3.49,140.57,5.4,1
1975,-5.6,53.85,1.0,1.0,-7.48,-2.33,155.06,5.55,1
1976,-4.15,55.49,1.0,1.0,-6.54,5.21,136.31,5.35,1
1977,-3.11,56.67,1.0,1.0,-5.87,10.61,122.87,5.22,1
1978,-4.27,55.36,1.0,1.0,-6.62,4.6,137.81,5.37,1
1979,-4.67,54.91,1.0,1.0,-6.88,2.52,142.98,5.42,0
1980,-4.06,55.6,1.0,1.0,-6.48,5.68,135.13,5.34,1
1981,-1.86,58.1,1.0,1.0,-5.06,17.15,106.61,5.05,1
1982,-2.3,57.59,1.0,1.0,-5.35,14.84,112.35,5.11,1
1983,-5.5,53.97,1.0,1.0,-7.41,-1.79,153.71,5.53,1
1984,-1.67,58.31,1.0,1.0,-4.94,18.12,104.19,5.02,1
1985,-4.87,54.68,1.0,1.0,-7.01,1.47,145.6,5.45,0
1986,-5.69,53.75,1.0,1.0,-7.53,-2.78,156.18,5.56,1
1987,-7.55,51.65,1.0,1.0,-8.73,-12.44,180.2,5.81,1
1988,-4.65,54.93,1.0,1.0,-6.86,2.61,142.77,5.42,1
1989,-8.76,50.27,1.0,1.0,-9.51,-18.76,195.91,5.97,1
1990,-6.71,52.59,1.0,1.0,-8.19,-8.12,169.44,5.7,1
1991,-8.79,50.24,1.0,1.0,-9.53,-18.89,196.23,5.97,1
1992,-2.58,57.27,1.0,1.0,-5.53,13.36,116.02,5.14,1
1993,-5.06,54.46,1.0,1.0,-7.13,0.48,148.07,5.47,0
1994,-1.91,58.04,1.0,1.0,-5.1,16.87,107.3,5.05,1
1995,-2.56,57.3,1.0,1.0,-5.52,13.48,115.74,5.14,1
1996,-8.65,50.39,1.0,1.0,-9.44,-18.2,194.52,5.95,1
1997,-7.21,52.03,1.0,1.0,-8.51,-10.67,175.8,5.76,1
1998,-2.78,57.04,1.0,1.0,-5.66,12.32,118.61,5.17,1
1999,-1.81,58.14,1.0,1.0,-5.04,17.36,106.07,5.04,1
2000,-5.23,54.27,1.0,1.0,-7.24,-0.4,150.26,5.5,1
2001,-6.86,52.42,1.0,1.0,-8.29,-8.89,171.37,5.72,1
2002,-4.22,55.42,1.0,1.0,-6.59,4.86,137.17,5.36,1
2003,-7.49,51.72,1.0,1.0,-8.69,-12.13,179.42,5.8,1
2004,-5.47,54.01,1.0,1.0,-7.39,-1.62,153.29,5.53,1
2005,-7.33,51.89,1.0,1.0,-8.59,-11.31,177.39,5.78,1
2006,-2.25,57.65,1.0,1.0,-5.32,15.08,111.74,5.1,1
2007,-2.92,56.89,1.0,1.0,-5.75,11.61,120.38,5.19,1
2008,-4.29,55.34,1.0,1.0,-6.63,4.49,138.09,5.37,1
2009,-2.89,56.92,1.0,1.0,-5.73,11.75,120.04,5.19,1
2010,-5.86,53.56,1.0,1.0,-7.64,-3.65,158.34,5.58,1
2011,-8.96,50.05,1.0,1.0,-9.64,-19.79,198.47,5.99,1
2012,-5.05,54.47,1.0,1.0,-7.12,0.53,147.93,5.47,0
2013,-3.04,56.75,1.0,1.0,-5.83,10.99,121.92,5.21,1
2014,-2.25,57.65,1.0,1.0,-5.32,15.09,111.71,5.1,1
2015,-7.76,51.41,1.0,1.0,-8.87,-13.53,182.91,5.83,1
2016,-7.13,52.12,1.0,1.0,-8.46,-10.25,174.76,5.75,1
2017,-6.34,53.01,1.0,1.0,-7.95,-6.18,164.63,5.65,1
2018,-8.12,50.99,1.0,1.0,-9.1,-15.44,187.66,5.88,1
2019,-7.95,51.19,1.0,1.0,-8.99,-14.54,185.42,5.86,1
2020,-4.78,54.78,1.0,1.0,-6.95,1.92,144.48,5.44,0
2021,-3.23,56.54,1.0,1.0,-5.95,10.0,124.39,5.23,1
2022,-7.28,51.94,1.0,1.0,-8.56,-11.08,176.8,5.77,1
2023,-5.59,53.86,1.0,1.0,-7.47,-2.29,154.95,5.55,1
2024,-3.96,55.71,1.0,1.0,-6.42,6.21,133.82,5.33,1
2025,-6.2,53.17,1.0,1.0,-7.86,-5.43,162.77,5.63,1
2026,-7.82,51.34,1.0,1.0,-8.9,-13.85,183.71,5.84,1
2027,-4.27,55.36,1.0,1.0,-6.62,4.58,137.87,5.37,1
2028,-5.74,53.69,1.0,1.0,-7.57,-3.05,156.84,5.57,1
2029,-1.9,58.04,1.0,1.0,-5.09,16.9,107.21,5.05,1
2030,-7.21,52.02,1.0,1.0,-8.52,-10.72,175.91,5.76,1
2031,-4.57,55.02,1.0,1.0,-6.81,3.02,141.74,5.41,1
2032,-2.37,57.52,1.0,1.0,-5.39,14.5,113.19,5.12,1
2033,-7.18,52.06,1.0,1.0,-8.5,-10.55,175.51,5.76,1
2034,-7.75,51.42,1.0,1.0,-8.86,-13.48,182.77,5.83,1
2035,-7.79,51.37,1.0,1.0,-8.89,-13.7,183.34,5.84,1
2036,-1.83,58.13,1.0,1.0,-5.04,17.29,106.24,5.04,1
2037,-5.01,54.52,1.0,1.0,-7.09,0.76,147.37,5.47,0
2038,-7.33,51.9,1.0,1.0,-8.59,-11.3,177.36,5.78,1
2039,-6.79,52.5,1.0,1.0,-8.24,-8.52,170.44,5.71,1
2040,-4.17,55.47,1.0,1.0,-6.55,5.11,136.54,5.36,1
2041,-6.35,53.01,1.0,1.0,-7.96,-6.2,164.68,5.65,1
2042,-4.31,55.32,1.0,1.0,-6.64,4.39,138.33,5.37,1
2043,-2.83,56.99,1.0,1.0,-5.69,12.07,119.25,5.18,1
2044,-3.56,56.16,1.0,1.0,-6.16,8.28,128.66,5.27,1
2045,-5.16,54.36,1.0,1.0,-7.19,-0.01,149.27,5.49,0
2046,-7.89,51.26,1.0,1.0,-8.95,-14.21,184.6,5.85,1
2047,-2.23,57.68,1.0,1.0,-5.3,15.23,111.38,5.1,1
2048,-2.53,57.33,1.0,1.0,-5.5,13.65,115.3,5.14,1
2049,-7.99,51.15,1.0,1.0,-9.01,-14.73,185.88,5.86,1
2050,-6.83,52.46,1.0,1.0,-8.27,-8.71,170.92,5.71,1
2051,-6.71,52.6,1.0,1.0,-8.19,-8.08,169.36,5.69,1
2052,-4.75,54.82,1.0,1.0,-6.93,2.11,144.0,5.43,0
2053,-4.04,55.62,1.0,1.0,-6.47,5.81,134.82,5.34,1
2054,-7.4,51.81,1.0,1.0,-8.64,-11.68,178.31,5.79,1
2055,-8.55,50.51,1.0,1.0,-9.38,-17.65,193.16,5.94,1
2056,-2.26,57.64,1.0,1.0,-5.32,15.07,111.77,5.1,1
2057,-8.51,50.55,1.0,1.0,-9.35,-17.48,192.72,5.94,1
2058,-4.73,54.84,1.0,1.0,-6.91,2.23,143.72,5.43,0
2059,-4.73,54.84,1.0,1.0,-6.91,2.22,143.73,5.43,0
2060,-2.96,56.84,1.0,1.0,-5.78,11.38,120.95,5.2,1
2061,-5.93,53.48,1.0,1.0,-7.69,-4.03,159.29,5.59,1
2062,-5.78,53.64,1.0,1.0,-7.59,-3.28,157.41,5.57,1
2063,-4.78,54.78,1.0,1.0,-6.95,1.95,144.4,5.44,0
2064,-3.36,56.39,1.0,1.0,-6.03,9.33,126.06,5.25,1
2065,-5.94,53.46,1.0,1.0,-7.7,-4.11,159.48,5.59,1
2066,-7.16,52.08,1.0,1.0,-8.48,-10.44,175.22,5.75,1
2067,-3.75,55.95,1.0,1.0,-6.28,7.3,131.09,5.3,1
2068,-5.3,54.19,1.0,1.0,-7.28,-0.75,151.13,5.51,1
2069,-6.34,53.01,1.0,1.0,-7.96,-6.19,164.66,5.65,1
2070,-8.11,51.01,1.0,1.0,-9.09,-15.38,187.51,5.88,1
2071,-8.91,50.1,1.0,1.0,-9.61,-19.52,197.81,5.99,1
2072,-4.96,54.58,1.0,1.0,-7.06,1.01,146.75,5.46,0
2073,-7.69,51.49,1.0,1.0,-8.82,-13.17,182.01,5.82,1
2074,-5.2,54.3,1.0,1.0,-7.22,-0.25,149.89,5.49,1
2075,-7.37,51.85,1.0,1.0,-8.62,-11.52,177.91,5.78,1
2076,-7.61,51.58,1.0,1.0,-8.77,-12.77,181.01,5.81,1
2077,-3.54,56.19,1.0,1.0,-6.15,8.38,128.4,5.27,1
2078,-6.59,52.73,1.0,1.0,-8.12,-7.49,167.88,5.68,1
2079,-8.77,50.26,1.0,1.0,-9.52,-18.83,196.09,5.97,1
2080,-5.61,53.84,1.0,1.0,-7.49,-2.4,155.22,5.55,1
2081,-3.03,56.77,1.0,1.0,-5.82,11.06,121.75,5.2,1
2082,-7.09,52.16,1.0,1.0,-8.44,-10.09,174.34,5.75,1
2083,-8.74,50.3,1.0,1.0,-9.5,-18.64,195.63,5.97,1
2084,-8.16,50.96,1.0,1.0,-9.12,-15.62,188.09,5.89,1
2085,-4.68,54.9,1.0,1.0,-6.88,2.46,143.13,5.42,0
2086,-8.58,50.47,1.0,1.0,-9.4,-17.83,193.61,5.94,1
2087,-5.04,54.48,1.0,1.0,-7.12,0.57,147.84,5.47,0
2088,-3.28,56.48,1.0,1.0,-5.98,9.75,125.01,5.24,1
2089,-1.84,58.11,1.0,1.0,-5.05,17.21,106.45,5.05,1
2090,-8.97,50.03,1.0,1.0,-9.65,-19.86,198.66,6.0,1
2091,-8.32,50.77,1.0,1.0,-9.23,-16.45,190.17,5.91,1
2092,-4.02,55.65,1.0,1.0,-6.46,5.9,134.57,5.34,1
2093,-8.03,51.1,1.0,1.0,-9.04,-14.95,186.44,5.87,1
2094,-6.45,52.89,1.0,1.0,-8.02,-6.72,165.98,5.66,1
2095,-4.77,54.79,1.0,1.0,-6.94,1.98,144.34,5.44,0
2096,-3.45,56.29,1.0,1.0,-6.09,8.87,127.18,5.26,1
2097,-3.44,56.31,1.0,1.0,-6.08,8.94,127.03,5.26,1
2098,-5.0,54.53,1.0,1.0,-7.09,0.78,147.32,5.47,0
2099,-1.78,58.19,1.0,1.0,-5.01,17.56,105.59,5.04,1
2100,-8.39,50.69,1.0,1.0,-9.28,-16.84,191.15,5.92,1
2101,-8.12,50.99,1.0,1.0,-9.1,-15.44,187.65,5.88,1
2102,-8.15,50.97,1.0,1.0,-9.12,-15.56,187.96,5.89,1
2103,-3.99,55.68,1.0,1.0,-6.44,6.04,134.23,5.33,1
2104,-8.5,50.57,1.0,1.0,-9.34,-17.39,192.51,5.93,1
2105,-3.52,56.21,1.0,1.0,-6.13,8.5,128.11,5.27,1
2106,-5.26,54.24,1.0,1.0,-7.25,-0.53,150.58,5.5,1
2107,-7.09,52.17,1.0,1.0,-8.43,-10.06,174.28,5.75,1
2108,-7.72,51.45,1.0,1.0,-8.84,-13.35,182.46,5.83,1
2109,-7.76,51.41,1.0,1.0,-8.87,-13.55,182.95,5.83,1
2110,-7.11,52.14,1.0,1.0,-8.45,-10.18,174.57,5.75,1
2111,-3.3,56.46,1.0,1.0,-6.0,9.62,125.33,5.24,1
2112,-1.78,58.18,1.0,1.0,-5.01,17.55,105.62,5.04,1
2113,-1.57,58.42,1.0,1.0,-4.88,18.62,102.94,5.01,1
2114,-4.12,55.53,1.0,1.0,-6.52,5.39,135.85,5.35,1
2115,-6.57,52.76,1.0,1.0,-8.1,-7.35,167.54,5.68,1
2116,-2.95,56.86,1.0,1.0,-5.77,11.45,120.77,5.19,1
2117,-3.13,56.66,1.0,1.0,-5.88,10.54,123.04,5.22,1
2118,-4.47,55.13,1.0,1.0,-6.75,3.56,140.41,5.4,1
2119,-1.7,58.27,1.0,1.0,-4.96,17.94,104.64,5.03,1
2120,-6.18,53.19,1.0,1.0,-7.85,-5.34,162.55,5.62,1
2121,-2.67,57.18,1.0,1.0,-5.59,12.92,117.11,5.16,1
2122,-2.8,57.03,1.0,1.0,-5.67,12.26,118.77,5.17,1
2123,-5.04,54.49,1.0,1.0,-7.11,0.59,147.78,5.47,0
2124,-4.24,55.39,1.0,1.0,-6.6,4.74,137.46,5.37,1
2125,-3.37,56.38,1.0,1.0,-6.04,9.27,126.19,5.25,1
2126,-1.92,58.02,1.0,1.0,-5.11,16.81,107.45,5.06,1
2127,-5.41,54.07,1.0,1.0,-7.35,-1.34,152.58,5.52,1
2128,-4.25,55.38,1.0,1.0,-6.61,4.69,137.6,5.37,1
2129,-1.58,58.4,1.0,1.0,-4.89,18.56,103.1,5.01,1
2130,-7.49,51.71,1.0,1.0,-8.69,-12.15,179.47,5.8,1
2131,-1.73,58.24,1.0,1.0,-4.98,17.81,104.96,5.03,1
2132,-5.55,53.91,1.0,1.0,-7.44,-2.04,154.33,5.54,1
2133,-3.52,56.21,1.0,1.0,-6.14,8.48,128.17,5.27,1
2134,-5.84,53.58,1.0,1.0,-7.63,-3.56,158.12,5.58,1
2135,-5.13,54.38,1.0,1.0,-7.17,0.12,148.96,5.48,0
2136,-1.61,58.37,1.0,1.0,-4.91,18.41,103.47,5.02,1
2137,-6.28,53.08,1.0,1.0,-7.92,-5.87,163.87,5.64,1
2138,-5.02,54.51,1.0,1.0,-7.1,0.68,147.56,5.47,0
2139,-4.79,54.77,1.0,1.0,-6.95,1.89,144.57,5.44,0
2140,-7.21,52.03,1.0,1.0,-8.51,-10.68,175.81,5.76,1
2141,-4.53,55.07,1.0,1.0,-6.79,3.25,141.17,5.4,1
2142,-8.71,50.33,1.0,1.0,-9.48,-18.5,195.27,5.96,1
2143,-5.0,54.54,1.0,1.0,-7.09,0.82,147.21,5.47,0
2144,-6.89,52.39,1.0,1.0,-8.31,-9.05,171.77,5.72,1
2145,-3.99,55.68,1.0,1.0,-6.44,6.05,134.22,5.33,1
2146,-5.52,53.94,1.0,1.0,-7.43,-1.91,154.01,5.54,1
2147,-4.65,54.93,1.0,1.0,-6.87,2.6,142.78,5.42,1
2148,-6.38,52.97,1.0,1.0,-7.98,-6.35,165.05,5.65,1
2149,-7.98,51.16,1.0,1.0,-9.01,-14.67,185.75,5.86,1
2150,-3.78,55.92,1.0,1.0,-6.3,7.17,131.43,5.3,1
2151,-2.28,57.61,1.0,1.0,-5.34,14.93,112.11,5.1,1
2152,-5.32,54.17,1.0,1.0,-7.3,-0.87,151.42,5.51,1
2153,-5.18,54.33,1.0,1.0,-7.21,-0.15,149.63,5.49,1
2154,-8.18,50.92,1.0,1.0,-9.14,-15.76,188.46,5.89,1
2155,-5.42,54.06,1.0,1.0,-7.36,-1.39,152.72,5.52,1
2156,-3.96,55.71,1.0,1.0,-6.42,6.19,133.87,5.33,1
2157,-6.85,52.44,1.0,1.0,-8.28,-8.83,171.21,5.71,1
2158,-2.42,57.46,1.0,1.0,-5.42,14.24,113.84,5.12,1
2159,-8.62,50.44,1.0,1.0,-9.42,-18.0,194.03,5.95,1
2160,-2.97,56.84,1.0,1.0,-5.78,11.37,120.97,5.2,1
2161,-4.05,55.61,1.0,1.0,-6.48,5.75,134.95,5.34,1
2162,-4.52,55.07,1.0,1.0,-6.78,3.28,141.09,5.4,1
2163,-3.17,56.6,1.0,1.0,-5.91,10.3,123.64,5.22,1
2164,-5.14,54.38,1.0,1.0,-7.18,0.09,149.02,5.48,1
2165,-2.42,57.46,1.0,1.0,-5.43,14.22,113.88,5.12,1
2166,-6.52,52.81,1.0,1.0,-8.07,-7.11,166.95,5.67,1
2167,-1.83,58.13,1.0,1.0,-5.04,17.3,106.24,5.04,1
2168,-6.4,52.95,1.0,1.0,-7.99,-6.48,165.37,5.65,1
2169,-4.74,54.83,1.0,1.0,-6.92,2.17,143.87,5.43,0
2170,-2.87,56.95,1.0,1.0,-5.72,11.87,119.74,5.18,1
2171,-8.2,50.9,1.0,1.0,-9.15,-15.86,188.71,5.89,1
2172,-6.88,52.4,1.0,1.0,-8.3,-8.99,171.62,5.72,1
2173,-6.48,52.85,1.0,1.0,-8.05,-6.92,166.47,5.66,1
2174,-3.77,55.92,1.0,1.0,-6.3,7.19,131.39,5.3,1
2175,-4.39,55.23,1.0,1.0,-6.7,3.97,139.37,5.39,1
2176,-5.06,54.47,1.0,1.0,-7.13,0.51,148.0,5.47,0
2177,-7.2,52.04,1.0,1.0,-8.51,-10.65,175.75,5.76,1
2178,-6.63,52.68,1.0,1.0,-8.14,-7.69,168.39,5.68,1
2179,-4.34,55.28,1.0,1.0,-6.67,4.21,138.79,5.38,1
2180,-6.2,53.18,1.0,1.0,-7.86,-5.42,162.74,5.63,1
2181,-3.42,56.32,1.0,1.0,-6.07,9.01,126.84,5.26,1
2182,-6.83,52.46,1.0,1.0,-8.27,-8.71,170.92,5.71,1
2183,-6.69,52.62,1.0,1.0,-8.18,-7.99,169.14,5.69,1
2184,-7.94,51.2,1.0,1.0,-8.99,-14.51,185.33,5.86,1
2185,-5.78,53.65,1.0,1.0,-7.59,-3.26,157.35,5.57,1
2186,-1.51,58.49,1.0,1.0,-4.84,18.95,102.13,5.0,1
2187,-5.21,54.29,1.0,1.0,-7.23,-0.3,150.01,5.49,1
2188,-6.5,52.84,1.0,1.0,-8.05,-6.98,166.62,5.67,1
2189,-6.73,52.57,1.0,1.0,-8.2,-8.2,169.64,5.7,1
2190,-5.84,53.58,1.0,1.0,-7.63,-3.55,158.1,5.58,1
2191,-2.69,57.15,1.0,1.0,-5.6,12.82,117.37,5.16,1
2192,-6.54,52.78,1.0,1.0,-8.08,-7.22,167.22,5.67,1
2193,-2.32,57.57,1.0,1.0,-5.36,14.72,112.66,5.11,1
2194,-8.91,50.1,1.0,1.0,-9.61,-19.54,197.84,5.99,1
2195,-2.01,57.93,1.0,1.0,-5.16,16.37,108.53,5.07,1
2196,-8.43,50.64,1.0,1.0,-9.3,-17.06,191.68,5.92,1
2197,-4.44,55.17,1.0,1.0,-6.73,3.73,139.97,5.39,1
2198,-4.9,54.65,1.0,1.0,-7.02,1.32,145.97,5.45,0
2199,-3.94,55.73,1.0,1.0,-6.41,6.3,133.59,5.33,1
2200,-3.8,55.89,1.0,1.0,-6.31,7.05,131.73,5.31,1
2201,-2.46,57.41,1.0,1.0,-5.45,14.02,114.39,5.13,1
2202,-5.61,53.84,1.0,1.0,-7.48,-2.37,155.14,5.55,1
