,nuc,arexp,nd,ns,age,la,ld,target
0,0.0,1.0,1.0,1.0,0.0,272.0,0.0,1
1,6.0,30.0,2.0,1.0,1.0,34.0,32.0,1
2,2.0,21.0,4.0,1.0,0.0,15.0,22.0,1
3,3.0,12.0,1.0,1.0,0.0,35.0,5.0,1
4,2.0,45.0,2.0,1.0,1.0,7.0,7.0,1
5,10.0,90.0,1.0,1.0,1.0,17.0,30.0,1
6,4.0,68.0,1.0,1.0,1.0,3.0,2.0,1
7,10.0,70.0,1.0,1.0,1.0,1.0,1.0,1
8,0.92,98.0,7.0,1.0,0.08,58.0,19.0,1
9,1.0,100.0,3.0,1.0,0.67,5.0,5.0,1
10,4.0,107.0,2.0,1.0,3.0,1.0,15.0,1
11,15.0,26.0,3.0,1.0,0.0,7.0,8.0,1
12,9.5,78.0,2.0,1.0,0.0,3.0,4.0,1
13,11.14,138.0,3.0,1.0,0.86,9.0,12.0,1
14,13.5,140.0,2.0,1.0,0.0,2.0,25.0,1
15,9.0,80.0,1.0,1.0,3.0,6.0,2.0,1
16,19.0,90.0,1.0,1.0,0.0,0.0,1.0,0
17,2.33,96.0,2.0,1.0,15.33,18.0,54.0,1
18,11.46,52.0,1.0,1.0,0.0,26.0,26.0,1
19,9.33,159.0,2.0,1.0,3.33,838.0,34.0,1
20,18.0,108.0,1.0,1.0,5.0,1.0,1.0,1
21,8.0,116.0,1.0,1.0,11.0,6.0,4.0,1
22,7.5,116.0,2.0,1.0,5.0,0.0,5.0,0
23,7.9,171.0,3.0,1.0,0.2,342.0,103.0,1
24,11.67,122.0,3.0,1.0,3.0,21.0,170.0,1
25,6.0,180.0,2.0,1.0,0.0,3.0,25.0,1
26,1.0,122.0,3.0,1.0,13.25,19.0,27.0,1
27,1.5,92.0,2.0,1.0,16.5,11.0,15.0,1
28,13.0,128.0,2.0,1.0,2.5,0.0,81.0,0
29,0.0,130.0,4.0,1.0,0.0,238.0,0.0,1
30,1.0,149.0,3.0,1.0,32.0,10.0,7.0,1
31,2.4,227.0,3.0,1.0,0.0,3.0,20.0,1
32,4.0,231.0,3.0,1.0,0.86,602.0,33.0,1
33,3.0,114.0,2.0,1.0,1.25,227.0,5.0,1
34,2.0,164.0,1.0,1.0,0.0,15.0,0.0,1
35,0.0,59.0,1.0,1.0,0.0,15.0,2.0,1
36,1.0,9.0,8.0,1.0,2.33,76.0,65.0,1
37,7.0,50.0,1.0,1.0,0.0,0.0,5.0,0
38,3.0,52.0,3.0,1.0,0.67,351.0,305.0,1
39,4.0,0.0,1.0,1.0,7.0,2.0,6.0,0
40,2.0,212.0,2.0,1.0,24.0,3.0,2.0,1
41,3.0,145.0,2.0,1.0,0.0,27.0,0.0,1
42,8.88,151.0,3.0,1.0,2.62,200.0,17.0,1
43,0.0,156.0,1.0,1.0,0.0,38.0,0.0,1
44,0.33,174.0,1.0,1.0,0.0,43.0,2.0,1
45,9.5,184.0,2.0,1.0,0.0,0.0,80.0,1
46,1.75,211.0,3.0,1.0,0.0,80.0,171.0,1
47,2.83,217.0,4.0,1.0,0.0,181.0,17.0,1
48,2.18,37.0,5.0,1.0,0.0,54.0,82.0,1
49,8.5,262.0,2.0,1.0,7.0,24.0,2.0,1
50,5.0,251.0,1.0,1.0,0.0,31.0,5.0,1
51,3.45,257.0,2.0,1.0,2.91,136.0,56.0,1
52,7.8,259.0,3.0,1.0,2.4,28.0,42.0,1
53,2.33,289.0,3.0,1.0,0.67,12.0,7.0,1
54,27.0,79.0,1.0,1.0,0.0,0.0,16.0,0
55,1.5,296.0,1.0,1.0,0.0,85.0,20.0,1
56,1.0,83.0,2.0,1.0,0.0,45.0,32.0,1
57,3.0,56.0,1.0,1.0,0.0,5.0,3.0,1
58,8.9,208.0,6.0,1.0,5.8,167.0,5.0,1
59,2.67,31.0,1.0,1.0,3.67,32.0,110.0,1
60,3.0,229.0,1.0,1.0,0.0,78.0,3.0,1
61,3.33,115.0,1.0,1.0,0.33,38.0,91.0,1
62,15.88,437.0,4.0,1.0,2.88,96.0,85.0,1
63,16.5,81.0,3.0,1.0,16.5,45.0,28.0,1
64,19.0,47.0,1.0,1.0,0.0,0.0,12.0,0
65,3.43,442.0,3.0,1.0,17.14,84.0,12.0,1
66,3.08,263.0,7.0,1.0,33.92,324.0,45.0,1
67,6.33,463.0,1.0,1.0,4.33,115.0,9.0,1
68,16.0,140.0,1.0,1.0,0.0,0.0,28.0,0
69,7.65,141.0,8.0,1.0,0.0,184.0,175.0,1
70,19.0,98.0,1.0,1.0,0.0,1.0,1.0,1
71,5.0,274.0,3.0,1.0,4.0,56.0,16.0,1
72,23.0,276.0,6.0,1.0,4.44,111.0,17.0,1
73,12.54,280.0,6.0,1.0,7.0,67.0,64.0,1
74,5.67,281.0,3.0,1.0,0.0,269.0,183.0,1
75,13.5,197.0,2.0,1.0,10.5,56.0,4.0,1
76,4.67,423.0,2.0,1.0,0.33,814.0,390.0,1
77,1.5,431.0,1.0,1.0,1.2,387.0,25.0,1
78,0.0,50.0,1.0,1.0,0.0,140.0,0.0,1
79,3.75,247.0,2.0,1.0,1.5,166.0,6.0,1
80,5.75,241.0,3.0,1.0,23.0,0.0,149.0,0
81,6.67,370.0,3.0,1.0,1.0,22.0,1.0,1
82,14.0,171.0,4.0,1.0,0.0,23.0,9.0,1
83,3.5,132.0,5.0,1.0,0.62,19.0,19.0,1
84,30.33,145.0,3.0,1.0,4.67,25.0,4.0,1
85,13.0,208.0,2.0,1.0,28.67,16.0,8.0,1
86,13.2,452.0,5.0,1.0,5.4,24.0,8.0,1
87,7.0,459.0,3.0,1.0,8.0,48.0,54.0,1
88,5.75,214.0,3.0,1.0,0.38,297.0,178.0,1
89,18.58,225.0,7.0,1.0,32.68,496.0,92.0,1
90,1.0,290.0,1.0,1.0,0.0,149.0,16.0,1
91,6.75,83.0,4.0,1.0,1.25,104.0,3.0,1
92,2.0,3.0,1.0,1.0,0.0,27.0,105.0,1
93,6.67,337.0,3.0,1.0,5.83,14.0,7.0,1
94,9.0,31.0,1.0,1.0,0.0,17.0,1.0,1
95,14.83,8.0,4.0,1.0,8.67,87.0,0.0,1
96,11.0,51.0,2.0,1.0,0.0,2.0,2.0,1
97,4.0,312.0,2.0,1.0,0.0,19.0,28.0,1
98,41.0,73.0,1.0,1.0,0.0,74.0,52.0,1
99,1.0,342.0,1.0,1.0,0.0,64.0,63.0,1
100,11.0,39.0,1.0,1.0,0.0,0.0,7.0,0
101,7.0,7.0,1.0,1.0,3.0,13.0,11.0,1
102,8.0,8.0,1.0,1.0,0.0,0.0,10.0,0
103,9.0,9.0,1.0,1.0,0.0,1.0,1.0,1
104,17.0,52.0,1.0,1.0,0.0,0.0,16.0,0
105,29.75,61.0,3.0,1.0,0.0,8.0,17.0,1
106,23.0,76.0,1.0,1.0,7.0,1.0,1.0,1
107,20.28,287.0,6.0,1.0,4.72,284.0,354.0,1
108,14.0,104.0,2.0,1.0,0.0,15.0,22.0,1
109,22.43,15.0,5.0,1.0,0.57,406.0,44.0,1
110,16.0,18.0,1.0,1.0,2.0,0.0,78.0,0
111,39.57,26.0,4.0,1.0,2.0,121.0,191.0,1
112,24.0,31.0,1.0,1.0,0.0,0.0,30.0,0
113,13.0,37.0,1.0,1.0,6.0,0.0,1.0,0
114,15.0,40.0,6.0,1.0,7.0,0.0,9.0,0
115,20.5,52.0,2.0,1.0,0.0,0.0,2.0,0
116,30.0,25.0,1.0,1.0,0.0,0.0,10.0,0
117,22.0,27.0,1.0,1.0,0.0,175.0,128.0,1
118,7.8,20.0,3.0,1.0,2.8,5.0,5.0,1
119,7.5,78.0,1.0,1.0,0.0,57.0,87.0,1
120,14.0,40.0,1.0,1.0,3.0,2.0,0.0,1
121,10.0,59.0,1.0,1.0,0.0,0.0,10.0,0
122,10.0,152.0,3.0,1.0,0.0,134.0,8.0,1
123,25.0,157.0,2.0,1.0,0.0,4.0,4.0,1
124,5.83,131.0,8.0,1.0,0.22,29.0,26.0,1
125,8.67,48.0,3.0,1.0,2.33,0.0,113.0,0
126,27.0,72.0,1.0,1.0,1.0,1.0,1.0,1
127,8.1,225.0,4.0,1.0,4.86,264.0,246.0,1
128,14.0,54.0,1.0,1.0,2.0,1.0,2.0,1
129,19.0,125.0,1.0,1.0,0.0,0.0,28.0,0
130,27.6,141.0,4.0,1.0,0.8,25.0,44.0,1
131,6.33,208.0,2.0,1.0,0.0,62.0,116.0,1
132,0.29,120.0,6.0,1.0,1.14,89.0,89.0,1
133,8.29,210.0,5.0,1.0,1.43,3.0,206.0,1
134,4.5,212.0,2.0,1.0,0.0,46.0,23.0,1
135,4.0,163.0,1.0,1.0,4.0,12.0,7.0,1
136,11.5,164.0,3.0,1.0,0.67,0.0,83.0,0
137,32.0,254.0,2.0,1.0,0.0,19.0,16.0,1
138,31.5,260.0,1.0,1.0,0.5,193.0,55.0,1
139,5.0,200.0,1.0,1.0,0.0,20.0,28.0,1
140,18.0,326.0,2.0,1.0,0.0,4.0,13.0,1
141,11.38,342.0,4.0,1.0,0.0,0.0,17.0,0
142,6.0,203.0,1.0,1.0,2.0,30.0,0.0,1
143,22.57,213.0,5.0,1.0,3.79,0.0,73.0,0
144,41.75,144.0,3.0,1.0,10.75,12.0,13.0,1
145,20.5,301.0,2.0,1.0,3.5,17.0,0.0,1
146,9.43,568.0,3.0,1.0,5.0,80.0,65.0,1
147,13.3,570.0,5.0,1.0,0.1,626.0,75.0,1
148,3.0,313.0,3.0,1.0,2.25,12.0,0.0,1
149,2.0,172.0,1.0,1.0,0.0,242.0,98.0,1
150,27.0,493.0,6.0,1.0,7.3,61.0,146.0,1
151,12.0,121.0,1.0,1.0,2.0,0.0,9.0,0
152,44.9,500.0,6.0,1.0,9.7,260.0,72.0,1
153,27.0,166.0,1.0,1.0,27.0,39.0,53.0,1
154,3.33,168.0,3.0,1.0,20.67,12.0,39.0,1
155,0.0,181.0,1.0,1.0,0.0,127.0,0.0,1
156,4.26,649.0,5.0,1.0,45.08,412.0,3.0,1
157,5.08,222.0,5.0,1.0,12.83,305.0,176.0,1
158,0.25,57.0,5.0,1.0,0.0,464.0,26.0,1
159,1.0,10.0,3.0,1.0,2.0,924.0,206.0,1
160,19.22,858.0,4.0,1.0,4.56,334.0,36.0,1
161,7.0,279.0,1.0,1.0,0.33,85.0,18.0,1
162,16.5,41.0,2.0,1.0,1.5,72.0,62.0,1
163,8.5,283.0,1.0,1.0,1.0,46.0,45.0,1
164,20.67,52.0,4.0,1.0,0.17,145.0,40.0,1
165,9.25,57.0,4.0,1.0,1.0,0.0,20.0,0
166,18.0,18.0,1.0,1.0,1.0,0.0,28.0,0
167,37.6,98.0,3.0,1.0,8.8,37.0,8.0,1
168,2.0,354.0,3.0,1.0,0.0,78.0,24.0,1
169,38.0,110.0,1.0,1.0,4.0,25.0,40.0,1
170,28.0,76.0,1.0,1.0,0.0,0.0,5.0,0
171,0.0,84.0,1.0,1.0,0.0,166.0,0.0,1
172,8.0,91.0,1.0,1.0,5.0,4.0,0.0,1
173,13.0,165.0,1.0,1.0,3.0,2.0,0.0,1
174,28.25,0.0,3.0,1.0,19.0,88.0,10.0,1
175,20.57,840.0,4.0,1.0,22.57,426.0,2.0,1
176,0.07,86.0,6.0,1.0,0.0,172.0,172.0,1
177,59.12,0.0,7.0,1.0,40.62,416.0,66.0,1
178,9.8,73.0,4.0,1.0,43.2,230.0,59.0,1
179,20.0,104.0,1.0,1.0,0.0,0.0,2.0,0
180,2.5,836.0,2.0,1.0,16.25,800.0,3.0,1
181,9.0,39.0,1.0,1.0,0.0,18.0,22.0,1
182,16.0,8.0,2.0,1.0,16.5,63.0,11.0,1
183,4.0,6.0,1.0,1.0,17.0,13.0,11.0,1
184,4.67,110.0,6.0,1.0,26.83,215.0,6.0,1
185,26.22,0.0,4.0,1.0,66.33,635.0,63.0,0
186,10.75,580.67,3.0,1.0,1.25,170.0,63.0,1
187,20.33,744.67,4.0,1.0,3.0,127.0,69.0,1
188,67.71,33.0,5.0,1.0,5.29,43.0,17.0,1
189,50.33,1.0,3.0,1.0,0.0,54.0,3.0,1
190,42.6,99.0,2.0,1.0,16.0,2.0,43.0,1
191,15.0,11.0,1.0,1.0,1.0,0.0,2.0,0
192,8.0,217.0,1.0,1.0,0.0,36.0,2.0,1
193,21.33,50.0,3.0,1.0,1.67,24.0,31.0,1
194,36.0,164.5,3.0,1.0,0.0,0.0,9.0,0
195,23.0,67.0,1.0,1.0,0.0,9.0,6.0,1
196,26.2,23.0,3.0,1.0,33.6,197.0,11.0,1
197,26.0,10.0,1.0,1.0,1.0,0.0,4.0,0
198,9.75,16.0,4.0,1.0,27.0,12.0,5.0,1
199,1.33,32.0,2.0,1.0,6.0,117.0,1.0,1
200,6.33,8.0,2.0,1.0,0.0,119.0,28.0,1
201,2.67,9.0,2.0,1.0,0.0,83.0,8.0,1
202,0.0,72.0,1.0,1.0,0.0,493.0,0.0,1
203,35.25,44.0,1.0,1.0,6.0,226.0,115.0,1
204,15.5,111.0,3.0,1.0,1.5,120.0,27.0,1
205,12.2,26.0,3.0,1.0,12.6,24.0,17.0,1
206,9.2,44.0,3.0,1.0,8.4,102.0,18.0,1
207,59.62,15.0,5.0,1.0,41.38,338.0,10.0,1
208,26.2,61.0,3.0,1.0,31.0,51.0,16.0,1
209,12.94,286.0,9.0,1.0,37.25,361.0,115.0,1
210,51.5,211.0,2.0,1.0,0.0,21.0,3.0,1
211,24.83,8.0,4.0,1.0,29.0,30.0,13.0,1
212,2.64,30.0,4.0,1.0,0.64,79.0,13.0,1
213,8.0,72.0,1.0,1.0,7.0,11.0,8.0,1
214,23.0,102.0,1.0,1.0,0.0,2.0,0.0,1
215,11.67,105.0,3.0,1.0,38.67,30.0,25.0,1
216,8.0,4.0,1.0,1.0,0.0,0.0,7.0,0
217,0.0,0.0,1.0,1.0,0.0,42.0,0.0,1
218,16.0,1.0,4.0,1.0,18.0,136.0,48.0,1
219,0.83,65.5,2.0,1.0,3.17,441.0,348.0,1
220,21.5,6.0,2.0,1.0,16.0,19.0,2.0,1
221,55.83,0.0,4.0,1.0,7.83,447.0,6.0,0
222,14.0,356.0,6.0,1.0,8.5,251.0,40.0,1
223,2.75,87.0,1.0,1.0,1.5,157.0,107.0,1
224,5.0,84.5,5.0,1.0,12.0,33.0,31.0,1
225,6.81,357.5,7.0,1.0,6.25,655.0,12.0,1
226,6.0,24.0,1.0,1.0,0.0,0.0,2.0,0
227,29.73,10.0,6.0,1.0,9.64,1153.0,278.0,1
228,44.8,9.0,4.0,1.0,37.6,82.0,3.0,1
229,56.0,245.33,2.0,1.0,14.0,81.0,65.0,1
230,20.0,172.0,1.0,1.0,0.0,12.0,1.0,1
231,18.0,184.0,1.0,1.0,8.0,0.0,2.0,0
232,18.0,184.0,1.0,1.0,8.0,0.0,2.0,0
233,29.0,150.0,2.0,1.0,19.25,105.0,7.0,1
234,49.75,306.0,2.0,1.0,2.5,130.0,94.0,1
235,5.5,0.0,1.0,1.0,15.5,16.0,5.0,0
236,17.25,140.0,2.0,1.0,5.25,0.0,25.0,0
237,20.75,201.0,3.0,1.0,11.0,21.0,60.0,1
238,1.0,60.0,1.0,1.0,7.0,4.0,4.0,1
239,0.06,0.0,5.0,1.0,0.03,224.0,175.0,1
240,13.22,151.87,3.94,1.0,2.38,221.04,29.2,1
241,14.01,140.13,4.03,1.0,2.23,236.9,30.47,1
242,12.18,167.36,3.82,1.0,2.59,200.11,27.53,1
243,13.29,150.85,3.95,1.0,2.37,222.42,29.31,1
244,21.34,31.17,4.88,1.0,0.79,384.15,42.25,1
245,5.98,259.49,3.11,1.0,3.81,75.61,17.57,1
246,9.55,206.34,3.52,1.0,3.1,147.44,23.31,1
247,19.02,65.6,4.61,1.0,1.24,337.62,38.53,1
248,13.75,144.04,4.0,1.0,2.28,231.63,30.05,1
249,9.88,201.54,3.56,1.0,3.04,153.92,23.83,1
250,11.17,182.32,3.71,1.0,2.79,179.9,25.91,1
251,17.64,86.23,4.45,1.0,1.51,309.75,36.3,1
252,15.88,112.27,4.25,1.0,1.86,274.55,33.48,1
253,12.49,162.69,3.86,1.0,2.53,206.42,28.03,1
254,13.83,142.79,4.01,1.0,2.26,233.31,30.18,1
255,12.95,155.84,3.91,1.0,2.44,215.67,28.77,1
256,5.39,268.24,3.04,1.0,3.92,63.79,16.62,1
257,7.78,232.65,3.32,1.0,3.45,111.88,20.47,1
258,20.93,37.2,4.83,1.0,0.87,376.0,41.6,1
259,15.84,112.94,4.24,1.0,1.87,273.65,33.41,1
260,6.45,252.39,3.17,1.0,3.71,85.21,18.34,1
261,10.69,189.43,3.65,1.0,2.88,170.29,25.14,1
262,19.89,52.68,4.71,1.0,1.07,355.08,39.93,1
263,8.12,227.67,3.36,1.0,3.39,118.61,21.01,1
264,19.33,61.03,4.64,1.0,1.18,343.79,39.02,1
265,21.78,24.65,4.93,1.0,0.7,392.95,42.96,1
266,9.12,212.83,3.47,1.0,3.19,138.67,22.61,1
267,6.62,249.87,3.19,1.0,3.68,88.61,18.61,1
268,14.91,126.74,4.14,1.0,2.05,255.0,31.92,1
269,16.49,103.25,4.32,1.0,1.74,286.75,34.46,1
270,10.7,189.27,3.65,1.0,2.88,170.5,25.16,1
271,20.69,40.86,4.8,1.0,0.91,371.05,41.2,1
272,10.16,197.3,3.59,1.0,2.98,159.64,24.29,1
273,13.18,152.43,3.94,1.0,2.39,220.28,29.14,1
274,7.6,235.38,3.3,1.0,3.49,108.18,20.17,1
275,6.03,258.73,3.12,1.0,3.8,76.63,17.65,1
276,6.63,249.85,3.19,1.0,3.68,88.64,18.61,1
277,19.25,62.18,4.64,1.0,1.2,342.25,38.9,1
278,17.12,93.88,4.39,1.0,1.62,299.41,35.47,1
279,19.56,57.64,4.67,1.0,1.14,348.37,39.39,1
280,6.79,247.47,3.2,1.0,3.65,91.85,18.87,1
281,15.23,121.95,4.17,1.0,1.99,261.47,32.44,1
282,15.53,117.48,4.21,1.0,1.93,267.52,32.92,1
283,11.17,182.38,3.71,1.0,2.79,179.82,25.91,1
284,13.2,152.12,3.94,1.0,2.39,220.7,29.18,1
285,21.42,29.97,4.88,1.0,0.77,385.77,42.38,1
286,21.78,24.68,4.93,1.0,0.7,392.93,42.95,1
287,12.31,165.39,3.84,1.0,2.56,202.77,27.74,1
288,9.31,210.0,3.49,1.0,3.15,142.48,22.92,1
289,11.49,177.59,3.74,1.0,2.72,186.29,26.42,1
290,5.13,272.0,3.02,1.0,3.97,58.71,16.22,1
291,13.86,142.39,4.02,1.0,2.26,233.86,30.23,1
292,7.61,235.26,3.3,1.0,3.49,108.35,20.19,1
293,8.71,218.86,3.43,1.0,3.27,130.51,21.96,1
294,11.79,173.09,3.78,1.0,2.66,192.36,26.91,1
295,20.02,50.76,4.72,1.0,1.04,357.68,40.13,1
296,21.34,31.2,4.87,1.0,0.79,384.11,42.25,1
297,6.54,251.1,3.18,1.0,3.7,86.95,18.48,1
298,10.21,196.6,3.6,1.0,2.98,160.6,24.37,1
299,9.15,212.26,3.48,1.0,3.18,139.43,22.67,1
300,17.95,81.59,4.49,1.0,1.45,316.02,36.8,1
301,9.7,204.2,3.54,1.0,3.08,150.32,23.55,1
302,16.02,110.18,4.26,1.0,1.83,277.37,33.71,1
303,17.23,92.19,4.4,1.0,1.59,301.68,35.65,1
304,22.01,21.19,4.95,1.0,0.65,397.63,43.33,1
305,14.29,136.02,4.07,1.0,2.17,242.46,30.92,1
306,5.89,260.74,3.1,1.0,3.82,73.92,17.43,1
307,9.8,202.66,3.55,1.0,3.06,152.4,23.71,1
308,19.67,55.94,4.68,1.0,1.11,350.67,39.57,1
309,9.49,207.27,3.52,1.0,3.12,146.17,23.21,1
310,21.16,33.85,4.85,1.0,0.82,380.53,41.96,1
311,22.11,19.78,4.96,1.0,0.63,399.54,43.48,1
312,15.4,119.51,4.19,1.0,1.95,264.77,32.7,1
313,22.26,17.46,4.98,1.0,0.6,402.68,43.73,1
314,9.15,212.35,3.48,1.0,3.18,139.31,22.67,1
315,13.69,144.85,4.0,1.0,2.29,230.52,29.96,1
316,6.54,251.06,3.18,1.0,3.7,87.0,18.48,1
317,19.43,59.51,4.66,1.0,1.16,345.85,39.19,1
318,21.04,35.59,4.84,1.0,0.84,378.17,41.77,1
319,7.55,236.03,3.29,1.0,3.5,107.31,20.1,1
320,22.18,18.73,4.97,1.0,0.62,400.96,43.6,1
321,7.43,237.91,3.28,1.0,3.52,104.77,19.9,1
322,21.56,27.84,4.9,1.0,0.74,388.65,42.61,1
323,11.98,170.27,3.8,1.0,2.63,196.17,27.21,1
324,7.31,239.7,3.26,1.0,3.55,102.35,19.71,1
325,5.88,260.86,3.1,1.0,3.83,73.76,17.42,1
326,15.91,111.8,4.25,1.0,1.85,275.18,33.53,1
327,15.06,124.44,4.15,1.0,2.02,258.11,32.17,1
328,15.42,119.14,4.2,1.0,1.95,265.26,32.74,1
329,19.73,55.17,4.69,1.0,1.1,351.72,39.66,1
330,14.56,131.97,4.1,1.0,2.12,247.93,31.35,1
331,18.56,72.48,4.56,1.0,1.33,328.32,37.79,1
332,22.31,16.81,4.99,1.0,0.6,403.56,43.8,1
333,12.8,158.07,3.9,1.0,2.47,212.66,28.53,1
334,14.46,133.36,4.09,1.0,2.14,246.06,31.2,1
335,19.82,53.7,4.7,1.0,1.08,353.7,39.82,1
336,7.49,236.93,3.29,1.0,3.51,106.09,20.01,1
337,6.71,248.54,3.2,1.0,3.66,90.41,18.75,1
338,5.71,263.4,3.08,1.0,3.86,70.32,17.15,1
339,14.95,126.17,4.14,1.0,2.04,255.77,31.98,1
340,12.9,156.57,3.91,1.0,2.45,214.69,28.69,1
341,18.63,71.5,4.56,1.0,1.32,329.65,37.89,1
342,6.11,257.57,3.13,1.0,3.78,78.2,17.78,1
343,9.61,205.45,3.53,1.0,3.09,148.64,23.41,1
344,15.19,122.5,4.17,1.0,1.99,260.73,32.38,1
345,17.77,84.19,4.47,1.0,1.49,312.49,36.52,1
346,20.14,49.01,4.74,1.0,1.02,360.05,40.32,1
347,6.52,251.45,3.17,1.0,3.7,86.47,18.44,1
348,10.7,189.36,3.65,1.0,2.88,170.38,25.15,1
349,19.37,60.5,4.65,1.0,1.17,344.51,39.08,1
350,11.51,177.31,3.75,1.0,2.72,186.66,26.45,1
351,18.81,68.81,4.58,1.0,1.28,333.28,38.18,1
352,12.4,164.1,3.85,1.0,2.55,204.52,27.88,1
353,22.03,20.87,4.95,1.0,0.65,398.07,43.37,1
354,20.57,42.62,4.79,1.0,0.94,368.68,41.01,1
355,13.68,144.96,4.0,1.0,2.29,230.37,29.95,1
356,14.78,128.7,4.12,1.0,2.08,252.35,31.71,1
357,6.34,254.15,3.15,1.0,3.74,82.83,18.15,1
358,15.67,115.38,4.22,1.0,1.9,270.35,33.15,1
359,14.34,135.25,4.07,1.0,2.16,243.49,31.0,1
360,14.27,136.22,4.06,1.0,2.18,242.2,30.9,1
361,15.74,114.45,4.23,1.0,1.89,271.6,33.25,1
362,7.45,237.52,3.28,1.0,3.52,105.29,19.94,1
363,9.72,203.84,3.54,1.0,3.07,150.81,23.58,1
364,10.51,192.12,3.63,1.0,2.92,166.65,24.85,1
365,6.84,246.65,3.21,1.0,3.64,92.96,18.96,1
366,18.46,73.91,4.55,1.0,1.35,326.39,37.63,1
367,12.44,163.43,3.85,1.0,2.54,205.41,27.95,1
368,8.64,219.86,3.42,1.0,3.28,129.16,21.85,1
369,14.04,139.7,4.04,1.0,2.22,237.49,30.52,1
370,17.47,88.72,4.43,1.0,1.55,306.38,36.03,1
371,8.06,228.59,3.35,1.0,3.4,117.36,20.91,1
372,5.26,270.13,3.03,1.0,3.95,61.23,16.42,1
373,22.12,19.54,4.96,1.0,0.63,399.87,43.51,1
374,22.05,20.68,4.96,1.0,0.65,398.33,43.39,1
375,6.97,244.69,3.23,1.0,3.61,95.61,19.17,1
376,11.8,173.02,3.78,1.0,2.66,192.46,26.92,1
377,11.25,181.11,3.72,1.0,2.77,181.53,26.04,1
378,14.93,126.49,4.14,1.0,2.05,255.34,31.95,1
379,7.68,234.23,3.31,1.0,3.47,109.74,20.3,1
380,8.85,216.82,3.44,1.0,3.24,133.27,22.18,1
381,5.17,271.53,3.02,1.0,3.97,59.34,16.27,1
382,20.83,38.78,4.82,1.0,0.89,373.86,41.43,1
383,6.92,245.46,3.22,1.0,3.62,94.56,19.09,1
384,13.66,145.25,3.99,1.0,2.3,229.98,29.92,1
385,12.91,156.46,3.91,1.0,2.44,214.83,28.71,1
386,8.48,222.35,3.4,1.0,3.32,125.79,21.58,1
387,10.07,198.73,3.58,1.0,3.0,157.72,24.14,1
388,17.23,92.21,4.4,1.0,1.59,301.67,35.65,1
389,20.48,43.89,4.78,1.0,0.95,366.96,40.88,1
390,22.26,17.5,4.98,1.0,0.6,402.62,43.73,1
391,13.56,146.84,3.98,1.0,2.32,227.83,29.75,1
392,18.23,77.42,4.52,1.0,1.4,321.65,37.25,1
393,10.65,190.05,3.65,1.0,2.89,169.44,25.08,1
394,16.53,102.73,4.32,1.0,1.73,287.45,34.52,1
395,20.88,37.98,4.82,1.0,0.88,374.95,41.52,1
396,5.48,266.89,3.05,1.0,3.91,65.6,16.77,1
397,5.84,261.51,3.1,1.0,3.83,72.88,17.35,1
398,18.31,76.14,4.53,1.0,1.38,323.38,37.39,1
399,13.53,147.25,3.98,1.0,2.32,227.29,29.7,1
400,14.35,135.11,4.07,1.0,2.16,243.69,31.02,1
401,6.06,258.32,3.12,1.0,3.79,77.19,17.7,1
402,10.33,194.77,3.61,1.0,2.95,163.07,24.57,1
403,5.06,273.09,3.01,1.0,3.99,57.22,16.1,1
404,8.7,218.96,3.43,1.0,3.27,130.38,21.95,1
405,11.13,182.93,3.7,1.0,2.79,179.07,25.85,1
406,15.79,113.64,4.24,1.0,1.88,272.7,33.34,1
407,5.72,263.25,3.08,1.0,3.86,70.53,17.16,1
408,9.13,212.65,3.47,1.0,3.19,138.9,22.63,1
409,11.53,176.98,3.75,1.0,2.72,187.11,26.49,1
410,13.91,141.53,4.02,1.0,2.25,235.01,30.32,1
411,21.11,34.65,4.85,1.0,0.83,379.45,41.88,1
412,21.11,34.56,4.85,1.0,0.83,379.57,41.89,1
413,9.95,200.38,3.57,1.0,3.03,155.49,23.96,1
414,13.72,144.39,4.0,1.0,2.28,231.15,30.01,1
415,17.44,89.19,4.43,1.0,1.55,305.74,35.98,1
416,5.52,266.3,3.06,1.0,3.9,66.41,16.83,1
417,7.17,241.79,3.25,1.0,3.57,99.52,19.48,1
418,19.1,64.41,4.62,1.0,1.23,339.23,38.66,1
419,7.21,241.19,3.25,1.0,3.57,100.33,19.55,1
420,7.81,232.3,3.32,1.0,3.45,112.35,20.51,1
421,14.94,126.28,4.14,1.0,2.04,255.62,31.97,1
422,12.25,166.26,3.83,1.0,2.57,201.6,27.65,1
423,16.46,103.65,4.32,1.0,1.74,286.21,34.42,1
424,18.13,78.91,4.51,1.0,1.42,319.64,37.09,1
425,5.61,264.93,3.07,1.0,3.88,68.26,16.98,1
426,14.93,126.4,4.14,1.0,2.05,255.46,31.96,1
427,16.04,109.99,4.27,1.0,1.83,277.63,33.73,1
428,9.08,213.39,3.47,1.0,3.2,137.91,22.55,1
429,20.87,38.15,4.82,1.0,0.88,374.72,41.5,1
430,12.62,160.75,3.87,1.0,2.5,209.05,28.24,1
431,21.14,34.13,4.85,1.0,0.82,380.14,41.93,1
432,10.46,192.82,3.63,1.0,2.93,165.7,24.78,1
433,20.86,38.24,4.82,1.0,0.88,374.59,41.49,1
434,13.69,144.82,4.0,1.0,2.29,230.57,29.97,1
435,17.55,87.56,4.44,1.0,1.53,307.94,36.16,1
436,12.83,157.58,3.9,1.0,2.46,213.32,28.59,1
437,20.0,51.13,4.72,1.0,1.05,357.18,40.09,1
438,9.41,208.53,3.51,1.0,3.13,144.48,23.08,1
439,11.24,181.23,3.72,1.0,2.77,181.36,26.03,1
440,20.79,39.36,4.81,1.0,0.89,373.07,41.37,1
441,16.63,101.24,4.33,1.0,1.71,289.46,34.68,1
442,22.4,15.39,5.0,1.0,0.58,405.48,43.96,1
443,19.87,53.04,4.71,1.0,1.08,354.59,39.89,1
444,12.81,157.87,3.9,1.0,2.46,212.93,28.55,1
445,20.72,40.39,4.8,1.0,0.91,371.69,41.26,1
446,20.63,41.73,4.79,1.0,0.93,369.88,41.11,1
447,17.87,82.74,4.48,1.0,1.47,314.47,36.68,1
448,19.26,62.05,4.64,1.0,1.19,342.42,38.91,1
449,17.96,81.42,4.49,1.0,1.45,316.24,36.82,1
450,5.73,263.09,3.08,1.0,3.86,70.75,17.18,1
451,19.93,52.12,4.71,1.0,1.06,355.84,39.99,1
452,18.58,72.17,4.56,1.0,1.33,328.74,37.82,1
453,13.19,152.34,3.94,1.0,2.39,220.41,29.15,1
454,13.56,146.73,3.98,1.0,2.32,227.99,29.76,1
455,20.87,38.09,4.82,1.0,0.88,374.8,41.5,1
456,20.77,39.72,4.81,1.0,0.9,372.6,41.33,1
457,17.5,88.28,4.43,1.0,1.54,306.97,36.08,1
458,12.77,158.49,3.89,1.0,2.47,212.1,28.49,1
459,20.39,45.29,4.77,1.0,0.97,365.07,40.73,1
460,7.85,231.6,3.33,1.0,3.44,113.29,20.58,1
461,17.74,84.67,4.46,1.0,1.49,311.85,36.47,1
462,22.32,16.59,4.99,1.0,0.59,403.85,43.83,1
463,13.92,141.39,4.02,1.0,2.24,235.2,30.34,1
464,10.7,189.34,3.65,1.0,2.88,170.4,25.15,1
465,14.48,133.15,4.09,1.0,2.14,246.34,31.23,1
466,13.31,150.55,3.95,1.0,2.37,222.82,29.35,1
467,11.72,174.11,3.77,1.0,2.68,190.99,26.8,1
468,21.81,24.2,4.93,1.0,0.69,393.57,43.01,1
469,16.74,99.55,4.35,1.0,1.69,291.75,34.86,1
470,8.97,214.98,3.46,1.0,3.22,135.76,22.38,1
471,14.21,137.16,4.06,1.0,2.19,240.92,30.79,1
472,15.92,111.72,4.25,1.0,1.85,275.3,33.54,1
473,6.71,248.55,3.2,1.0,3.66,90.39,18.75,1
474,13.64,145.58,3.99,1.0,2.3,229.55,29.88,1
475,5.51,266.37,3.06,1.0,3.9,66.3,16.82,1
476,12.8,158.06,3.9,1.0,2.47,212.67,28.53,1
477,18.62,71.54,4.56,1.0,1.32,329.59,37.89,1
478,15.4,119.51,4.19,1.0,1.95,264.77,32.7,1
479,12.24,166.37,3.83,1.0,2.58,201.45,27.64,1
480,10.98,185.08,3.69,1.0,2.82,176.17,25.61,1
481,8.18,226.7,3.37,1.0,3.37,119.92,21.11,1
482,7.48,237.12,3.28,1.0,3.51,105.83,19.99,1
483,9.22,211.24,3.48,1.0,3.17,140.81,22.79,1
484,8.55,221.3,3.41,1.0,3.3,127.21,21.7,1
485,22.06,20.49,4.96,1.0,0.64,398.58,43.41,1
486,5.77,262.5,3.09,1.0,3.85,71.54,17.24,1
487,17.24,92.04,4.41,1.0,1.59,301.9,35.67,1
488,20.89,37.86,4.82,1.0,0.87,375.11,41.53,1
489,19.04,65.3,4.61,1.0,1.24,338.03,38.56,1
490,9.28,210.34,3.49,1.0,3.16,142.02,22.88,1
491,10.35,194.43,3.61,1.0,2.95,163.53,24.6,1
492,17.18,92.96,4.4,1.0,1.6,300.65,35.57,1
493,9.68,204.46,3.54,1.0,3.08,149.97,23.52,1
494,9.29,210.28,3.49,1.0,3.16,142.1,22.89,1
495,14.99,125.58,4.15,1.0,2.04,256.57,32.05,1
496,16.52,102.83,4.32,1.0,1.73,287.31,34.5,1
497,20.28,46.96,4.75,1.0,0.99,362.82,40.55,1
498,7.41,238.24,3.28,1.0,3.53,104.33,19.87,1
499,7.59,235.58,3.3,1.0,3.49,107.92,20.15,1
500,17.31,91.03,4.41,1.0,1.58,303.26,35.78,1
501,9.59,205.75,3.53,1.0,3.1,148.22,23.38,1
502,18.96,66.52,4.6,1.0,1.25,336.37,38.43,1
503,17.59,86.91,4.44,1.0,1.52,308.83,36.23,1
504,21.99,21.53,4.95,1.0,0.66,397.17,43.29,1
505,15.72,114.75,4.23,1.0,1.89,271.2,33.22,1
506,9.97,200.14,3.57,1.0,3.02,155.82,23.99,1
507,15.46,118.62,4.2,1.0,1.94,265.97,32.8,1
508,20.9,37.76,4.82,1.0,0.87,375.25,41.54,1
509,8.13,227.54,3.36,1.0,3.39,118.78,21.02,1
510,12.33,165.07,3.84,1.0,2.56,203.2,27.78,1
511,17.68,85.51,4.46,1.0,1.5,310.72,36.38,1
512,11.3,180.42,3.72,1.0,2.76,182.45,26.12,1
513,16.92,96.8,4.37,1.0,1.65,295.46,35.16,1
514,10.4,193.83,3.62,1.0,2.94,164.34,24.67,1
515,10.0,199.65,3.57,1.0,3.02,156.48,24.04,1
516,11.6,175.95,3.76,1.0,2.7,188.5,26.6,1
517,19.68,55.92,4.68,1.0,1.11,350.71,39.58,1
518,10.09,198.29,3.58,1.0,3.0,158.31,24.18,1
519,11.25,181.17,3.72,1.0,2.77,181.44,26.04,1
520,10.1,198.23,3.59,1.0,3.0,158.39,24.19,1
521,7.86,231.54,3.33,1.0,3.44,113.38,20.59,1
522,18.39,75.0,4.54,1.0,1.37,324.91,37.51,1
523,5.96,259.69,3.11,1.0,3.81,75.34,17.55,1
524,10.85,187.04,3.67,1.0,2.85,173.51,25.4,1
525,16.83,98.12,4.36,1.0,1.67,293.67,35.01,1
526,10.26,195.86,3.6,1.0,2.97,161.6,24.45,1
527,19.95,51.88,4.72,1.0,1.06,356.16,40.01,1
528,11.23,181.49,3.71,1.0,2.78,181.02,26.0,1
529,14.51,132.71,4.09,1.0,2.13,246.93,31.27,1
530,7.99,229.53,3.34,1.0,3.41,116.09,20.81,1
531,10.48,192.52,3.63,1.0,2.92,166.11,24.81,1
532,21.68,26.08,4.91,1.0,0.72,391.03,42.8,1
533,21.54,28.18,4.9,1.0,0.75,388.19,42.58,1
534,15.54,117.36,4.21,1.0,1.93,267.68,32.93,1
535,21.01,36.1,4.84,1.0,0.85,377.49,41.72,1
536,14.69,130.06,4.11,1.0,2.09,250.51,31.56,1
537,21.87,23.35,4.94,1.0,0.68,394.71,43.1,1
538,19.62,56.73,4.68,1.0,1.12,349.6,39.49,1
539,18.61,71.8,4.56,1.0,1.32,329.24,37.86,1
540,19.43,59.62,4.66,1.0,1.16,345.71,39.18,1
541,5.23,270.62,3.03,1.0,3.96,60.57,16.37,1
542,18.98,66.25,4.6,1.0,1.25,336.74,38.46,1
543,13.67,145.13,4.0,1.0,2.29,230.15,29.93,1
544,15.98,110.82,4.26,1.0,1.84,276.51,33.64,1
545,14.51,132.62,4.09,1.0,2.13,247.05,31.28,1
546,17.07,94.65,4.38,1.0,1.63,298.37,35.39,1
547,7.98,229.68,3.34,1.0,3.41,115.89,20.79,1
548,20.06,50.23,4.73,1.0,1.04,358.39,40.19,1
549,14.97,125.83,4.14,1.0,2.04,256.23,32.02,1
550,12.14,167.93,3.82,1.0,2.6,199.34,27.47,1
551,6.98,244.52,3.23,1.0,3.61,95.83,19.19,1
552,9.88,201.51,3.56,1.0,3.04,153.97,23.84,1
553,17.61,86.62,4.45,1.0,1.52,309.21,36.26,1
554,20.53,43.21,4.78,1.0,0.94,367.88,40.95,1
555,16.74,99.57,4.35,1.0,1.69,291.72,34.86,1
556,8.34,224.36,3.38,1.0,3.34,123.08,21.37,1
557,5.1,272.51,3.01,1.0,3.98,58.01,16.16,1
558,16.38,104.82,4.31,1.0,1.76,284.63,34.29,1
559,18.7,70.37,4.57,1.0,1.3,331.18,38.01,1
560,13.85,142.48,4.02,1.0,2.26,233.73,30.22,1
561,9.82,202.32,3.55,1.0,3.05,152.86,23.75,1
562,8.25,225.74,3.37,1.0,3.36,121.22,21.22,1
563,15.84,112.86,4.24,1.0,1.87,273.75,33.42,1
564,9.07,213.53,3.47,1.0,3.2,137.72,22.54,1
565,8.34,224.33,3.38,1.0,3.34,123.13,21.37,1
566,8.5,222.05,3.4,1.0,3.31,126.21,21.62,1
567,8.57,220.91,3.41,1.0,3.3,127.75,21.74,1
568,13.21,151.94,3.94,1.0,2.38,220.95,29.2,1
569,14.09,138.99,4.04,1.0,2.21,238.45,30.6,1
570,7.97,229.88,3.34,1.0,3.42,115.62,20.77,1
571,17.55,87.56,4.44,1.0,1.53,307.94,36.16,1
572,9.27,210.54,3.49,1.0,3.16,141.76,22.86,1
573,7.0,244.32,3.23,1.0,3.61,96.1,19.21,1
574,13.45,148.49,3.97,1.0,2.34,225.61,29.57,1
575,14.96,125.98,4.14,1.0,2.04,256.03,32.0,1
576,5.95,259.94,3.11,1.0,3.81,74.99,17.52,1
577,20.55,42.85,4.78,1.0,0.94,368.37,40.99,1
578,10.52,191.9,3.63,1.0,2.91,166.95,24.88,1
579,8.57,220.98,3.41,1.0,3.3,127.65,21.73,1
580,19.13,64.04,4.62,1.0,1.22,339.72,38.7,1
581,18.84,68.29,4.59,1.0,1.28,333.98,38.24,1
582,17.0,95.73,4.38,1.0,1.64,296.9,35.27,1
583,21.51,28.71,4.89,1.0,0.75,387.47,42.52,1
584,19.43,59.55,4.66,1.0,1.16,345.8,39.18,1
585,17.06,94.82,4.38,1.0,1.63,298.13,35.37,1
586,18.51,73.16,4.55,1.0,1.34,327.4,37.71,1
587,20.92,37.39,4.83,1.0,0.87,375.74,41.58,1
588,18.73,69.96,4.58,1.0,1.3,331.73,38.06,1
589,20.2,48.14,4.74,1.0,1.01,361.22,40.42,1
590,5.22,270.68,3.03,1.0,3.96,60.48,16.36,1
591,12.4,164.07,3.85,1.0,2.54,204.56,27.88,1
592,10.28,195.56,3.61,1.0,2.96,162.0,24.48,1
593,21.18,33.59,4.86,1.0,0.82,380.88,41.99,1
594,5.87,261.08,3.1,1.0,3.83,73.47,17.4,1
595,17.14,93.54,4.39,1.0,1.61,299.87,35.51,1
596,20.28,46.87,4.75,1.0,0.99,362.93,40.55,1
597,7.45,237.53,3.28,1.0,3.52,105.29,19.94,1
598,13.11,153.47,3.93,1.0,2.4,218.88,29.03,1
599,5.45,267.26,3.05,1.0,3.91,65.11,16.73,1
600,15.43,118.94,4.2,1.0,1.95,265.54,32.76,1
601,11.73,173.95,3.77,1.0,2.68,191.21,26.82,1
602,13.7,144.68,4.0,1.0,2.29,230.75,29.98,1
603,20.27,47.03,4.75,1.0,1.0,362.72,40.54,1
604,18.85,68.22,4.59,1.0,1.28,334.08,38.25,1
605,10.4,193.8,3.62,1.0,2.94,164.37,24.67,1
606,19.54,57.86,4.67,1.0,1.14,348.08,39.37,1
607,15.17,122.81,4.17,1.0,2.0,260.32,32.35,1
608,11.8,173.01,3.78,1.0,2.66,192.47,26.92,1
609,5.53,266.09,3.06,1.0,3.9,66.69,16.86,1
610,7.44,237.8,3.28,1.0,3.52,104.92,19.91,1
611,10.6,190.72,3.64,1.0,2.9,168.54,25.0,1
612,10.7,189.32,3.65,1.0,2.88,170.44,25.16,1
613,11.67,174.87,3.77,1.0,2.69,189.96,26.72,1
614,21.2,33.22,4.86,1.0,0.81,381.38,42.03,1
615,6.6,250.15,3.18,1.0,3.68,88.23,18.58,1
616,13.0,155.17,3.92,1.0,2.43,216.59,28.85,1
617,6.86,246.3,3.21,1.0,3.63,93.43,18.99,1
618,21.69,26.04,4.91,1.0,0.72,391.08,42.81,1
619,6.2,256.18,3.14,1.0,3.76,80.08,17.93,1
620,22.02,21.07,4.95,1.0,0.65,397.8,43.34,1
621,19.1,64.42,4.62,1.0,1.23,339.21,38.66,1
622,13.1,153.6,3.93,1.0,2.41,218.7,29.02,1
623,8.3,224.94,3.38,1.0,3.35,122.29,21.3,1
624,19.26,62.12,4.64,1.0,1.2,342.32,38.91,1
625,10.17,197.16,3.59,1.0,2.98,159.84,24.31,1
626,17.0,95.65,4.38,1.0,1.64,297.02,35.28,1
627,20.89,37.8,4.82,1.0,0.87,375.19,41.53,1
628,21.66,26.45,4.91,1.0,0.72,390.53,42.76,1
629,7.14,242.24,3.25,1.0,3.58,98.91,19.43,1
630,9.75,203.44,3.54,1.0,3.07,151.36,23.63,1
631,16.38,104.82,4.31,1.0,1.76,284.62,34.29,1
632,5.26,270.15,3.03,1.0,3.95,61.2,16.42,1
633,15.58,116.76,4.21,1.0,1.92,268.49,33.0,1
634,21.68,26.1,4.91,1.0,0.72,391.0,42.8,1
635,7.78,232.7,3.32,1.0,3.45,111.81,20.47,1
636,19.65,56.24,4.68,1.0,1.12,350.28,39.54,1
637,16.67,100.65,4.34,1.0,1.71,290.26,34.74,1
638,21.12,34.47,4.85,1.0,0.83,379.69,41.9,1
639,6.59,250.41,3.18,1.0,3.69,87.88,18.55,1
640,7.63,234.92,3.3,1.0,3.48,108.81,20.22,1
641,13.13,153.12,3.93,1.0,2.4,219.35,29.07,1
642,18.7,70.48,4.57,1.0,1.31,331.02,38.0,1
643,19.79,54.21,4.7,1.0,1.09,353.01,39.76,1
644,22.31,16.76,4.99,1.0,0.59,403.62,43.81,1
645,6.22,255.86,3.14,1.0,3.76,80.51,17.96,1
646,5.02,273.71,3.0,1.0,4.0,56.4,16.03,1
647,13.75,144.01,4.0,1.0,2.28,231.66,30.05,1
648,15.67,115.41,4.22,1.0,1.9,270.31,33.14,1
649,12.06,169.02,3.81,1.0,2.61,197.87,27.35,1
650,7.02,243.92,3.23,1.0,3.6,96.65,19.25,1
651,15.84,112.93,4.24,1.0,1.87,273.67,33.41,1
652,17.35,90.54,4.42,1.0,1.57,303.92,35.83,1
653,8.87,216.44,3.44,1.0,3.24,133.79,22.22,1
654,22.03,20.87,4.95,1.0,0.65,398.06,43.37,1
655,11.87,171.91,3.79,1.0,2.65,193.96,27.04,1
656,7.57,235.83,3.29,1.0,3.49,107.59,20.13,1
657,15.24,121.81,4.18,1.0,1.99,261.67,32.45,1
658,10.98,185.13,3.69,1.0,2.82,176.09,25.61,1
659,10.05,199.02,3.58,1.0,3.01,157.32,24.11,1
660,12.6,161.0,3.87,1.0,2.5,208.7,28.22,1
661,19.37,60.44,4.65,1.0,1.17,344.59,39.09,1
662,11.22,181.53,3.71,1.0,2.78,180.95,26.0,1
663,15.68,115.34,4.23,1.0,1.9,270.4,33.15,1
664,11.21,181.73,3.71,1.0,2.78,180.68,25.97,1
665,8.21,226.33,3.37,1.0,3.37,120.42,21.15,1
666,17.99,80.9,4.49,1.0,1.44,316.95,36.88,1
667,17.64,86.21,4.45,1.0,1.51,309.77,36.3,1
668,18.52,73.01,4.55,1.0,1.34,327.61,37.73,1
669,14.43,133.91,4.08,1.0,2.15,245.3,31.14,1
670,20.82,38.89,4.82,1.0,0.89,373.72,41.42,1
671,11.09,183.51,3.7,1.0,2.8,178.28,25.78,1
672,15.02,125.12,4.15,1.0,2.03,257.19,32.09,1
673,8.93,215.67,3.45,1.0,3.23,134.82,22.31,1
674,13.97,140.74,4.03,1.0,2.24,236.09,30.41,1
675,6.45,252.38,3.17,1.0,3.71,85.21,18.34,1
676,18.03,80.39,4.5,1.0,1.44,317.64,36.93,1
677,18.2,77.89,4.51,1.0,1.4,321.02,37.2,1
678,21.46,29.33,4.89,1.0,0.76,386.63,42.45,1
679,20.79,39.39,4.81,1.0,0.89,373.04,41.36,1
680,18.27,76.79,4.52,1.0,1.39,322.5,37.32,1
681,6.53,251.31,3.18,1.0,3.7,86.67,18.45,1
682,13.9,141.79,4.02,1.0,2.25,234.66,30.29,1
683,6.45,252.52,3.17,1.0,3.72,85.02,18.32,1
684,18.63,71.38,4.56,1.0,1.32,329.81,37.9,1
685,18.3,76.32,4.53,1.0,1.38,323.14,37.37,1
686,17.53,87.82,4.44,1.0,1.54,307.59,36.13,1
687,5.3,269.48,3.03,1.0,3.94,62.1,16.49,1
688,9.62,205.37,3.53,1.0,3.09,148.74,23.42,1
689,11.45,178.14,3.74,1.0,2.73,185.54,26.36,1
690,6.45,252.48,3.17,1.0,3.72,85.09,18.33,1
691,14.8,128.43,4.12,1.0,2.07,252.72,31.74,1
692,16.25,106.88,4.29,1.0,1.79,281.84,34.07,1
693,10.68,189.57,3.65,1.0,2.88,170.09,25.13,1
694,15.65,115.8,4.22,1.0,1.91,269.78,33.1,1
695,7.32,239.49,3.27,1.0,3.54,102.63,19.73,1
696,19.54,57.87,4.67,1.0,1.14,348.07,39.37,1
697,5.7,263.63,3.08,1.0,3.86,70.01,17.12,1
698,13.04,154.46,3.92,1.0,2.42,217.54,28.92,1
699,11.13,182.94,3.7,1.0,2.79,179.05,25.84,1
700,21.28,32.07,4.87,1.0,0.8,382.93,42.15,1
701,11.81,172.83,3.78,1.0,2.66,192.72,26.94,1
702,15.72,114.72,4.23,1.0,1.89,271.25,33.22,1
703,12.38,164.33,3.85,1.0,2.55,204.21,27.86,1
704,6.02,258.87,3.12,1.0,3.8,76.44,17.64,1
705,21.47,29.24,4.89,1.0,0.76,386.75,42.46,1
706,8.15,227.21,3.36,1.0,3.38,119.23,21.06,1
707,16.67,100.61,4.34,1.0,1.7,290.31,34.74,1
708,8.65,219.77,3.42,1.0,3.28,129.29,21.86,1
709,12.42,163.7,3.85,1.0,2.54,205.06,27.92,1
710,18.72,70.13,4.57,1.0,1.3,331.51,38.04,1
711,12.1,168.48,3.81,1.0,2.6,198.59,27.41,1
712,5.61,264.95,3.07,1.0,3.88,68.23,16.98,1
713,6.19,256.32,3.14,1.0,3.77,79.9,17.91,1
714,15.85,112.76,4.25,1.0,1.87,273.89,33.43,1
715,12.71,159.36,3.89,1.0,2.48,210.91,28.39,1
716,19.1,64.39,4.62,1.0,1.23,339.25,38.66,1
717,19.41,59.88,4.65,1.0,1.17,345.35,39.15,1
718,15.93,111.63,4.25,1.0,1.85,275.41,33.55,1
719,8.5,221.94,3.4,1.0,3.31,126.35,21.63,1
720,7.05,243.54,3.24,1.0,3.6,97.16,19.29,1
721,16.41,104.41,4.31,1.0,1.76,285.17,34.33,1
722,16.92,96.82,4.37,1.0,1.65,295.43,35.15,1
723,11.32,180.09,3.73,1.0,2.76,182.9,26.15,1
724,7.74,233.21,3.31,1.0,3.46,111.12,20.41,1
725,8.04,228.77,3.35,1.0,3.4,117.12,20.89,1
726,16.96,96.31,4.37,1.0,1.65,296.12,35.21,1
727,16.08,109.38,4.27,1.0,1.82,278.45,33.8,1
728,12.18,167.33,3.82,1.0,2.59,200.15,27.53,1
729,15.51,117.75,4.21,1.0,1.93,267.15,32.89,1
730,9.49,207.23,3.52,1.0,3.12,146.23,23.22,1
731,18.13,78.86,4.51,1.0,1.42,319.71,37.1,1
732,16.23,107.18,4.29,1.0,1.79,281.43,34.03,1
733,12.75,158.82,3.89,1.0,2.48,211.65,28.45,1
734,6.24,255.52,3.14,1.0,3.76,80.98,18.0,1
735,11.41,178.79,3.74,1.0,2.74,184.66,26.29,1
736,15.85,112.78,4.24,1.0,1.87,273.87,33.43,1
737,9.51,207.01,3.52,1.0,3.11,146.53,23.24,1
738,12.51,162.42,3.86,1.0,2.52,206.79,28.06,1
739,7.68,234.12,3.31,1.0,3.47,109.89,20.31,1
740,9.68,204.39,3.54,1.0,3.08,150.06,23.53,1
741,18.83,68.46,4.59,1.0,1.28,333.76,38.22,1
742,10.71,189.11,3.66,1.0,2.88,170.71,25.18,1
743,19.19,63.07,4.63,1.0,1.21,341.05,38.8,1
744,10.93,185.95,3.68,1.0,2.83,174.99,25.52,1
745,13.21,151.95,3.94,1.0,2.38,220.93,29.19,1
746,17.5,88.17,4.43,1.0,1.54,307.12,36.09,1
747,20.65,41.46,4.8,1.0,0.92,370.24,41.14,1
748,11.4,178.93,3.73,1.0,2.74,184.47,26.28,1
749,10.12,197.89,3.59,1.0,2.99,158.85,24.23,1
750,9.06,213.63,3.47,1.0,3.2,137.58,22.53,1
751,20.96,36.89,4.83,1.0,0.86,376.41,41.63,1
752,16.9,97.21,4.37,1.0,1.66,294.91,35.11,1
753,6.01,259.06,3.12,1.0,3.8,76.19,17.61,1
754,19.15,63.75,4.62,1.0,1.22,340.13,38.73,1
755,6.03,258.65,3.12,1.0,3.8,76.74,17.66,1
756,15.51,117.83,4.21,1.0,1.93,267.04,32.88,1
757,9.65,204.87,3.53,1.0,3.08,149.42,23.47,1
758,18.0,80.88,4.49,1.0,1.44,316.98,36.88,1
759,13.19,152.27,3.94,1.0,2.39,220.5,29.16,1
760,19.12,64.12,4.62,1.0,1.22,339.63,38.69,1
761,12.24,166.38,3.83,1.0,2.58,201.43,27.63,1
762,8.89,216.23,3.45,1.0,3.24,134.07,22.25,1
763,20.19,48.23,4.74,1.0,1.01,361.1,40.41,1
764,13.93,141.25,4.03,1.0,2.24,235.39,30.35,1
765,14.15,138.03,4.05,1.0,2.2,239.75,30.7,1
766,20.89,37.87,4.82,1.0,0.87,375.09,41.53,1
767,10.69,189.45,3.65,1.0,2.88,170.25,25.14,1
768,12.2,167.04,3.83,1.0,2.58,200.54,27.56,1
769,5.37,268.44,3.04,1.0,3.93,63.51,16.6,1
770,16.23,107.16,4.29,1.0,1.79,281.46,34.04,1
771,17.77,84.3,4.46,1.0,1.49,312.35,36.51,1
772,8.57,220.9,3.41,1.0,3.3,127.75,21.74,1
773,16.37,104.96,4.31,1.0,1.76,284.43,34.27,1
774,17.54,87.59,4.44,1.0,1.53,307.9,36.15,1
775,18.74,69.74,4.58,1.0,1.3,332.03,38.08,1
776,17.31,91.07,4.41,1.0,1.58,303.2,35.78,1
777,10.35,194.5,3.61,1.0,2.95,163.44,24.6,1
778,15.4,119.41,4.19,1.0,1.95,264.91,32.71,1
779,11.44,178.26,3.74,1.0,2.73,185.38,26.35,1
780,15.28,121.3,4.18,1.0,1.98,262.35,32.51,1
781,14.58,131.59,4.1,1.0,2.11,248.45,31.4,1
782,21.76,24.99,4.92,1.0,0.7,392.51,42.92,1
783,7.54,236.3,3.29,1.0,3.5,106.94,20.08,1
784,21.51,28.65,4.89,1.0,0.75,387.56,42.52,1
785,16.36,105.19,4.3,1.0,1.77,284.12,34.25,1
786,15.32,120.64,4.18,1.0,1.97,263.25,32.58,1
787,15.64,115.95,4.22,1.0,1.91,269.58,33.09,1
788,9.74,203.59,3.54,1.0,3.07,151.15,23.61,1
789,5.95,259.87,3.11,1.0,3.81,75.1,17.53,1
790,13.42,148.88,3.97,1.0,2.34,225.08,29.53,1
791,20.76,39.79,4.81,1.0,0.9,372.5,41.32,1
792,6.05,258.38,3.12,1.0,3.79,77.11,17.69,1
793,20.69,40.82,4.8,1.0,0.91,371.1,41.21,1
794,6.16,256.77,3.13,1.0,3.77,79.28,17.86,1
795,20.36,45.81,4.76,1.0,0.98,364.36,40.67,1
796,15.78,113.86,4.24,1.0,1.88,272.4,33.31,1
797,10.3,195.26,3.61,1.0,2.96,162.4,24.51,1
798,12.22,166.75,3.83,1.0,2.58,200.93,27.59,1
799,6.56,250.77,3.18,1.0,3.69,87.4,18.51,1
800,11.76,173.56,3.78,1.0,2.67,191.73,26.86,1
801,5.26,270.11,3.03,1.0,3.95,61.26,16.42,1
802,10.39,193.9,3.62,1.0,2.94,164.24,24.66,1
803,9.29,210.29,3.49,1.0,3.16,142.09,22.89,1
804,15.64,115.87,4.22,1.0,1.91,269.69,33.1,1
805,11.53,176.9,3.75,1.0,2.71,187.21,26.5,1
806,18.92,67.16,4.6,1.0,1.26,335.52,38.36,1
807,18.58,72.15,4.56,1.0,1.33,328.77,37.82,1
808,11.36,179.51,3.73,1.0,2.75,183.68,26.21,1
809,21.75,25.11,4.92,1.0,0.71,392.33,42.91,1
810,21.94,22.3,4.94,1.0,0.67,396.14,43.21,1
811,5.1,272.58,3.01,1.0,3.98,57.92,16.15,1
812,8.8,217.46,3.44,1.0,3.25,132.4,22.11,1
813,18.42,74.5,4.54,1.0,1.36,325.59,37.57,1
814,14.28,136.02,4.07,1.0,2.17,242.46,30.92,1
815,10.45,192.97,3.63,1.0,2.93,165.49,24.76,1
816,13.51,147.48,3.98,1.0,2.33,226.98,29.68,1
817,15.42,119.22,4.2,1.0,1.95,265.16,32.73,1
818,11.5,177.43,3.75,1.0,2.72,186.5,26.44,1
819,15.29,121.05,4.18,1.0,1.98,262.69,32.54,1
820,9.98,199.97,3.57,1.0,3.02,156.04,24.0,1
821,10.8,187.8,3.67,1.0,2.86,172.48,25.32,1
822,16.03,110.08,4.27,1.0,1.83,277.52,33.72,1
823,8.58,220.82,3.41,1.0,3.3,127.86,21.75,1
824,7.71,233.78,3.31,1.0,3.47,110.34,20.35,1
825,20.99,36.35,4.84,1.0,0.85,377.15,41.69,1
826,21.89,23.06,4.94,1.0,0.68,395.1,43.13,1
827,17.53,87.86,4.44,1.0,1.54,307.55,36.12,1
828,18.99,66.04,4.61,1.0,1.25,337.03,38.48,1
829,9.19,211.71,3.48,1.0,3.18,140.17,22.73,1
830,15.92,111.69,4.25,1.0,1.85,275.34,33.55,1
831,19.55,57.83,4.67,1.0,1.14,348.12,39.37,1
832,14.49,132.92,4.09,1.0,2.13,246.65,31.25,1
833,20.1,49.6,4.73,1.0,1.03,359.25,40.26,1
834,21.02,35.97,4.84,1.0,0.85,377.67,41.73,1
835,20.42,44.87,4.77,1.0,0.97,365.63,40.77,1
836,5.6,265.11,3.07,1.0,3.88,68.02,16.96,1
837,19.18,63.34,4.63,1.0,1.21,340.68,38.77,1
838,15.07,124.38,4.16,1.0,2.02,258.19,32.18,1
839,5.26,270.14,3.03,1.0,3.95,61.22,16.42,1
840,19.63,56.63,4.68,1.0,1.12,349.74,39.5,1
841,11.05,184.09,3.69,1.0,2.81,177.5,25.72,1
842,20.33,46.13,4.76,1.0,0.98,363.93,40.63,1
843,8.2,226.45,3.37,1.0,3.37,120.26,21.14,1
844,6.42,252.85,3.16,1.0,3.72,84.59,18.29,1
845,20.49,43.75,4.78,1.0,0.95,367.15,40.89,1
846,5.59,265.23,3.07,1.0,3.88,67.84,16.95,1
847,12.38,164.38,3.85,1.0,2.55,204.14,27.85,1
848,5.48,266.91,3.05,1.0,3.91,65.59,16.77,1
849,7.85,231.65,3.33,1.0,3.44,113.23,20.58,1
850,14.4,134.36,4.08,1.0,2.15,244.71,31.1,1
851,14.16,137.85,4.05,1.0,2.2,239.98,30.72,1
852,21.06,35.35,4.84,1.0,0.84,378.5,41.8,1
853,15.28,121.24,4.18,1.0,1.98,262.43,32.51,1
854,14.01,140.15,4.03,1.0,2.23,236.88,30.47,1
855,19.23,62.53,4.63,1.0,1.2,341.77,38.86,1
856,14.2,137.35,4.06,1.0,2.19,240.66,30.77,1
857,21.82,24.08,4.93,1.0,0.69,393.72,43.02,1
858,7.87,231.37,3.33,1.0,3.44,113.6,20.61,1
859,17.13,93.75,4.39,1.0,1.61,299.58,35.49,1
860,18.37,75.35,4.53,1.0,1.37,324.44,37.48,1
861,7.29,240.0,3.26,1.0,3.55,101.94,19.68,1
862,14.4,134.26,4.08,1.0,2.15,244.84,31.11,1
863,16.33,105.58,4.3,1.0,1.77,283.59,34.21,1
864,21.73,25.37,4.92,1.0,0.71,391.98,42.88,1
865,20.8,39.13,4.81,1.0,0.89,373.39,41.39,1
866,14.23,136.8,4.06,1.0,2.18,241.4,30.83,1
867,9.21,211.46,3.48,1.0,3.17,140.51,22.76,1
868,10.9,186.35,3.68,1.0,2.84,174.45,25.48,1
869,20.95,36.92,4.83,1.0,0.86,376.38,41.63,1
870,21.41,30.06,4.88,1.0,0.77,385.64,42.37,1
871,5.53,266.11,3.06,1.0,3.9,66.66,16.85,1
872,18.25,77.15,4.52,1.0,1.39,322.01,37.28,1
873,9.84,202.09,3.56,1.0,3.05,153.18,23.77,1
874,5.56,265.73,3.06,1.0,3.89,67.18,16.89,1
875,6.32,254.46,3.15,1.0,3.74,82.41,18.11,1
876,6.74,248.12,3.2,1.0,3.66,90.98,18.8,1
877,14.56,131.97,4.1,1.0,2.12,247.93,31.35,1
878,21.68,26.12,4.91,1.0,0.72,390.98,42.8,1
879,10.87,186.71,3.67,1.0,2.84,173.97,25.44,1
880,5.05,273.26,3.01,1.0,3.99,57.0,16.08,1
881,12.41,163.86,3.85,1.0,2.54,204.84,27.91,1
882,14.75,129.07,4.12,1.0,2.08,251.86,31.67,1
883,20.61,42.02,4.79,1.0,0.93,369.49,41.08,1
884,21.43,29.81,4.89,1.0,0.77,385.99,42.4,1
885,9.49,207.33,3.51,1.0,3.12,146.09,23.21,1
886,19.76,54.59,4.69,1.0,1.1,352.49,39.72,1
887,7.31,239.74,3.26,1.0,3.55,102.29,19.7,1
888,14.56,131.94,4.1,1.0,2.12,247.97,31.36,1
889,16.38,104.82,4.31,1.0,1.76,284.62,34.29,1
890,14.61,131.18,4.1,1.0,2.11,249.0,31.44,1
891,21.19,33.42,4.86,1.0,0.82,381.11,42.01,1
892,10.56,191.4,3.64,1.0,2.91,167.62,24.93,1
893,12.1,168.53,3.81,1.0,2.6,198.53,27.4,1
894,19.61,56.96,4.68,1.0,1.13,349.3,39.46,1
895,18.58,72.2,4.56,1.0,1.33,328.7,37.82,1
896,7.71,233.77,3.31,1.0,3.47,110.36,20.35,1
897,15.61,116.38,4.22,1.0,1.91,269.0,33.04,1
898,13.44,148.52,3.97,1.0,2.34,225.57,29.57,1
899,7.99,229.56,3.34,1.0,3.41,116.05,20.8,1
900,19.18,63.31,4.63,1.0,1.21,340.72,38.78,1
901,12.09,168.6,3.81,1.0,2.6,198.44,27.39,1
902,6.59,250.33,3.18,1.0,3.69,87.99,18.56,1
903,14.33,135.37,4.07,1.0,2.16,243.34,30.99,1
904,9.18,211.93,3.48,1.0,3.18,139.87,22.71,1
905,16.74,99.54,4.35,1.0,1.69,291.76,34.86,1
906,14.01,140.12,4.03,1.0,2.23,236.92,30.47,1
907,20.78,39.53,4.81,1.0,0.9,372.85,41.35,1
908,10.56,191.37,3.64,1.0,2.91,167.66,24.93,1
909,12.94,155.99,3.91,1.0,2.44,215.47,28.76,1
910,8.25,225.69,3.37,1.0,3.36,121.29,21.22,1
911,7.92,230.59,3.34,1.0,3.43,114.66,20.69,1
912,8.53,221.54,3.41,1.0,3.31,126.89,21.67,1
913,21.67,26.34,4.91,1.0,0.72,390.67,42.77,1
914,11.97,170.49,3.8,1.0,2.63,195.87,27.19,1
915,14.15,138.08,4.05,1.0,2.2,239.68,30.69,1
916,18.62,71.64,4.56,1.0,1.32,329.47,37.88,1
917,12.02,169.64,3.81,1.0,2.62,197.03,27.28,1
918,14.27,136.21,4.06,1.0,2.18,242.21,30.9,1
919,7.91,230.78,3.33,1.0,3.43,114.4,20.67,1
920,11.79,173.02,3.78,1.0,2.66,192.45,26.92,1
921,15.89,112.22,4.25,1.0,1.86,274.62,33.49,1
922,16.59,101.83,4.33,1.0,1.72,288.66,34.61,1
923,14.39,134.44,4.08,1.0,2.15,244.6,31.09,1
924,17.81,83.64,4.47,1.0,1.48,313.24,36.58,1
925,12.0,169.99,3.8,1.0,2.62,196.55,27.24,1
926,13.54,147.12,3.98,1.0,2.32,227.46,29.72,1
927,6.73,248.23,3.2,1.0,3.66,90.83,18.79,1
928,20.38,45.51,4.76,1.0,0.98,364.77,40.7,1
929,5.44,267.48,3.05,1.0,3.91,64.81,16.71,1
930,17.33,90.75,4.42,1.0,1.57,303.64,35.81,1
931,18.41,74.71,4.54,1.0,1.36,325.31,37.55,1
932,11.09,183.56,3.7,1.0,2.8,178.21,25.78,1
933,14.32,135.57,4.07,1.0,2.17,243.07,30.97,1
934,8.77,218.03,3.43,1.0,3.26,131.63,22.05,1
935,18.67,70.91,4.57,1.0,1.31,330.45,37.96,1
936,12.82,157.81,3.9,1.0,2.46,213.01,28.56,1
937,17.08,94.44,4.39,1.0,1.62,298.66,35.41,1
938,5.3,269.6,3.03,1.0,3.94,61.95,16.48,1
939,17.41,89.52,4.42,1.0,1.56,305.29,35.94,1
940,21.68,26.08,4.91,1.0,0.72,391.03,42.8,1
941,19.98,51.44,4.72,1.0,1.05,356.76,40.06,1
942,13.2,152.13,3.94,1.0,2.39,220.7,29.18,1
943,13.69,144.83,4.0,1.0,2.29,230.56,29.96,1
944,5.79,262.24,3.09,1.0,3.84,71.89,17.27,1
945,11.8,173.0,3.78,1.0,2.66,192.49,26.92,1
946,13.19,152.32,3.94,1.0,2.39,220.43,29.15,1
947,12.66,160.15,3.88,1.0,2.49,209.86,28.31,1
948,11.98,170.24,3.8,1.0,2.63,196.21,27.22,1
949,13.13,153.24,3.93,1.0,2.4,219.19,29.06,1
950,11.31,180.25,3.72,1.0,2.76,182.69,26.13,1
951,22.13,19.38,4.97,1.0,0.63,400.09,43.53,1
952,10.72,189.06,3.66,1.0,2.88,170.79,25.18,1
953,7.81,232.3,3.32,1.0,3.45,112.35,20.51,1
954,13.64,145.55,3.99,1.0,2.3,229.58,29.89,1
955,13.11,153.55,3.93,1.0,2.41,218.77,29.02,1
956,19.98,51.45,4.72,1.0,1.05,356.74,40.06,1
957,12.51,162.37,3.86,1.0,2.52,206.85,28.07,1
958,11.87,171.86,3.79,1.0,2.65,194.03,27.04,1
959,18.72,70.04,4.57,1.0,1.3,331.62,38.05,1
960,20.73,40.27,4.8,1.0,0.91,371.85,41.27,1
961,18.46,73.96,4.54,1.0,1.35,326.32,37.63,1
962,13.97,140.71,4.03,1.0,2.24,236.13,30.41,1
963,9.33,209.66,3.5,1.0,3.15,142.95,22.96,1
964,13.97,140.68,4.03,1.0,2.24,236.16,30.41,1
965,18.88,67.76,4.59,1.0,1.27,334.7,38.3,1
966,15.5,118.03,4.2,1.0,1.94,266.77,32.86,1
967,6.69,248.91,3.19,1.0,3.67,89.9,18.71,1
968,22.27,17.36,4.98,1.0,0.6,402.81,43.74,1
969,12.0,169.96,3.8,1.0,2.62,196.59,27.25,1
970,14.5,132.78,4.09,1.0,2.13,246.84,31.27,1
971,8.13,227.41,3.36,1.0,3.38,118.95,21.04,1
972,5.02,273.71,3.0,1.0,4.0,56.39,16.03,1
973,12.24,166.37,3.83,1.0,2.58,201.44,27.64,1
974,16.28,106.39,4.29,1.0,1.78,282.5,34.12,1
975,6.87,246.22,3.21,1.0,3.63,93.54,19.0,1
976,13.1,153.67,3.93,1.0,2.41,218.61,29.01,1
977,12.88,156.95,3.9,1.0,2.45,214.17,28.65,1
978,18.99,66.14,4.61,1.0,1.25,336.89,38.47,1
979,21.57,27.8,4.9,1.0,0.74,388.7,42.62,1
980,10.99,185.05,3.69,1.0,2.82,176.2,25.62,1
981,13.66,145.38,3.99,1.0,2.3,229.81,29.9,1
982,16.7,100.14,4.34,1.0,1.7,290.95,34.8,1
983,21.06,35.31,4.84,1.0,0.84,378.55,41.8,1
984,11.01,184.63,3.69,1.0,2.82,176.78,25.66,1
985,9.66,204.73,3.53,1.0,3.08,149.61,23.49,1
986,12.49,162.7,3.86,1.0,2.53,206.4,28.03,1
987,13.75,144.02,4.0,1.0,2.28,231.64,30.05,1
988,9.92,200.96,3.56,1.0,3.03,154.71,23.9,1
989,8.02,229.06,3.35,1.0,3.41,116.74,20.86,1
990,14.89,126.98,4.14,1.0,2.05,254.67,31.89,1
991,15.89,112.22,4.25,1.0,1.86,274.62,33.49,1
992,21.16,33.84,4.85,1.0,0.82,380.54,41.96,1
993,14.96,126.06,4.14,1.0,2.04,255.92,31.99,1
994,15.69,115.16,4.23,1.0,1.9,270.65,33.17,1
995,20.82,38.9,4.82,1.0,0.89,373.71,41.42,1
996,6.81,247.14,3.21,1.0,3.64,92.3,18.9,1
997,15.32,120.58,4.18,1.0,1.97,263.32,32.59,1
998,6.49,251.84,3.17,1.0,3.71,85.95,18.4,1
999,18.97,66.46,4.6,1.0,1.25,336.46,38.44,1
1000,18.05,80.0,4.5,1.0,1.43,318.16,36.97,1
1001,10.23,196.34,3.6,1.0,2.97,160.94,24.4,1
1002,15.81,113.36,4.24,1.0,1.87,273.08,33.37,1
1003,18.08,79.61,4.5,1.0,1.43,318.69,37.02,1
1004,13.7,144.69,4.0,1.0,2.29,230.74,29.98,1
1005,16.53,102.63,4.32,1.0,1.73,287.59,34.53,1
1006,18.56,72.51,4.56,1.0,1.33,328.29,37.78,1
1007,17.59,86.89,4.44,1.0,1.52,308.85,36.23,1
1008,13.72,144.42,4.0,1.0,2.28,231.1,30.01,1
1009,20.97,36.63,4.83,1.0,0.86,376.77,41.66,1
1010,6.08,258.01,3.12,1.0,3.79,77.6,17.73,1
1011,13.8,143.21,4.01,1.0,2.27,232.74,30.14,1
1012,8.44,222.81,3.4,1.0,3.32,125.18,21.53,1
1013,7.35,239.12,3.27,1.0,3.54,103.13,19.77,1
1014,16.3,106.04,4.3,1.0,1.78,282.98,34.16,1
1015,20.07,50.05,4.73,1.0,1.04,358.64,40.21,1
1016,8.87,216.54,3.44,1.0,3.24,133.65,22.21,1
1017,17.33,90.77,4.41,1.0,1.57,303.61,35.81,1
1018,7.45,237.62,3.28,1.0,3.52,105.16,19.93,1
1019,10.49,192.48,3.63,1.0,2.92,166.16,24.81,1
1020,8.4,223.51,3.39,1.0,3.33,124.23,21.46,1
1021,15.26,121.5,4.18,1.0,1.98,262.08,32.49,1
1022,5.48,266.86,3.06,1.0,3.91,65.65,16.77,1
1023,8.66,219.57,3.42,1.0,3.28,129.56,21.88,1
1024,9.92,200.89,3.56,1.0,3.03,154.8,23.9,1
1025,21.01,36.03,4.84,1.0,0.85,377.58,41.73,1
1026,11.71,174.31,3.77,1.0,2.68,190.72,26.78,1
1027,17.72,84.99,4.46,1.0,1.5,311.42,36.43,1
1028,6.15,256.89,3.13,1.0,3.77,79.12,17.85,1
1029,6.23,255.76,3.14,1.0,3.76,80.65,17.97,1
1030,11.57,176.38,3.75,1.0,2.71,187.92,26.55,1
1031,16.76,99.19,4.35,1.0,1.69,292.22,34.9,1
1032,19.84,53.39,4.7,1.0,1.08,354.12,39.85,1
1033,12.42,163.79,3.85,1.0,2.54,204.94,27.91,1
1034,19.97,51.56,4.72,1.0,1.06,356.59,40.05,1
1035,6.1,257.73,3.13,1.0,3.78,77.99,17.76,1
1036,5.42,267.72,3.05,1.0,3.92,64.49,16.68,1
1037,13.69,144.92,4.0,1.0,2.29,230.43,29.95,1
1038,10.94,185.73,3.68,1.0,2.83,175.29,25.54,1
1039,12.13,168.01,3.82,1.0,2.6,199.24,27.46,1
1040,10.25,195.99,3.6,1.0,2.97,161.42,24.43,1
1041,21.48,29.15,4.89,1.0,0.76,386.88,42.47,1
1042,16.26,106.7,4.29,1.0,1.79,282.08,34.09,1
1043,12.13,168.1,3.82,1.0,2.6,199.11,27.45,1
1044,12.52,162.28,3.86,1.0,2.52,206.97,28.08,1
1045,21.72,25.46,4.92,1.0,0.71,391.86,42.87,1
1046,15.54,117.37,4.21,1.0,1.93,267.66,32.93,1
1047,7.14,242.13,3.25,1.0,3.58,99.06,19.44,1
1048,8.01,229.28,3.35,1.0,3.41,116.43,20.83,1
1049,10.64,190.19,3.65,1.0,2.89,169.26,25.06,1
1050,8.01,229.28,3.35,1.0,3.41,116.44,20.83,1
1051,15.47,118.42,4.2,1.0,1.94,266.24,32.82,1
1052,13.57,146.63,3.98,1.0,2.31,228.12,29.77,1
1053,21.06,35.35,4.84,1.0,0.84,378.5,41.8,1
1054,9.95,200.47,3.57,1.0,3.03,155.36,23.95,1
1055,18.67,70.92,4.57,1.0,1.31,330.43,37.95,1
1056,9.66,204.81,3.53,1.0,3.08,149.5,23.48,1
1057,9.98,200.04,3.57,1.0,3.02,155.94,24.0,1
1058,19.15,63.73,4.62,1.0,1.22,340.14,38.73,1
1059,17.27,91.59,4.41,1.0,1.59,302.49,35.72,1
1060,10.86,186.98,3.67,1.0,2.85,173.59,25.41,1
1061,10.19,196.91,3.6,1.0,2.98,160.17,24.33,1
1062,15.75,114.28,4.23,1.0,1.89,271.83,33.27,1
1063,21.2,33.2,4.86,1.0,0.81,381.4,42.03,1
1064,5.79,262.22,3.09,1.0,3.84,71.92,17.27,1
1065,19.12,64.24,4.62,1.0,1.22,339.46,38.68,1
1066,7.18,241.68,3.25,1.0,3.57,99.68,19.49,1
1067,6.53,251.27,3.18,1.0,3.7,86.71,18.46,1
1068,13.52,147.41,3.98,1.0,2.32,227.07,29.69,1
1069,14.78,128.65,4.12,1.0,2.08,252.42,31.71,1
1070,5.01,273.89,3.0,1.0,4.0,56.15,16.01,1
1071,18.24,77.26,4.52,1.0,1.4,321.87,37.27,1
1072,17.22,92.43,4.4,1.0,1.6,301.36,35.63,1
1073,11.85,172.27,3.79,1.0,2.65,193.47,27.0,1
1074,19.71,55.45,4.69,1.0,1.11,351.34,39.63,1
1075,20.61,42.0,4.79,1.0,0.93,369.52,41.08,1
1076,15.63,116.05,4.22,1.0,1.91,269.44,33.08,1
1077,5.2,270.97,3.02,1.0,3.96,60.09,16.33,1
1078,6.9,245.78,3.22,1.0,3.63,94.13,19.05,1
1079,9.12,212.76,3.47,1.0,3.19,138.76,22.62,1
1080,5.88,260.97,3.1,1.0,3.83,73.61,17.41,1
1081,21.98,21.7,4.95,1.0,0.66,396.94,43.28,1
1082,11.33,179.91,3.73,1.0,2.75,183.15,26.17,1
1083,21.18,33.54,4.86,1.0,0.82,380.95,42.0,1
1084,19.0,65.88,4.61,1.0,1.24,337.24,38.5,1
1085,9.65,204.84,3.53,1.0,3.08,149.46,23.48,1
1086,18.35,75.6,4.53,1.0,1.37,324.11,37.45,1
1087,19.87,52.99,4.71,1.0,1.07,354.66,39.89,1
1088,22.31,16.79,4.99,1.0,0.6,403.57,43.81,1
1089,17.6,86.72,4.45,1.0,1.52,309.08,36.25,1
1090,13.68,145.0,4.0,1.0,2.29,230.33,29.95,1
1091,7.85,231.61,3.33,1.0,3.44,113.28,20.58,1
1092,11.4,178.86,3.73,1.0,2.74,184.57,26.29,1
1093,17.71,85.14,4.46,1.0,1.5,311.21,36.42,1
1094,11.81,172.73,3.78,1.0,2.66,192.86,26.95,1
1095,19.55,57.7,4.67,1.0,1.14,348.29,39.38,1
1096,15.61,116.28,4.22,1.0,1.91,269.13,33.05,1
1097,6.78,247.53,3.2,1.0,3.65,91.77,18.86,1
1098,20.74,40.09,4.81,1.0,0.9,372.1,41.29,1
1099,14.11,138.62,4.05,1.0,2.21,238.95,30.64,1
1100,19.77,54.5,4.69,1.0,1.09,352.62,39.73,1
1101,21.15,33.98,4.85,1.0,0.82,380.35,41.95,1
1102,10.35,194.56,3.61,1.0,2.95,163.35,24.59,1
1103,19.9,52.64,4.71,1.0,1.07,355.13,39.93,1
1104,17.41,89.63,4.42,1.0,1.56,305.15,35.93,1
1105,11.8,172.95,3.78,1.0,2.66,192.56,26.92,1
1106,12.87,157.09,3.9,1.0,2.45,213.98,28.64,1
1107,8.28,225.23,3.38,1.0,3.35,121.91,21.27,1
1108,15.46,118.59,4.2,1.0,1.94,266.01,32.8,1
1109,11.03,184.38,3.69,1.0,2.81,177.1,25.69,1
1110,10.25,195.91,3.6,1.0,2.97,161.53,24.44,1
1111,6.41,253.06,3.16,1.0,3.72,84.29,18.26,1
1112,12.7,159.59,3.88,1.0,2.49,210.61,28.37,1
1113,14.03,139.77,4.04,1.0,2.22,237.39,30.51,1
1114,6.78,247.6,3.2,1.0,3.65,91.68,18.85,1
1115,17.02,95.35,4.38,1.0,1.64,297.41,35.31,1
1116,13.6,146.15,3.99,1.0,2.31,228.77,29.82,1
1117,7.34,239.16,3.27,1.0,3.54,103.08,19.77,1
1118,9.45,207.82,3.51,1.0,3.12,145.43,23.15,1
1119,18.93,67.0,4.6,1.0,1.26,335.73,38.38,1
1120,12.15,167.76,3.82,1.0,2.59,199.57,27.49,1
1121,11.61,175.7,3.76,1.0,2.7,188.84,26.63,1
1122,12.64,160.44,3.88,1.0,2.5,209.46,28.28,1
1123,16.25,106.8,4.29,1.0,1.79,281.95,34.08,1
1124,6.45,252.44,3.17,1.0,3.71,85.13,18.33,1
1125,6.19,256.26,3.14,1.0,3.77,79.97,17.92,1
1126,18.54,72.84,4.55,1.0,1.34,327.84,37.75,1
1127,20.84,38.68,4.82,1.0,0.88,374.0,41.44,1
1128,15.04,124.86,4.15,1.0,2.03,257.54,32.12,1
1129,8.81,217.39,3.44,1.0,3.25,132.5,22.12,1
1130,16.88,97.47,4.36,1.0,1.66,294.55,35.08,1
1131,9.64,205.04,3.53,1.0,3.09,149.19,23.46,1
1132,17.63,86.36,4.45,1.0,1.52,309.57,36.29,1
1133,15.23,122.0,4.17,1.0,1.99,261.4,32.43,1
1134,14.58,131.64,4.1,1.0,2.12,248.38,31.39,1
1135,13.0,155.12,3.92,1.0,2.43,216.64,28.85,1
1136,7.3,239.8,3.26,1.0,3.55,102.22,19.7,1
1137,8.49,222.14,3.4,1.0,3.31,126.08,21.61,1
1138,19.23,62.5,4.63,1.0,1.2,341.81,38.86,1
1139,14.36,134.88,4.07,1.0,2.16,244.0,31.04,1
1140,10.33,194.79,3.61,1.0,2.95,163.04,24.56,1
1141,7.25,240.62,3.26,1.0,3.56,101.11,19.61,1
1142,14.61,131.23,4.1,1.0,2.11,248.93,31.43,1
1143,6.52,251.44,3.17,1.0,3.7,86.49,18.44,1
1144,16.1,109.05,4.27,1.0,1.82,278.9,33.83,1
1145,7.85,231.7,3.33,1.0,3.44,113.16,20.57,1
1146,7.26,240.36,3.26,1.0,3.55,101.46,19.64,1
1147,12.12,168.25,3.82,1.0,2.6,198.9,27.43,1
1148,14.06,139.35,4.04,1.0,2.22,237.95,30.56,1
1149,6.12,257.29,3.13,1.0,3.78,78.59,17.81,1
1150,19.48,58.82,4.66,1.0,1.15,346.79,39.26,1
1151,16.88,97.51,4.36,1.0,1.66,294.51,35.08,1
1152,19.17,63.48,4.63,1.0,1.21,340.48,38.76,1
1153,14.51,132.74,4.09,1.0,2.13,246.9,31.27,1
1154,21.51,28.68,4.89,1.0,0.75,387.52,42.52,1
1155,19.11,64.26,4.62,1.0,1.22,339.43,38.67,1
1156,5.77,262.61,3.09,1.0,3.85,71.39,17.23,1
1157,16.27,106.48,4.29,1.0,1.78,282.37,34.11,1
1158,18.71,70.25,4.57,1.0,1.3,331.34,38.03,1
1159,20.56,42.8,4.79,1.0,0.94,368.44,41.0,1
1160,16.32,105.78,4.3,1.0,1.77,283.32,34.19,1
1161,11.66,174.96,3.76,1.0,2.69,189.83,26.71,1
1162,18.48,73.71,4.55,1.0,1.35,326.66,37.65,1
1163,7.01,244.17,3.23,1.0,3.61,96.31,19.22,1
1164,7.61,235.29,3.3,1.0,3.49,108.32,20.19,1
1165,21.33,31.36,4.87,1.0,0.79,383.89,42.23,1
1166,5.43,267.56,3.05,1.0,3.91,64.7,16.7,1
1167,21.16,33.86,4.85,1.0,0.82,380.52,41.96,1
1168,18.67,70.89,4.57,1.0,1.31,330.48,37.96,1
1169,5.73,263.16,3.08,1.0,3.86,70.64,17.17,1
1170,12.91,156.43,3.91,1.0,2.44,214.87,28.71,1
1171,19.47,59.03,4.66,1.0,1.15,346.5,39.24,1
1172,10.54,191.74,3.64,1.0,2.91,167.16,24.89,1
1173,22.0,21.32,4.95,1.0,0.66,397.46,43.32,1
1174,5.44,267.43,3.05,1.0,3.91,64.88,16.71,1
1175,7.8,232.35,3.32,1.0,3.45,112.28,20.5,1
1176,14.25,136.59,4.06,1.0,2.18,241.7,30.86,1
1177,13.82,142.88,4.01,1.0,2.26,233.19,30.17,1
1178,20.39,45.23,4.77,1.0,0.97,365.15,40.73,1
1179,7.58,235.59,3.3,1.0,3.49,107.91,20.15,1
1180,17.6,86.68,4.45,1.0,1.52,309.13,36.25,1
1181,10.54,191.67,3.64,1.0,2.91,167.26,24.9,1
1182,6.23,255.71,3.14,1.0,3.76,80.72,17.98,1
1183,10.23,196.33,3.6,1.0,2.97,160.96,24.4,1
1184,9.53,206.75,3.52,1.0,3.11,146.88,23.27,1
1185,19.13,64.06,4.62,1.0,1.22,339.7,38.7,1
1186,18.9,67.44,4.6,1.0,1.27,335.13,38.33,1
1187,10.34,194.71,3.61,1.0,2.95,163.15,24.57,1
1188,10.53,191.84,3.63,1.0,2.91,167.02,24.88,1
1189,14.67,130.29,4.11,1.0,2.1,250.2,31.54,1
1190,19.35,60.73,4.65,1.0,1.18,344.2,39.06,1
1191,8.21,226.32,3.37,1.0,3.37,120.43,21.15,1
1192,7.74,233.25,3.31,1.0,3.46,111.07,20.41,1
1193,14.67,130.3,4.11,1.0,2.1,250.18,31.53,1
1194,7.14,242.21,3.25,1.0,3.58,98.96,19.44,1
1195,18.27,76.76,4.52,1.0,1.39,322.54,37.32,1
1196,20.09,49.8,4.73,1.0,1.03,358.97,40.24,1
1197,19.48,58.84,4.66,1.0,1.15,346.75,39.26,1
1198,11.13,182.86,3.7,1.0,2.79,179.17,25.85,1
1199,7.54,236.31,3.29,1.0,3.5,106.93,20.07,1
1200,19.08,64.8,4.62,1.0,1.23,338.7,38.62,1
1201,17.25,91.89,4.41,1.0,1.59,302.09,35.69,1
1202,17.52,87.92,4.44,1.0,1.54,307.46,36.12,1
1203,19.48,58.77,4.66,1.0,1.15,346.85,39.27,1
1204,9.71,204.05,3.54,1.0,3.07,150.52,23.56,1
1205,17.97,81.3,4.49,1.0,1.45,316.41,36.83,1
1206,14.26,136.36,4.06,1.0,2.18,242.0,30.88,1
1207,10.91,186.25,3.68,1.0,2.84,174.58,25.49,1
1208,22.02,21.04,4.95,1.0,0.65,397.84,43.35,1
1209,11.08,183.66,3.7,1.0,2.8,178.09,25.77,1
1210,21.46,29.46,4.89,1.0,0.76,386.46,42.44,1
1211,17.12,93.84,4.39,1.0,1.62,299.46,35.48,1
1212,19.49,58.62,4.66,1.0,1.15,347.06,39.28,1
1213,11.36,179.54,3.73,1.0,2.75,183.64,26.21,1
1214,10.73,188.92,3.66,1.0,2.87,170.98,25.2,1
1215,16.9,97.15,4.37,1.0,1.66,294.98,35.12,1
1216,18.91,67.3,4.6,1.0,1.26,335.32,38.35,1
1217,8.33,224.5,3.38,1.0,3.34,122.9,21.35,1
1218,15.56,117.04,4.21,1.0,1.92,268.11,32.97,1
1219,12.46,163.16,3.86,1.0,2.53,205.78,27.98,1
1220,18.57,72.31,4.56,1.0,1.33,328.55,37.8,1
1221,5.13,272.12,3.01,1.0,3.98,58.54,16.2,1
1222,21.37,30.76,4.88,1.0,0.78,384.7,42.3,1
1223,14.75,129.1,4.12,1.0,2.08,251.81,31.67,1
1224,10.45,193.0,3.63,1.0,2.93,165.45,24.76,1
1225,21.41,30.16,4.88,1.0,0.77,385.51,42.36,1
1226,21.51,28.59,4.9,1.0,0.75,387.64,42.53,1
1227,12.56,161.65,3.87,1.0,2.51,207.82,28.15,1
1228,11.95,170.78,3.8,1.0,2.63,195.49,27.16,1
1229,17.59,86.86,4.45,1.0,1.52,308.89,36.23,1
1230,9.53,206.75,3.52,1.0,3.11,146.88,23.27,1
1231,13.56,146.75,3.98,1.0,2.32,227.95,29.76,1
1232,6.34,254.13,3.15,1.0,3.74,82.86,18.15,1
1233,8.78,217.79,3.43,1.0,3.26,131.96,22.08,1
1234,16.05,109.78,4.27,1.0,1.83,277.92,33.75,1
1235,16.2,107.52,4.29,1.0,1.8,280.98,34.0,1
1236,12.05,169.27,3.81,1.0,2.61,197.52,27.32,1
1237,17.9,82.23,4.48,1.0,1.46,315.14,36.73,1
1238,8.24,225.79,3.37,1.0,3.36,121.15,21.21,1
1239,9.74,203.61,3.54,1.0,3.07,151.13,23.61,1
1240,21.19,154.17,6.24,1.0,3.06,440.79,50.83,1
1241,20.59,220.41,6.83,1.0,4.24,457.35,54.09,1
1242,20.7,208.73,6.73,1.0,4.03,454.43,53.51,1
1243,21.12,161.8,6.31,1.0,3.19,442.7,51.21,1
1244,21.09,164.63,6.34,1.0,3.24,443.41,51.35,1
1245,20.97,178.67,6.46,1.0,3.49,446.92,52.04,1
1246,20.46,235.79,6.97,1.0,4.51,461.2,54.84,1
1247,20.47,234.11,6.96,1.0,4.48,460.78,54.76,1
1248,21.03,171.36,6.4,1.0,3.36,445.09,51.68,1
1249,21.12,161.5,6.31,1.0,3.19,442.62,51.19,1
1250,20.96,179.92,6.47,1.0,3.52,447.23,52.1,1
1251,20.49,232.25,6.94,1.0,4.45,460.31,54.67,1
1252,21.2,153.09,6.23,1.0,3.04,440.52,50.78,1
1253,21.23,148.74,6.19,1.0,2.96,439.44,50.57,1
1254,21.3,140.86,6.12,1.0,2.82,437.47,50.18,1
1255,21.2,152.66,6.23,1.0,3.03,440.41,50.76,1
1256,20.5,231.2,6.93,1.0,4.43,460.05,54.62,1
1257,21.13,159.94,6.29,1.0,3.16,442.23,51.12,1
1258,21.14,159.56,6.29,1.0,3.15,442.14,51.1,1
1259,20.82,195.01,6.61,1.0,3.79,451.0,52.84,1
1260,20.62,217.31,6.81,1.0,4.18,456.58,53.93,1
1261,20.84,192.42,6.58,1.0,3.74,450.36,52.71,1
1262,21.18,154.49,6.25,1.0,3.06,440.87,50.85,1
1263,21.21,151.68,6.22,1.0,3.01,440.17,50.71,1
1264,21.19,153.96,6.24,1.0,3.05,440.74,50.82,1
1265,20.83,193.72,6.6,1.0,3.76,450.68,52.78,1
1266,21.26,146.13,6.17,1.0,2.91,438.78,50.44,1
1267,20.6,219.6,6.83,1.0,4.23,457.15,54.05,1
1268,21.23,149.58,6.2,1.0,2.97,439.65,50.61,1
1269,20.45,237.06,6.98,1.0,4.54,461.52,54.9,1
1270,21.11,162.29,6.32,1.0,3.2,442.82,51.23,1
1271,21.23,149.66,6.2,1.0,2.98,439.67,50.61,1
1272,20.81,196.21,6.62,1.0,3.81,451.3,52.9,1
1273,21.2,152.45,6.23,1.0,3.03,440.36,50.75,1
1274,20.72,206.78,6.71,1.0,4.0,453.94,53.42,1
1275,20.91,184.97,6.52,1.0,3.61,448.49,52.35,1
1276,20.77,200.79,6.66,1.0,3.89,452.45,53.12,1
1277,20.43,238.92,7.0,1.0,4.57,461.98,55.0,1
1278,20.55,225.15,6.88,1.0,4.32,458.54,54.32,1
1279,20.71,207.1,6.72,1.0,4.0,454.03,53.43,1
1280,20.51,229.68,6.92,1.0,4.41,459.67,54.54,1
1281,21.42,127.95,6.01,1.0,2.59,434.24,49.55,1
1282,20.54,226.39,6.89,1.0,4.35,458.85,54.38,1
1283,21.13,160.89,6.3,1.0,3.18,442.47,51.16,1
1284,21.04,170.31,6.39,1.0,3.34,444.83,51.63,1
1285,21.19,153.26,6.23,1.0,3.04,440.56,50.79,1
1286,20.83,193.91,6.6,1.0,3.77,450.73,52.79,1
1287,21.27,145.29,6.16,1.0,2.9,438.57,50.4,1
1288,21.39,131.43,6.04,1.0,2.65,435.11,49.72,1
1289,21.09,165.12,6.34,1.0,3.25,443.53,51.37,1
1290,21.0,174.65,6.43,1.0,3.42,445.91,51.84,1
1291,20.58,222.09,6.85,1.0,4.27,457.77,54.17,1
1292,21.23,149.36,6.2,1.0,2.97,439.59,50.6,1
1293,20.7,208.64,6.73,1.0,4.03,454.41,53.51,1
1294,20.98,176.78,6.44,1.0,3.46,446.44,51.94,1
1295,20.55,225.8,6.88,1.0,4.34,458.7,54.35,1
1296,20.95,180.61,6.48,1.0,3.53,447.4,52.13,1
1297,21.33,137.72,6.1,1.0,2.76,436.68,50.03,1
1298,20.95,180.43,6.48,1.0,3.53,447.36,52.12,1
1299,21.26,146.16,6.17,1.0,2.91,438.79,50.44,1
1300,21.35,136.27,6.08,1.0,2.74,436.32,49.96,1
1301,21.28,143.39,6.15,1.0,2.86,438.1,50.3,1
1302,21.19,154.03,6.24,1.0,3.05,440.76,50.83,1
1303,20.6,219.75,6.83,1.0,4.23,457.19,54.05,1
1304,21.12,161.77,6.31,1.0,3.19,442.69,51.21,1
1305,20.91,184.77,6.52,1.0,3.6,448.44,52.34,1
1306,21.31,140.49,6.12,1.0,2.81,437.37,50.16,1
1307,21.14,158.82,6.28,1.0,3.14,441.96,51.06,1
1308,21.1,163.58,6.33,1.0,3.22,443.14,51.3,1
1309,20.69,209.78,6.74,1.0,4.05,454.69,53.56,1
1310,21.06,168.28,6.37,1.0,3.31,444.32,51.53,1
1311,21.08,165.85,6.35,1.0,3.27,443.71,51.41,1
1312,20.61,218.89,6.82,1.0,4.21,456.97,54.01,1
1313,21.42,128.5,6.01,1.0,2.6,434.37,49.57,1
1314,20.96,179.37,6.47,1.0,3.51,447.09,52.07,1
1315,20.88,187.98,6.54,1.0,3.66,449.24,52.49,1
1316,20.85,191.79,6.58,1.0,3.73,450.2,52.68,1
1317,20.47,234.68,6.96,1.0,4.49,460.92,54.79,1
1318,20.99,175.91,6.44,1.0,3.44,446.23,51.9,1
1319,21.11,162.13,6.31,1.0,3.2,442.78,51.22,1
1320,20.55,225.22,6.88,1.0,4.33,458.56,54.32,1
1321,20.8,197.58,6.63,1.0,3.83,451.64,52.97,1
1322,21.26,145.49,6.17,1.0,2.9,438.62,50.41,1
1323,21.25,147.18,6.18,1.0,2.93,439.05,50.49,1
1324,20.85,191.97,6.58,1.0,3.73,450.24,52.69,1
1325,20.8,197.63,6.63,1.0,3.83,451.66,52.97,1
1326,21.15,158.2,6.28,1.0,3.13,441.8,51.03,1
1327,21.15,157.89,6.28,1.0,3.12,441.72,51.02,1
1328,21.31,140.44,6.12,1.0,2.81,437.36,50.16,1
1329,21.14,159.44,6.29,1.0,3.15,442.11,51.09,1
1330,20.73,205.63,6.7,1.0,3.98,453.66,53.36,1
1331,20.64,215.17,6.79,1.0,4.15,456.04,53.83,1
1332,20.97,178.7,6.46,1.0,3.49,446.93,52.04,1
1333,21.32,139.63,6.11,1.0,2.8,437.16,50.12,1
1334,20.99,175.73,6.44,1.0,3.44,446.18,51.89,1
1335,20.88,188.81,6.55,1.0,3.68,449.45,52.54,1
1336,21.33,138.45,6.1,1.0,2.78,436.86,50.06,1
1337,21.0,174.76,6.43,1.0,3.42,445.94,51.85,1
1338,20.68,210.92,6.75,1.0,4.07,454.98,53.62,1
1339,20.45,236.3,6.98,1.0,4.52,461.32,54.87,1
1340,20.47,234.06,6.96,1.0,4.48,460.76,54.76,1
1341,20.49,231.77,6.94,1.0,4.44,460.19,54.65,1
1342,20.59,221.38,6.84,1.0,4.26,457.6,54.13,1
1343,20.98,177.62,6.45,1.0,3.48,446.65,51.99,1
1344,20.88,188.91,6.55,1.0,3.68,449.48,52.54,1
1345,20.91,185.1,6.52,1.0,3.61,448.53,52.35,1
1346,20.49,232.1,6.94,1.0,4.45,460.27,54.66,1
1347,20.9,186.38,6.53,1.0,3.63,448.84,52.42,1
1348,21.09,164.92,6.34,1.0,3.25,443.48,51.36,1
1349,20.79,198.86,6.64,1.0,3.85,451.96,53.03,1
1350,20.99,175.83,6.44,1.0,3.44,446.21,51.9,1
1351,21.07,167.39,6.36,1.0,3.29,444.1,51.48,1
1352,20.65,213.82,6.78,1.0,4.12,455.71,53.76,1
1353,21.17,155.46,6.25,1.0,3.08,441.12,50.9,1
1354,21.3,141.8,6.13,1.0,2.84,437.7,50.23,1
1355,20.53,227.9,6.9,1.0,4.37,459.23,54.46,1
1356,20.75,202.6,6.67,1.0,3.92,452.9,53.21,1
1357,21.38,132.41,6.05,1.0,2.67,435.35,49.77,1
1358,21.16,156.69,6.27,1.0,3.1,441.42,50.96,1
1359,20.47,234.13,6.96,1.0,4.48,460.78,54.76,1
1360,20.57,223.57,6.86,1.0,4.3,458.14,54.24,1
1361,21.34,136.97,6.09,1.0,2.75,436.49,49.99,1
1362,20.73,205.34,6.7,1.0,3.97,453.59,53.35,1
1363,21.28,143.22,6.14,1.0,2.86,438.06,50.3,1
1364,20.61,219.01,6.82,1.0,4.21,457.0,54.02,1
1365,21.04,170.25,6.39,1.0,3.34,444.81,51.62,1
1366,21.11,162.46,6.32,1.0,3.2,442.87,51.24,1
1367,20.88,188.39,6.55,1.0,3.67,449.35,52.51,1
1368,20.52,229.24,6.91,1.0,4.4,459.56,54.52,1
1369,20.66,213.25,6.77,1.0,4.11,455.56,53.74,1
1370,21.19,154.16,6.24,1.0,3.06,440.79,50.83,1
1371,20.51,230.26,6.92,1.0,4.42,459.82,54.57,1
1372,21.1,164.26,6.33,1.0,3.24,443.31,51.33,1
1373,20.78,199.67,6.65,1.0,3.87,452.17,53.07,1
1374,21.21,151.83,6.22,1.0,3.01,440.21,50.72,1
1375,20.74,204.2,6.69,1.0,3.95,453.3,53.29,1
1376,21.05,169.53,6.38,1.0,3.33,444.63,51.59,1
1377,20.68,211.39,6.75,1.0,4.08,455.1,53.64,1
1378,21.18,155.03,6.25,1.0,3.07,441.01,50.88,1
1379,20.89,187.4,6.54,1.0,3.65,449.1,52.47,1
1380,21.03,171.58,6.4,1.0,3.37,445.14,51.69,1
1381,21.02,173.01,6.41,1.0,3.39,445.5,51.76,1
1382,20.52,228.28,6.9,1.0,4.38,459.32,54.47,1
1383,21.18,154.66,6.25,1.0,3.07,440.92,50.86,1
1384,21.15,158.1,6.28,1.0,3.13,441.78,51.03,1
1385,21.17,156.37,6.26,1.0,3.1,441.34,50.94,1
1386,20.71,207.48,6.72,1.0,4.01,454.12,53.45,1
1387,21.08,166.54,6.35,1.0,3.28,443.89,51.44,1
1388,20.8,197.91,6.63,1.0,3.84,451.73,52.98,1
1389,21.06,168.3,6.37,1.0,3.31,444.32,51.53,1
1390,21.06,168.57,6.37,1.0,3.31,444.39,51.54,1
1391,20.69,209.67,6.74,1.0,4.05,454.67,53.56,1
1392,20.93,182.53,6.5,1.0,3.56,447.88,52.23,1
1393,20.46,235.83,6.97,1.0,4.51,461.21,54.84,1
1394,20.5,231.11,6.93,1.0,4.43,460.03,54.61,1
1395,20.86,190.47,6.57,1.0,3.7,449.87,52.62,1
1396,21.2,152.35,6.23,1.0,3.02,440.34,50.74,1
1397,21.36,134.38,6.07,1.0,2.7,435.85,49.86,1
1398,21.0,174.66,6.43,1.0,3.42,445.92,51.84,1
1399,20.47,234.65,6.96,1.0,4.49,460.91,54.79,1
1400,20.62,217.82,6.81,1.0,4.19,456.7,53.96,1
1401,20.59,221.12,6.84,1.0,4.25,457.53,54.12,1
1402,21.35,135.28,6.07,1.0,2.72,436.07,49.91,1
1403,21.13,160.9,6.3,1.0,3.18,442.48,51.16,1
1404,20.76,201.36,6.66,1.0,3.9,452.59,53.15,1
1405,20.81,196.58,6.62,1.0,3.81,451.39,52.92,1
1406,21.13,160.5,6.3,1.0,3.17,442.37,51.14,1
1407,21.19,154.25,6.24,1.0,3.06,440.81,50.84,1
1408,20.97,178.37,6.46,1.0,3.49,446.84,52.02,1
1409,20.95,180.73,6.48,1.0,3.53,447.43,52.14,1
1410,21.22,150.26,6.21,1.0,2.99,439.81,50.64,1
1411,20.66,212.71,6.77,1.0,4.1,455.43,53.71,1
1412,20.88,188.08,6.55,1.0,3.66,449.27,52.5,1
1413,20.62,217.04,6.8,1.0,4.18,456.51,53.92,1
1414,21.35,135.27,6.07,1.0,2.72,436.07,49.91,1
1415,21.2,152.07,6.22,1.0,3.02,440.27,50.73,1
1416,20.46,235.67,6.97,1.0,4.51,461.17,54.84,1
1417,20.78,199.33,6.65,1.0,3.86,452.08,53.05,1
1418,20.92,184.1,6.51,1.0,3.59,448.27,52.3,1
1419,20.52,228.77,6.91,1.0,4.39,459.44,54.5,1
1420,21.39,131.24,6.04,1.0,2.65,435.06,49.71,1
1421,21.39,130.91,6.03,1.0,2.64,434.98,49.69,1
1422,21.25,146.96,6.18,1.0,2.93,438.99,50.48,1
1423,20.64,215.74,6.79,1.0,4.16,456.19,53.86,1
1424,20.6,219.74,6.83,1.0,4.23,457.19,54.05,1
1425,20.52,228.85,6.91,1.0,4.39,459.46,54.5,1
1426,20.71,208.0,6.72,1.0,4.02,454.25,53.48,1
1427,21.29,142.39,6.14,1.0,2.85,437.85,50.26,1
1428,20.93,183.12,6.5,1.0,3.57,448.03,52.26,1
1429,21.11,162.96,6.32,1.0,3.21,442.99,51.27,1
1430,20.73,204.68,6.69,1.0,3.96,453.42,53.31,1
1431,21.18,155.36,6.25,1.0,3.08,441.09,50.89,1
1432,21.3,141.49,6.13,1.0,2.83,437.62,50.21,1
1433,20.44,237.32,6.99,1.0,4.54,461.58,54.92,1
1434,20.5,231.45,6.93,1.0,4.44,460.11,54.63,1
1435,21.24,148.59,6.19,1.0,2.96,439.4,50.56,1
1436,20.69,209.56,6.74,1.0,4.05,454.64,53.55,1
1437,21.05,169.95,6.38,1.0,3.34,444.74,51.61,1
1438,21.18,155.33,6.25,1.0,3.08,441.08,50.89,1
1439,20.44,238.16,6.99,1.0,4.56,461.79,54.96,1
1440,20.87,189.14,6.55,1.0,3.68,449.54,52.55,1
1441,20.81,196.12,6.62,1.0,3.81,451.28,52.89,1
1442,20.59,220.97,6.84,1.0,4.25,457.49,54.11,1
1443,20.52,228.55,6.91,1.0,4.38,459.39,54.49,1
1444,21.11,163.2,6.32,1.0,3.22,443.05,51.28,1
1445,20.59,220.49,6.83,1.0,4.24,457.37,54.09,1
1446,21.08,165.84,6.35,1.0,3.27,443.71,51.41,1
1447,20.5,230.6,6.93,1.0,4.42,459.9,54.59,1
1448,21.3,141.09,6.13,1.0,2.82,437.52,50.19,1
1449,20.71,207.4,6.72,1.0,4.01,454.1,53.45,1
1450,20.71,207.46,6.72,1.0,4.01,454.12,53.45,1
1451,20.94,181.5,6.49,1.0,3.54,447.62,52.18,1
1452,20.43,238.33,6.99,1.0,4.56,461.83,54.97,1
1453,20.51,229.98,6.92,1.0,4.41,459.74,54.56,1
1454,20.49,232.35,6.94,1.0,4.45,460.34,54.67,1
1455,21.24,147.95,6.19,1.0,2.95,439.24,50.53,1
1456,20.65,213.94,6.78,1.0,4.12,455.74,53.77,1
1457,20.63,216.49,6.8,1.0,4.17,456.37,53.89,1
1458,21.13,160.93,6.3,1.0,3.18,442.48,51.17,1
1459,20.71,207.56,6.72,1.0,4.01,454.14,53.46,1
1460,20.47,234.01,6.96,1.0,4.48,460.75,54.76,1
1461,21.19,154.11,6.24,1.0,3.06,440.78,50.83,1
1462,20.44,237.97,6.99,1.0,4.55,461.74,54.95,1
1463,21.19,153.16,6.23,1.0,3.04,440.54,50.78,1
1464,21.08,165.93,6.35,1.0,3.27,443.73,51.41,1
1465,20.91,184.91,6.52,1.0,3.61,448.48,52.34,1
1466,21.38,132.48,6.05,1.0,2.67,435.37,49.77,1
1467,21.42,128.12,6.01,1.0,2.59,434.28,49.56,1
1468,20.79,198.66,6.64,1.0,3.85,451.91,53.02,1
1469,21.39,131.84,6.04,1.0,2.66,435.21,49.74,1
1470,20.48,233.2,6.95,1.0,4.47,460.55,54.72,1
1471,20.77,200.88,6.66,1.0,3.89,452.47,53.13,1
1472,20.49,232.33,6.94,1.0,4.45,460.33,54.67,1
1473,20.68,211.18,6.75,1.0,4.07,455.04,53.63,1
1474,21.09,164.59,6.34,1.0,3.24,443.4,51.35,1
1475,20.9,186.03,6.53,1.0,3.63,448.76,52.4,1
1476,21.03,172.01,6.4,1.0,3.38,445.25,51.71,1
1477,20.76,201.71,6.67,1.0,3.91,452.68,53.17,1
1478,21.02,173.26,6.41,1.0,3.4,445.57,51.77,1
1479,21.42,127.56,6.0,1.0,2.58,434.14,49.53,1
1480,21.41,129.29,6.02,1.0,2.61,434.57,49.61,1
1481,20.46,235.71,6.97,1.0,4.51,461.18,54.84,1
1482,20.84,193.39,6.59,1.0,3.76,450.6,52.76,1
1483,21.18,154.54,6.25,1.0,3.06,440.88,50.85,1
1484,21.35,135.29,6.07,1.0,2.72,436.07,49.91,1
1485,20.7,208.7,6.73,1.0,4.03,454.42,53.51,1
1486,20.76,202.4,6.67,1.0,3.92,452.85,53.2,1
1487,20.77,200.96,6.66,1.0,3.89,452.49,53.13,1
1488,20.59,221.08,6.84,1.0,4.25,457.52,54.12,1
1489,20.85,192.13,6.58,1.0,3.73,450.28,52.7,1
1490,21.39,131.43,6.04,1.0,2.65,435.11,49.72,1
1491,20.61,219.08,6.82,1.0,4.22,457.02,54.02,1
1492,20.85,191.67,6.58,1.0,3.73,450.17,52.68,1
1493,20.65,214.24,6.78,1.0,4.13,455.81,53.78,1
1494,20.9,186.2,6.53,1.0,3.63,448.8,52.41,1
1495,21.34,136.68,6.09,1.0,2.74,436.42,49.98,1
1496,20.71,207.33,6.72,1.0,4.01,454.08,53.44,1
1497,20.45,236.72,6.98,1.0,4.53,461.43,54.89,1
1498,21.27,145.27,6.16,1.0,2.9,438.57,50.4,1
1499,20.94,181.8,6.49,1.0,3.55,447.7,52.19,1
1500,20.53,227.85,6.9,1.0,4.37,459.21,54.45,1
1501,21.4,129.98,6.03,1.0,2.62,434.75,49.65,1
1502,21.06,168.36,6.37,1.0,3.31,444.34,51.53,1
1503,20.72,206.3,6.71,1.0,3.99,453.83,53.39,1
1504,21.27,144.29,6.15,1.0,2.88,438.32,50.35,1
1505,20.46,235.87,6.97,1.0,4.52,461.22,54.85,1
1506,21.11,162.97,6.32,1.0,3.21,442.99,51.27,1
1507,20.71,207.18,6.72,1.0,4.0,454.04,53.44,1
1508,21.3,141.65,6.13,1.0,2.83,437.66,50.22,1
1509,21.07,166.97,6.36,1.0,3.29,443.99,51.46,1
1510,21.12,161.21,6.31,1.0,3.18,442.55,51.18,1
1511,21.24,148.45,6.19,1.0,2.95,439.36,50.55,1
1512,21.15,157.89,6.28,1.0,3.12,441.72,51.02,1
1513,20.72,206.68,6.71,1.0,3.99,453.92,53.41,1
1514,20.76,201.54,6.67,1.0,3.9,452.64,53.16,1
1515,20.7,208.71,6.73,1.0,4.03,454.43,53.51,1
1516,20.47,233.93,6.95,1.0,4.48,460.73,54.75,1
1517,20.73,205.66,6.7,1.0,3.98,453.66,53.36,1
1518,21.25,147.4,6.18,1.0,2.94,439.1,50.5,1
1519,20.43,238.95,7.0,1.0,4.57,461.99,55.0,1
1520,21.31,140.2,6.12,1.0,2.81,437.3,50.15,1
1521,20.81,195.83,6.61,1.0,3.8,451.21,52.88,1
1522,21.41,129.02,6.02,1.0,2.61,434.51,49.6,1
1523,21.17,155.89,6.26,1.0,3.09,441.22,50.92,1
1524,21.2,152.51,6.23,1.0,3.03,440.38,50.75,1
1525,20.73,204.81,6.69,1.0,3.96,453.45,53.32,1
1526,20.46,235.3,6.97,1.0,4.51,461.07,54.82,1
1527,20.88,188.28,6.55,1.0,3.67,449.32,52.51,1
1528,21.33,138.34,6.1,1.0,2.77,436.84,50.06,1
1529,20.8,197.02,6.63,1.0,3.82,451.5,52.94,1
1530,20.53,227.56,6.9,1.0,4.37,459.14,54.44,1
1531,20.7,209.11,6.73,1.0,4.04,454.53,53.53,1
1532,21.31,140.44,6.12,1.0,2.81,437.36,50.16,1
1533,21.03,171.14,6.39,1.0,3.36,445.04,51.67,1
1534,21.38,132.78,6.05,1.0,2.67,435.44,49.78,1
1535,20.81,196.47,6.62,1.0,3.81,451.37,52.91,1
1536,20.83,193.53,6.59,1.0,3.76,450.63,52.77,1
1537,21.16,157.14,6.27,1.0,3.11,441.54,50.98,1
1538,20.51,230.02,6.92,1.0,4.41,459.76,54.56,1
1539,20.63,216.48,6.8,1.0,4.17,456.37,53.89,1
1540,20.66,212.7,6.77,1.0,4.1,455.43,53.71,1
1541,20.94,181.51,6.49,1.0,3.54,447.63,52.18,1
1542,21.19,153.56,6.24,1.0,3.05,440.64,50.8,1
1543,20.89,187.6,6.54,1.0,3.65,449.15,52.48,1
1544,20.62,217.42,6.81,1.0,4.19,456.61,53.94,1
1545,20.89,187.55,6.54,1.0,3.65,449.14,52.47,1
1546,20.88,187.99,6.54,1.0,3.66,449.25,52.5,1
1547,20.54,226.48,6.89,1.0,4.35,458.87,54.39,1
1548,20.87,190.1,6.56,1.0,3.7,449.78,52.6,1
1549,20.72,206.11,6.71,1.0,3.98,453.78,53.38,1
1550,20.5,230.68,6.93,1.0,4.42,459.92,54.59,1
1551,20.6,220.07,6.83,1.0,4.23,457.27,54.07,1
1552,20.65,214.28,6.78,1.0,4.13,455.82,53.79,1
1553,20.59,220.49,6.83,1.0,4.24,457.37,54.09,1
1554,20.51,229.69,6.92,1.0,4.41,459.67,54.54,1
1555,21.16,156.78,6.27,1.0,3.1,441.44,50.96,1
1556,21.4,130.28,6.03,1.0,2.63,434.82,49.66,1
1557,20.99,175.73,6.44,1.0,3.44,446.18,51.89,1
1558,21.16,157.59,6.27,1.0,3.12,441.65,51.0,1
1559,20.61,218.88,6.82,1.0,4.21,456.97,54.01,1
1560,21.26,145.61,6.17,1.0,2.9,438.65,50.41,1
1561,21.35,135.43,6.08,1.0,2.72,436.11,49.91,1
1562,20.79,198.47,6.64,1.0,3.85,451.87,53.01,1
1563,21.33,138.12,6.1,1.0,2.77,436.78,50.05,1
1564,20.56,224.16,6.87,1.0,4.31,458.29,54.27,1
1565,20.84,192.49,6.58,1.0,3.74,450.37,52.72,1
1566,20.53,227.38,6.9,1.0,4.36,459.09,54.43,1
1567,20.45,237.11,6.98,1.0,4.54,461.53,54.91,1
1568,20.6,219.99,6.83,1.0,4.23,457.25,54.07,1
1569,21.31,140.37,6.12,1.0,2.81,437.34,50.16,1
1570,21.05,169.91,6.38,1.0,3.34,444.73,51.61,1
1571,21.41,129.49,6.02,1.0,2.62,434.62,49.62,1
1572,21.2,152.73,6.23,1.0,3.03,440.43,50.76,1
1573,21.38,132.72,6.05,1.0,2.67,435.43,49.78,1
1574,21.13,159.99,6.29,1.0,3.16,442.25,51.12,1
1575,20.59,220.93,6.84,1.0,4.25,457.48,54.11,1
1576,20.99,176.21,6.44,1.0,3.45,446.3,51.92,1
1577,20.67,211.93,6.76,1.0,4.09,455.23,53.67,1
1578,20.76,202.29,6.67,1.0,3.92,452.82,53.2,1
1579,21.3,141.3,6.13,1.0,2.83,437.57,50.2,1
1580,20.84,193.3,6.59,1.0,3.76,450.58,52.76,1
1581,21.23,148.76,6.19,1.0,2.96,439.44,50.57,1
1582,21.1,163.67,6.33,1.0,3.23,443.17,51.3,1
1583,20.87,189.78,6.56,1.0,3.69,449.7,52.58,1
1584,21.12,161.11,6.3,1.0,3.18,442.53,51.17,1
1585,21.37,133.72,6.06,1.0,2.69,435.68,49.83,1
1586,21.1,163.57,6.33,1.0,3.22,443.14,51.3,1
1587,21.13,160.11,6.3,1.0,3.16,442.28,51.13,1
1588,20.8,197.87,6.63,1.0,3.84,451.72,52.98,1
1589,20.72,206.49,6.71,1.0,3.99,453.87,53.4,1
1590,20.74,204.29,6.69,1.0,3.95,453.32,53.3,1
1591,21.3,141.3,6.13,1.0,2.83,437.58,50.2,1
1592,21.35,135.75,6.08,1.0,2.73,436.19,49.93,1
1593,20.72,206.23,6.71,1.0,3.99,453.81,53.39,1
1594,20.64,215.26,6.79,1.0,4.15,456.06,53.83,1
1595,20.87,189.27,6.56,1.0,3.68,449.57,52.56,1
1596,20.55,224.93,6.87,1.0,4.32,458.48,54.31,1
1597,21.0,174.72,6.43,1.0,3.42,445.93,51.84,1
1598,21.33,138.57,6.1,1.0,2.78,436.89,50.07,1
1599,20.63,216.55,6.8,1.0,4.17,456.39,53.9,1
1600,21.19,153.99,6.24,1.0,3.05,440.75,50.83,1
1601,20.99,176.28,6.44,1.0,3.45,446.32,51.92,1
1602,21.42,128.31,6.01,1.0,2.59,434.33,49.56,1
1603,20.67,211.56,6.76,1.0,4.08,455.14,53.65,1
1604,20.85,191.28,6.57,1.0,3.72,450.07,52.66,1
1605,20.65,214.52,6.78,1.0,4.13,455.88,53.8,1
1606,20.64,215.26,6.79,1.0,4.15,456.06,53.83,1
1607,20.6,220.12,6.83,1.0,4.23,457.28,54.07,1
1608,20.69,209.23,6.73,1.0,4.04,454.56,53.54,1
1609,20.79,198.47,6.64,1.0,3.85,451.87,53.01,1
1610,20.72,206.77,6.71,1.0,4.0,453.94,53.42,1
1611,21.19,153.39,6.24,1.0,3.04,440.6,50.8,1
1612,20.58,222.34,6.85,1.0,4.27,457.83,54.18,1
1613,21.41,129.59,6.02,1.0,2.62,434.65,49.63,1
1614,20.51,229.97,6.92,1.0,4.41,459.74,54.56,1
1615,20.57,223.36,6.86,1.0,4.29,458.09,54.23,1
1616,20.83,194.13,6.6,1.0,3.77,450.78,52.8,1
1617,20.68,210.54,6.75,1.0,4.06,454.89,53.6,1
1618,20.45,236.62,6.98,1.0,4.53,461.41,54.88,1
1619,21.01,173.96,6.42,1.0,3.41,445.74,51.81,1
1620,21.31,139.94,6.12,1.0,2.8,437.24,50.14,1
1621,21.26,146.03,6.17,1.0,2.91,438.76,50.43,1
1622,21.34,136.85,6.09,1.0,2.75,436.46,49.98,1
1623,21.4,130.2,6.03,1.0,2.63,434.8,49.66,1
1624,20.81,195.89,6.62,1.0,3.8,451.22,52.88,1
1625,20.93,183.11,6.5,1.0,3.57,448.03,52.26,1
1626,20.74,203.9,6.69,1.0,3.94,453.22,53.28,1
1627,20.77,201.31,6.66,1.0,3.9,452.58,53.15,1
1628,21.28,143.08,6.14,1.0,2.86,438.02,50.29,1
1629,20.86,191.09,6.57,1.0,3.72,450.02,52.65,1
1630,21.11,162.34,6.32,1.0,3.2,442.83,51.24,1
1631,20.56,224.51,6.87,1.0,4.31,458.38,54.29,1
1632,21.27,144.43,6.16,1.0,2.88,438.36,50.36,1
1633,21.11,162.39,6.32,1.0,3.2,442.85,51.24,1
1634,21.39,130.76,6.03,1.0,2.64,434.94,49.68,1
1635,20.65,214.03,6.78,1.0,4.13,455.76,53.77,1
1636,20.61,218.28,6.81,1.0,4.2,456.82,53.98,1
1637,21.38,132.35,6.05,1.0,2.67,435.34,49.76,1
1638,20.75,203.31,6.68,1.0,3.93,453.08,53.25,1
1639,20.97,178.41,6.46,1.0,3.49,446.85,52.02,1
1640,20.76,201.82,6.67,1.0,3.91,452.71,53.17,1
1641,20.6,219.37,6.82,1.0,4.22,457.09,54.04,1
1642,21.2,153.15,6.23,1.0,3.04,440.54,50.78,1
1643,21.32,139.31,6.11,1.0,2.79,437.08,50.1,1
1644,21.15,158.4,6.28,1.0,3.13,441.85,51.04,1
1645,21.41,128.58,6.01,1.0,2.6,434.4,49.58,1
1646,21.38,131.97,6.04,1.0,2.66,435.24,49.74,1
1647,21.16,157.06,6.27,1.0,3.11,441.51,50.98,1
1648,20.45,236.38,6.98,1.0,4.52,461.34,54.87,1
1649,20.66,212.6,6.76,1.0,4.1,455.4,53.7,1
1650,20.59,221.02,6.84,1.0,4.25,457.5,54.12,1
1651,20.97,177.88,6.45,1.0,3.48,446.72,52.0,1
1652,21.0,174.78,6.43,1.0,3.42,445.94,51.85,1
1653,21.32,139.53,6.11,1.0,2.8,437.13,50.12,1
1654,21.4,130.64,6.03,1.0,2.64,434.91,49.68,1
1655,20.73,205.19,6.7,1.0,3.97,453.55,53.34,1
1656,20.91,185.18,6.52,1.0,3.61,448.55,52.36,1
1657,20.88,188.75,6.55,1.0,3.67,449.44,52.53,1
1658,20.53,227.37,6.9,1.0,4.36,459.09,54.43,1
1659,20.43,238.84,7.0,1.0,4.57,461.96,54.99,1
1660,20.93,182.81,6.5,1.0,3.57,447.95,52.24,1
1661,20.62,217.69,6.81,1.0,4.19,456.67,53.95,1
1662,21.02,172.78,6.41,1.0,3.39,445.45,51.75,1
1663,21.19,154.07,6.24,1.0,3.05,440.77,50.83,1
1664,20.43,238.83,7.0,1.0,4.57,461.96,54.99,1
1665,20.65,214.61,6.78,1.0,4.14,455.9,53.8,1
1666,20.99,176.51,6.44,1.0,3.46,446.38,51.93,1
1667,20.9,186.57,6.53,1.0,3.64,448.89,52.43,1
1668,20.94,181.44,6.49,1.0,3.54,447.61,52.17,1
1669,21.16,156.72,6.27,1.0,3.1,441.43,50.96,1
1670,20.73,205.29,6.7,1.0,3.97,453.57,53.34,1
1671,21.33,137.78,6.1,1.0,2.76,436.7,50.03,1
1672,20.68,210.7,6.75,1.0,4.07,454.93,53.61,1
1673,20.74,204.05,6.69,1.0,3.95,453.26,53.28,1
1674,20.74,203.94,6.69,1.0,3.95,453.24,53.28,1
1675,21.12,161.86,6.31,1.0,3.19,442.71,51.21,1
1676,21.35,135.32,6.07,1.0,2.72,436.08,49.91,1
1677,20.76,201.88,6.67,1.0,3.91,452.72,53.18,1
1678,21.28,143.31,6.15,1.0,2.86,438.08,50.3,1
1679,21.33,137.61,6.09,1.0,2.76,436.65,50.02,1
1680,21.32,138.65,6.1,1.0,2.78,436.91,50.07,1
1681,21.38,132.74,6.05,1.0,2.67,435.44,49.78,1
1682,20.8,197.09,6.63,1.0,3.82,451.52,52.94,1
1683,20.97,178.74,6.46,1.0,3.5,446.94,52.04,1
1684,21.17,155.57,6.26,1.0,3.08,441.14,50.9,1
1685,21.06,168.76,6.37,1.0,3.32,444.44,51.55,1
1686,21.12,161.46,6.31,1.0,3.19,442.61,51.19,1
1687,21.3,141.6,6.13,1.0,2.83,437.65,50.22,1
1688,20.54,226.29,6.89,1.0,4.34,458.82,54.38,1
1689,21.15,158.75,6.28,1.0,3.14,441.94,51.06,1
1690,21.19,154.05,6.24,1.0,3.05,440.76,50.83,1
1691,21.29,142.39,6.14,1.0,2.85,437.85,50.26,1
1692,20.49,232.28,6.94,1.0,4.45,460.32,54.67,1
1693,20.46,235.86,6.97,1.0,4.52,461.22,54.85,1
1694,21.21,151.61,6.22,1.0,3.01,440.15,50.71,1
1695,20.81,196.12,6.62,1.0,3.81,451.28,52.89,1
1696,21.2,152.54,6.23,1.0,3.03,440.38,50.75,1
1697,20.58,222.54,6.85,1.0,4.28,457.88,54.19,1
1698,21.31,139.93,6.12,1.0,2.8,437.23,50.14,1
1699,20.95,180.35,6.48,1.0,3.52,447.34,52.12,1
1700,21.06,168.3,6.37,1.0,3.31,444.33,51.53,1
1701,21.39,131.34,6.04,1.0,2.65,435.09,49.71,1
1702,21.25,147.4,6.18,1.0,2.94,439.1,50.5,1
1703,21.32,139.62,6.11,1.0,2.8,437.16,50.12,1
1704,20.62,217.8,6.81,1.0,4.19,456.7,53.96,1
1705,20.99,176.25,6.44,1.0,3.45,446.31,51.92,1
1706,20.8,197.01,6.63,1.0,3.82,451.5,52.94,1
1707,20.56,223.9,6.87,1.0,4.3,458.23,54.26,1
1708,20.94,181.64,6.49,1.0,3.55,447.66,52.18,1
1709,20.48,233.11,6.95,1.0,4.47,460.53,54.71,1
1710,20.75,203.35,6.68,1.0,3.93,453.09,53.25,1
1711,20.86,190.14,6.56,1.0,3.7,449.79,52.6,1
1712,20.44,237.5,6.99,1.0,4.54,461.62,54.93,1
1713,21.2,152.64,6.23,1.0,3.03,440.41,50.76,1
1714,21.33,138.45,6.1,1.0,2.78,436.86,50.06,1
1715,21.0,174.5,6.42,1.0,3.42,445.87,51.83,1
1716,20.84,192.77,6.59,1.0,3.75,450.44,52.73,1
1717,20.74,204.26,6.69,1.0,3.95,453.31,53.29,1
1718,21.01,173.91,6.42,1.0,3.41,445.73,51.8,1
1719,20.68,211.23,6.75,1.0,4.08,455.06,53.64,1
1720,21.41,128.84,6.02,1.0,2.6,434.46,49.59,1
1721,21.17,155.87,6.26,1.0,3.09,441.22,50.92,1
1722,21.03,171.35,6.4,1.0,3.36,445.09,51.68,1
1723,20.83,194.04,6.6,1.0,3.77,450.76,52.79,1
1724,20.61,218.86,6.82,1.0,4.21,456.97,54.01,1
1725,20.97,178.09,6.46,1.0,3.48,446.77,52.01,1
1726,21.24,148.55,6.19,1.0,2.96,439.39,50.56,1
1727,21.19,153.85,6.24,1.0,3.05,440.71,50.82,1
1728,21.21,151.47,6.22,1.0,3.01,440.12,50.7,1
1729,21.39,131.44,6.04,1.0,2.65,435.11,49.72,1
1730,21.07,167.08,6.36,1.0,3.29,444.02,51.47,1
1731,20.89,186.9,6.53,1.0,3.64,448.98,52.44,1
1732,20.89,187.62,6.54,1.0,3.65,449.15,52.48,1
1733,21.23,149.17,6.2,1.0,2.97,439.54,50.59,1
1734,21.25,147.29,6.18,1.0,2.93,439.07,50.5,1
1735,21.07,166.78,6.36,1.0,3.28,443.94,51.45,1
1736,20.62,217.14,6.8,1.0,4.18,456.54,53.93,1
1737,20.57,222.65,6.85,1.0,4.28,457.91,54.2,1
1738,21.03,171.19,6.39,1.0,3.36,445.05,51.67,1
1739,20.75,203.36,6.68,1.0,3.93,453.09,53.25,1
1740,21.08,166.52,6.35,1.0,3.28,443.88,51.44,1
1741,21.1,163.32,6.32,1.0,3.22,443.08,51.28,1
1742,20.94,181.61,6.49,1.0,3.55,447.65,52.18,1
1743,20.9,186.25,6.53,1.0,3.63,448.81,52.41,1
1744,20.79,198.15,6.64,1.0,3.84,451.79,52.99,1
1745,20.59,220.76,6.84,1.0,4.25,457.44,54.1,1
1746,20.63,216.77,6.8,1.0,4.17,456.44,53.91,1
1747,20.89,187.04,6.54,1.0,3.64,449.01,52.45,1
1748,20.63,216.8,6.8,1.0,4.17,456.45,53.91,1
1749,20.69,209.51,6.74,1.0,4.04,454.63,53.55,1
1750,21.22,149.92,6.2,1.0,2.98,439.73,50.63,1
1751,20.68,211.26,6.75,1.0,4.08,455.07,53.64,1
1752,20.55,225.63,6.88,1.0,4.33,458.66,54.34,1
1753,20.88,188.41,6.55,1.0,3.67,449.35,52.52,1
1754,21.4,130.17,6.03,1.0,2.63,434.79,49.66,1
1755,20.62,217.84,6.81,1.0,4.19,456.71,53.96,1
1756,20.84,192.45,6.58,1.0,3.74,450.36,52.71,1
1757,21.12,161.16,6.31,1.0,3.18,442.54,51.18,1
1758,20.48,233.07,6.95,1.0,4.47,460.52,54.71,1
1759,21.35,135.87,6.08,1.0,2.73,436.22,49.94,1
1760,20.6,220.16,6.83,1.0,4.23,457.29,54.07,1
1761,21.22,150.88,6.21,1.0,3.0,439.97,50.67,1
1762,20.72,206.04,6.71,1.0,3.98,453.76,53.38,1
1763,20.96,179.38,6.47,1.0,3.51,447.09,52.07,1
1764,21.05,169.73,6.38,1.0,3.33,444.68,51.6,1
1765,20.47,234.57,6.96,1.0,4.49,460.89,54.78,1
1766,21.02,173.31,6.41,1.0,3.4,445.58,51.77,1
1767,21.33,138.37,6.1,1.0,2.77,436.84,50.06,1
1768,20.98,177.7,6.45,1.0,3.48,446.68,51.99,1
1769,21.2,152.63,6.23,1.0,3.03,440.41,50.76,1
1770,21.07,167.42,6.36,1.0,3.29,444.11,51.49,1
1771,21.03,171.95,6.4,1.0,3.37,445.24,51.71,1
1772,20.49,232.02,6.94,1.0,4.45,460.26,54.66,1
1773,20.74,203.94,6.69,1.0,3.95,453.24,53.28,1
1774,20.65,214.41,6.78,1.0,4.13,455.85,53.79,1
1775,20.77,201.15,6.66,1.0,3.9,452.54,53.14,1
1776,20.61,218.56,6.82,1.0,4.21,456.89,54.0,1
1777,21.01,174.14,6.42,1.0,3.41,445.79,51.81,1
1778,21.11,162.73,6.32,1.0,3.21,442.93,51.25,1
1779,20.61,219.01,6.82,1.0,4.21,457.0,54.02,1
1780,20.52,228.21,6.9,1.0,4.38,459.3,54.47,1
1781,21.16,157.11,6.27,1.0,3.11,441.53,50.98,1
1782,20.63,216.43,6.8,1.0,4.17,456.36,53.89,1
1783,20.94,181.35,6.49,1.0,3.54,447.59,52.17,1
1784,21.13,160.26,6.3,1.0,3.17,442.32,51.13,1
1785,21.2,152.45,6.23,1.0,3.03,440.36,50.75,1
1786,20.75,203.03,6.68,1.0,3.93,453.01,53.23,1
1787,21.43,127.09,6.0,1.0,2.57,434.02,49.5,1
1788,20.45,236.19,6.97,1.0,4.52,461.3,54.86,1
1789,20.84,192.96,6.59,1.0,3.75,450.49,52.74,1
1790,20.66,213.6,6.77,1.0,4.12,455.65,53.75,1
1791,21.16,156.9,6.27,1.0,3.11,441.48,50.97,1
1792,20.97,177.97,6.46,1.0,3.48,446.74,52.0,1
1793,20.63,216.9,6.8,1.0,4.18,456.48,53.91,1
1794,21.27,145.12,6.16,1.0,2.89,438.53,50.39,1
1795,20.56,224.09,6.87,1.0,4.31,458.27,54.27,1
1796,21.2,152.54,6.23,1.0,3.03,440.39,50.75,1
1797,20.67,211.51,6.75,1.0,4.08,455.13,53.65,1
1798,21.22,150.39,6.21,1.0,2.99,439.85,50.65,1
1799,20.89,186.9,6.53,1.0,3.64,448.97,52.44,1
1800,20.6,219.48,6.83,1.0,4.22,457.12,54.04,1
1801,20.65,213.67,6.77,1.0,4.12,455.67,53.76,1
1802,20.82,194.82,6.61,1.0,3.78,450.96,52.83,1
1803,21.09,164.72,6.34,1.0,3.24,443.43,51.35,1
1804,20.57,222.78,6.86,1.0,4.28,457.94,54.2,1
1805,21.24,147.8,6.19,1.0,2.94,439.2,50.52,1
1806,20.85,191.64,6.58,1.0,3.73,450.16,52.67,1
1807,20.84,193.26,6.59,1.0,3.75,450.56,52.75,1
1808,20.71,207.65,6.72,1.0,4.01,454.16,53.46,1
1809,21.18,154.86,6.25,1.0,3.07,440.97,50.87,1
1810,20.66,213.54,6.77,1.0,4.12,455.63,53.75,1
1811,20.46,235.12,6.97,1.0,4.5,461.03,54.81,1
1812,20.83,193.62,6.59,1.0,3.76,450.66,52.77,1
1813,20.93,182.65,6.5,1.0,3.57,447.91,52.23,1
1814,21.16,157.07,6.27,1.0,3.11,441.52,50.98,1
1815,20.72,206.16,6.71,1.0,3.99,453.79,53.39,1
1816,20.63,216.17,6.8,1.0,4.16,456.29,53.88,1
1817,20.84,192.9,6.59,1.0,3.75,450.47,52.74,1
1818,20.45,237.06,6.98,1.0,4.54,461.52,54.9,1
1819,21.09,165.46,6.34,1.0,3.26,443.62,51.39,1
1820,21.38,132.08,6.05,1.0,2.66,435.27,49.75,1
1821,21.32,139.31,6.11,1.0,2.79,437.08,50.1,1
1822,20.88,188.67,6.55,1.0,3.67,449.42,52.53,1
1823,21.06,168.62,6.37,1.0,3.31,444.4,51.54,1
1824,21.15,158.2,6.28,1.0,3.13,441.8,51.03,1
1825,20.72,206.41,6.71,1.0,3.99,453.85,53.4,1
1826,21.41,129.17,6.02,1.0,2.61,434.54,49.61,1
1827,21.02,172.72,6.41,1.0,3.39,445.43,51.74,1
1828,20.56,224.21,6.87,1.0,4.31,458.3,54.27,1
1829,20.89,187.09,6.54,1.0,3.64,449.02,52.45,1
1830,21.06,167.91,6.37,1.0,3.3,444.23,51.51,1
1831,20.53,227.64,6.9,1.0,4.37,459.16,54.44,1
1832,21.09,164.58,6.34,1.0,3.24,443.4,51.35,1
1833,20.56,224.32,6.87,1.0,4.31,458.33,54.28,1
1834,20.84,192.88,6.59,1.0,3.75,450.47,52.74,1
1835,21.01,174.05,6.42,1.0,3.41,445.76,51.81,1
1836,21.42,128.16,6.01,1.0,2.59,434.29,49.56,1
1837,21.33,138.25,6.1,1.0,2.77,436.81,50.05,1
1838,21.24,148.41,6.19,1.0,2.95,439.35,50.55,1
1839,21.15,157.81,6.28,1.0,3.12,441.7,51.01,1
1840,20.87,189.94,6.56,1.0,3.7,449.74,52.59,1
1841,20.97,178.49,6.46,1.0,3.49,446.87,52.03,1
1842,20.95,180.43,6.48,1.0,3.53,447.36,52.12,1
1843,20.58,221.79,6.85,1.0,4.26,457.7,54.15,1
1844,21.08,166.28,6.35,1.0,3.27,443.82,51.43,1
1845,21.1,163.49,6.33,1.0,3.22,443.12,51.29,1
1846,20.61,218.65,6.82,1.0,4.21,456.91,54.0,1
1847,20.73,205.02,6.7,1.0,3.96,453.5,53.33,1
1848,20.75,202.92,6.68,1.0,3.93,452.98,53.23,1
1849,20.91,185.15,6.52,1.0,3.61,448.54,52.36,1
1850,20.74,203.78,6.69,1.0,3.94,453.19,53.27,1
1851,21.43,127.07,6.0,1.0,2.57,434.02,49.5,1
1852,21.18,154.3,6.24,1.0,3.06,440.83,50.84,1
1853,21.38,132.63,6.05,1.0,2.67,435.41,49.78,1
1854,20.62,217.11,6.8,1.0,4.18,456.53,53.92,1
1855,20.73,205.03,6.7,1.0,3.96,453.51,53.33,1
1856,20.94,182.07,6.49,1.0,3.55,447.77,52.2,1
1857,20.76,202.36,6.67,1.0,3.92,452.84,53.2,1
1858,20.48,233.08,6.95,1.0,4.47,460.52,54.71,1
1859,20.98,177.64,6.45,1.0,3.48,446.66,51.99,1
1860,21.18,154.7,6.25,1.0,3.07,440.92,50.86,1
1861,20.94,181.57,6.49,1.0,3.55,447.64,52.18,1
1862,21.08,166.51,6.35,1.0,3.28,443.88,51.44,1
1863,20.43,238.36,6.99,1.0,4.56,461.84,54.97,1
1864,20.74,203.92,6.69,1.0,3.95,453.23,53.28,1
1865,21.16,157.58,6.27,1.0,3.12,441.64,51.0,1
1866,20.98,176.9,6.45,1.0,3.46,446.47,51.95,1
1867,21.14,159.4,6.29,1.0,3.15,442.1,51.09,1
1868,21.02,172.21,6.4,1.0,3.38,445.3,51.72,1
1869,20.61,218.17,6.81,1.0,4.2,456.79,53.98,1
1870,21.38,132.45,6.05,1.0,2.67,435.36,49.77,1
1871,20.72,206.84,6.71,1.0,4.0,453.96,53.42,1
1872,21.06,168.63,6.37,1.0,3.31,444.41,51.54,1
1873,20.67,212.18,6.76,1.0,4.09,455.3,53.68,1
1874,20.65,214.6,6.78,1.0,4.14,455.9,53.8,1
1875,21.42,127.83,6.01,1.0,2.59,434.21,49.54,1
1876,20.96,179.67,6.47,1.0,3.51,447.17,52.09,1
1877,20.68,210.81,6.75,1.0,4.07,454.95,53.62,1
1878,20.66,213.13,6.77,1.0,4.11,455.53,53.73,1
1879,20.51,230.31,6.92,1.0,4.42,459.83,54.57,1
1880,21.14,159.87,6.29,1.0,3.16,442.22,51.11,1
1881,20.84,193.25,6.59,1.0,3.75,450.56,52.75,1
1882,20.94,181.86,6.49,1.0,3.55,447.71,52.19,1
1883,20.88,188.1,6.55,1.0,3.66,449.28,52.5,1
1884,20.47,234.77,6.96,1.0,4.5,460.94,54.79,1
1885,20.59,220.72,6.84,1.0,4.25,457.43,54.1,1
1886,20.92,183.95,6.51,1.0,3.59,448.24,52.3,1
1887,21.35,135.33,6.07,1.0,2.72,436.08,49.91,1
1888,20.5,231.45,6.93,1.0,4.44,460.11,54.63,1
1889,20.52,228.93,6.91,1.0,4.39,459.48,54.51,1
1890,20.86,190.86,6.57,1.0,3.71,449.96,52.64,1
1891,20.83,194.17,6.6,1.0,3.77,450.79,52.8,1
1892,20.46,235.38,6.97,1.0,4.51,461.1,54.82,1
1893,20.44,237.47,6.99,1.0,4.54,461.62,54.92,1
1894,20.49,232.01,6.94,1.0,4.45,460.25,54.66,1
1895,21.21,151.19,6.22,1.0,3.0,440.05,50.69,1
1896,21.17,156.26,6.26,1.0,3.09,441.32,50.94,1
1897,20.51,229.48,6.91,1.0,4.4,459.62,54.53,1
1898,21.35,135.83,6.08,1.0,2.73,436.21,49.93,1
1899,20.55,225.32,6.88,1.0,4.33,458.58,54.33,1
1900,20.63,216.51,6.8,1.0,4.17,456.38,53.9,1
1901,21.23,149.73,6.2,1.0,2.98,439.68,50.62,1
1902,21.18,155.06,6.25,1.0,3.07,441.02,50.88,1
1903,21.06,168.79,6.37,1.0,3.32,444.45,51.55,1
1904,20.64,214.8,6.78,1.0,4.14,455.95,53.81,1
1905,20.58,222.44,6.85,1.0,4.28,457.86,54.19,1
1906,20.77,200.37,6.66,1.0,3.88,452.34,53.1,1
1907,21.27,144.43,6.16,1.0,2.88,438.36,50.36,1
1908,21.3,141.88,6.13,1.0,2.84,437.72,50.23,1
1909,20.69,209.6,6.74,1.0,4.05,454.65,53.56,1
1910,21.31,139.99,6.12,1.0,2.8,437.25,50.14,1
1911,21.14,159.65,6.29,1.0,3.15,442.16,51.1,1
1912,20.5,230.5,6.92,1.0,4.42,459.88,54.58,1
1913,21.25,147.0,6.18,1.0,2.93,439.0,50.48,1
1914,21.13,160.35,6.3,1.0,3.17,442.34,51.14,1
1915,20.98,176.79,6.44,1.0,3.46,446.45,51.94,1
1916,20.93,182.73,6.5,1.0,3.57,447.93,52.24,1
1917,20.64,214.96,6.79,1.0,4.14,455.99,53.82,1
1918,21.15,158.37,6.28,1.0,3.13,441.84,51.04,1
1919,21.09,165.0,6.34,1.0,3.25,443.5,51.37,1
1920,20.49,231.88,6.94,1.0,4.44,460.22,54.65,1
1921,20.53,227.67,6.9,1.0,4.37,459.17,54.44,1
1922,20.46,235.0,6.96,1.0,4.5,461.0,54.8,1
1923,20.54,226.72,6.89,1.0,4.35,458.93,54.4,1
1924,20.88,188.27,6.55,1.0,3.67,449.32,52.51,1
1925,20.77,200.82,6.66,1.0,3.89,452.46,53.13,1
1926,20.72,206.42,6.71,1.0,3.99,453.86,53.4,1
1927,21.25,146.81,6.18,1.0,2.93,438.95,50.47,1
1928,20.64,214.96,6.79,1.0,4.14,455.99,53.82,1
1929,21.33,137.66,6.1,1.0,2.76,436.66,50.02,1
1930,20.98,176.95,6.45,1.0,3.46,446.49,51.95,1
1931,21.38,132.86,6.05,1.0,2.68,435.47,49.79,1
1932,20.51,230.23,6.92,1.0,4.41,459.81,54.57,1
1933,21.25,146.84,6.18,1.0,2.93,438.96,50.47,1
1934,21.4,129.86,6.03,1.0,2.62,434.72,49.64,1
1935,21.09,165.1,6.34,1.0,3.25,443.53,51.37,1
1936,21.33,138.54,6.1,1.0,2.78,436.88,50.07,1
1937,20.57,222.76,6.85,1.0,4.28,457.94,54.2,1
1938,20.93,183.25,6.5,1.0,3.58,448.06,52.26,1
1939,20.45,236.63,6.98,1.0,4.53,461.41,54.88,1
1940,20.85,191.86,6.58,1.0,3.73,450.21,52.69,1
1941,20.47,234.81,6.96,1.0,4.5,460.95,54.79,1
1942,20.65,213.78,6.77,1.0,4.12,455.69,53.76,1
1943,21.26,145.74,6.17,1.0,2.91,438.68,50.42,1
1944,21.12,161.65,6.31,1.0,3.19,442.66,51.2,1
1945,20.99,176.32,6.44,1.0,3.45,446.33,51.92,1
1946,21.01,174.43,6.42,1.0,3.42,445.86,51.83,1
1947,20.51,229.6,6.92,1.0,4.4,459.65,54.54,1
1948,21.0,174.68,6.43,1.0,3.42,445.92,51.84,1
1949,21.15,158.21,6.28,1.0,3.13,441.8,51.03,1
1950,20.46,235.24,6.97,1.0,4.5,461.06,54.82,1
1951,21.33,138.24,6.1,1.0,2.77,436.81,50.05,1
1952,20.77,200.97,6.66,1.0,3.89,452.49,53.13,1
1953,20.59,220.93,6.84,1.0,4.25,457.48,54.11,1
1954,20.95,181.06,6.48,1.0,3.54,447.52,52.15,1
1955,21.36,134.61,6.07,1.0,2.71,435.9,49.87,1
1956,21.37,133.74,6.06,1.0,2.69,435.69,49.83,1
1957,21.05,169.54,6.38,1.0,3.33,444.64,51.59,1
1958,21.11,162.14,6.31,1.0,3.2,442.78,51.23,1
1959,20.55,224.85,6.87,1.0,4.32,458.46,54.31,1
1960,20.44,237.25,6.98,1.0,4.54,461.56,54.91,1
1961,21.24,148.62,6.19,1.0,2.96,439.41,50.56,1
1962,21.05,169.06,6.38,1.0,3.32,444.51,51.57,1
1963,20.79,199.05,6.64,1.0,3.86,452.01,53.04,1
1964,21.42,127.84,6.01,1.0,2.59,434.21,49.54,1
1965,20.86,190.23,6.56,1.0,3.7,449.81,52.61,1
1966,21.13,159.9,6.29,1.0,3.16,442.22,51.12,1
1967,20.86,190.18,6.56,1.0,3.7,449.79,52.6,1
1968,20.82,195.23,6.61,1.0,3.79,451.06,52.85,1
1969,21.31,140.37,6.12,1.0,2.81,437.34,50.16,1
1970,20.99,176.61,6.44,1.0,3.46,446.4,51.94,1
1971,21.2,152.25,6.23,1.0,3.02,440.31,50.74,1
1972,20.56,224.45,6.87,1.0,4.31,458.36,54.29,1
1973,20.69,209.52,6.74,1.0,4.04,454.63,53.55,1
1974,21.04,170.89,6.39,1.0,3.36,444.97,51.66,1
1975,20.89,187.0,6.54,1.0,3.64,449.0,52.45,1
1976,21.21,151.47,6.22,1.0,3.01,440.12,50.7,1
1977,21.04,170.24,6.39,1.0,3.34,444.81,51.62,1
1978,21.02,173.24,6.41,1.0,3.4,445.56,51.77,1
1979,20.84,192.52,6.58,1.0,3.74,450.38,52.72,1
1980,21.14,159.4,6.29,1.0,3.15,442.1,51.09,1
1981,20.66,213.04,6.77,1.0,4.11,455.51,53.73,1
1982,20.64,214.88,6.78,1.0,4.14,455.97,53.82,1
1983,21.37,133.52,6.06,1.0,2.69,435.63,49.82,1
1984,20.67,212.28,6.76,1.0,4.09,455.32,53.69,1
1985,20.62,217.49,6.81,1.0,4.19,456.62,53.94,1
1986,20.9,186.67,6.53,1.0,3.64,448.92,52.43,1
1987,20.73,205.22,6.7,1.0,3.97,453.55,53.34,1
1988,21.1,164.14,6.33,1.0,3.23,443.28,51.32,1
1989,20.68,210.88,6.75,1.0,4.07,454.97,53.62,1
1990,20.75,202.81,6.68,1.0,3.93,452.95,53.22,1
1991,21.21,150.93,6.21,1.0,3.0,439.98,50.68,1
1992,20.8,197.15,6.63,1.0,3.82,451.54,52.94,1
1993,20.63,216.82,6.8,1.0,4.18,456.45,53.91,1
1994,21.01,174.15,6.42,1.0,3.41,445.79,51.82,1
1995,21.05,169.06,6.38,1.0,3.32,444.52,51.57,1
1996,21.16,157.08,6.27,1.0,3.11,441.52,50.98,1
1997,20.64,215.15,6.79,1.0,4.15,456.04,53.83,1
1998,20.64,215.67,6.79,1.0,4.15,456.17,53.85,1
1999,20.94,182.09,6.49,1.0,3.56,447.77,52.21,1
2000,20.66,212.83,6.77,1.0,4.1,455.46,53.71,1
2001,21.16,156.61,6.26,1.0,3.1,441.4,50.95,1
2002,21.37,133.22,6.06,1.0,2.68,435.56,49.81,1
2003,20.94,181.93,6.49,1.0,3.55,447.73,52.2,1
2004,20.97,178.33,6.46,1.0,3.49,446.83,52.02,1
2005,21.16,157.12,6.27,1.0,3.11,441.53,50.98,1
2006,21.06,167.98,6.37,1.0,3.3,444.25,51.51,1
2007,20.74,203.78,6.69,1.0,3.94,453.2,53.27,1
2008,21.24,148.6,6.19,1.0,2.96,439.4,50.56,1
2009,20.59,220.63,6.84,1.0,4.24,457.41,54.1,1
2010,20.59,220.86,6.84,1.0,4.25,457.47,54.11,1
2011,20.6,219.82,6.83,1.0,4.23,457.21,54.06,1
2012,21.31,140.09,6.12,1.0,2.81,437.27,50.14,1
2013,20.52,228.27,6.9,1.0,4.38,459.32,54.47,1
2014,20.68,211.18,6.75,1.0,4.07,455.04,53.63,1
2015,21.22,150.56,6.21,1.0,2.99,439.89,50.66,1
2016,21.05,169.21,6.38,1.0,3.33,444.55,51.57,1
2017,21.13,160.61,6.3,1.0,3.17,442.4,51.15,1
2018,20.44,237.96,6.99,1.0,4.55,461.74,54.95,1
2019,20.69,210.13,6.74,1.0,4.06,454.78,53.58,1
2020,20.56,223.95,6.87,1.0,4.3,458.24,54.26,1
2021,20.62,217.89,6.81,1.0,4.19,456.72,53.96,1
2022,21.12,161.76,6.31,1.0,3.19,442.69,51.21,1
2023,21.04,170.58,6.39,1.0,3.35,444.9,51.64,1
2024,20.68,211.03,6.75,1.0,4.07,455.01,53.63,1
2025,21.21,151.26,6.22,1.0,3.0,440.07,50.69,1
2026,21.4,130.11,6.03,1.0,2.63,434.78,49.65,1
2027,21.03,171.82,6.4,1.0,3.37,445.2,51.7,1
2028,20.46,235.73,6.97,1.0,4.51,461.18,54.84,1
2029,21.23,148.81,6.19,1.0,2.96,439.45,50.57,1
2030,20.49,231.88,6.94,1.0,4.44,460.22,54.65,1
2031,20.63,216.74,6.8,1.0,4.17,456.43,53.91,1
2032,21.07,167.25,6.36,1.0,3.29,444.06,51.48,1
2033,20.57,223.07,6.86,1.0,4.29,458.02,54.22,1
2034,21.21,151.94,6.22,1.0,3.02,440.23,50.72,1
2035,20.52,229.04,6.91,1.0,4.39,459.51,54.51,1
2036,20.9,185.81,6.53,1.0,3.62,448.7,52.39,1
2037,21.16,157.26,6.27,1.0,3.11,441.57,50.99,1
2038,20.76,201.37,6.66,1.0,3.9,452.59,53.15,1
2039,20.74,203.98,6.69,1.0,3.95,453.25,53.28,1
2040,20.9,186.11,6.53,1.0,3.63,448.78,52.4,1
2041,21.08,165.58,6.34,1.0,3.26,443.64,51.39,1
2042,20.89,187.8,6.54,1.0,3.66,449.2,52.49,1
2043,20.8,197.25,6.63,1.0,3.83,451.56,52.95,1
2044,20.83,193.73,6.6,1.0,3.76,450.68,52.78,1
2045,20.81,196.57,6.62,1.0,3.81,451.39,52.92,1
2046,20.7,208.86,6.73,1.0,4.03,454.46,53.52,1
2047,20.99,176.19,6.44,1.0,3.45,446.3,51.92,1
2048,20.51,229.52,6.92,1.0,4.4,459.63,54.53,1
2049,21.15,157.93,6.28,1.0,3.12,441.73,51.02,1
2050,21.29,142.27,6.14,1.0,2.84,437.82,50.25,1
2051,21.23,149.33,6.2,1.0,2.97,439.58,50.6,1
2052,20.74,204.18,6.69,1.0,3.95,453.29,53.29,1
2053,20.46,235.92,6.97,1.0,4.52,461.23,54.85,1
2054,21.08,166.04,6.35,1.0,3.27,443.76,51.42,1
2055,20.99,176.14,6.44,1.0,3.45,446.29,51.91,1
2056,20.76,201.98,6.67,1.0,3.91,452.74,53.18,1
2057,21.01,173.97,6.42,1.0,3.41,445.74,51.81,1
2058,20.74,203.86,6.69,1.0,3.94,453.21,53.27,1
2059,20.44,238.09,6.99,1.0,4.56,461.77,54.96,1
2060,20.95,180.44,6.48,1.0,3.53,447.36,52.12,1
2061,21.17,155.69,6.26,1.0,3.08,441.17,50.91,1
2062,21.37,133.43,6.06,1.0,2.69,435.61,49.82,1
2063,21.37,133.0,6.05,1.0,2.68,435.5,49.79,1
2064,20.83,193.7,6.6,1.0,3.76,450.68,52.78,1
2065,20.51,230.02,6.92,1.0,4.41,459.76,54.56,1
2066,20.93,182.97,6.5,1.0,3.57,447.99,52.25,1
2067,21.05,169.28,6.38,1.0,3.33,444.57,51.58,1
2068,21.12,161.02,6.3,1.0,3.18,442.5,51.17,1
2069,21.22,150.51,6.21,1.0,2.99,439.88,50.65,1
2070,20.69,209.41,6.74,1.0,4.04,454.6,53.55,1
2071,21.06,167.8,6.36,1.0,3.3,444.2,51.5,1
2072,20.81,196.2,6.62,1.0,3.81,451.3,52.9,1
2073,21.05,169.72,6.38,1.0,3.33,444.68,51.6,1
2074,20.89,187.3,6.54,1.0,3.65,449.08,52.46,1
2075,21.33,138.26,6.1,1.0,2.77,436.82,50.05,1
2076,21.39,130.83,6.03,1.0,2.64,434.96,49.69,1
2077,21.36,134.79,6.07,1.0,2.71,435.95,49.88,1
2078,21.18,155.2,6.25,1.0,3.08,441.05,50.89,1
2079,21.16,157.45,6.27,1.0,3.12,441.61,51.0,1
2080,20.54,226.7,6.89,1.0,4.35,458.92,54.4,1
2081,20.8,197.57,6.63,1.0,3.83,451.64,52.97,1
2082,21.14,158.92,6.29,1.0,3.14,441.98,51.07,1
2083,20.68,210.59,6.75,1.0,4.06,454.9,53.61,1
2084,20.82,195.09,6.61,1.0,3.79,451.02,52.84,1
2085,20.75,203.39,6.68,1.0,3.94,453.1,53.25,1
2086,21.07,166.79,6.36,1.0,3.28,443.95,51.45,1
2087,20.57,223.08,6.86,1.0,4.29,458.02,54.22,1
2088,20.9,186.55,6.53,1.0,3.63,448.89,52.42,1
2089,21.36,135.13,6.07,1.0,2.72,436.03,49.9,1
2090,21.31,140.74,6.12,1.0,2.82,437.43,50.17,1
2091,21.09,165.21,6.34,1.0,3.25,443.55,51.38,1
2092,20.87,189.72,6.56,1.0,3.69,449.68,52.58,1
2093,20.84,192.99,6.59,1.0,3.75,450.5,52.74,1
2094,21.2,152.85,6.23,1.0,3.03,440.46,50.77,1
2095,20.81,196.6,6.62,1.0,3.81,451.4,52.92,1
2096,20.95,181.07,6.48,1.0,3.54,447.52,52.16,1
2097,20.52,228.46,6.91,1.0,4.38,459.36,54.48,1
2098,21.12,161.13,6.3,1.0,3.18,442.53,51.18,1
2099,21.26,145.63,6.17,1.0,2.9,438.66,50.41,1
2100,21.32,139.52,6.11,1.0,2.79,437.13,50.11,1
2101,21.39,131.44,6.04,1.0,2.65,435.11,49.72,1
2102,20.9,186.02,6.53,1.0,3.63,448.76,52.4,1
2103,20.44,238.25,6.99,1.0,4.56,461.81,54.96,1
2104,20.78,199.82,6.65,1.0,3.87,452.21,53.08,1
2105,20.52,229.11,6.91,1.0,4.39,459.53,54.51,1
2106,21.23,148.84,6.2,1.0,2.96,439.46,50.57,1
2107,20.54,227.07,6.89,1.0,4.36,459.02,54.41,1
2108,21.22,150.67,6.21,1.0,2.99,439.92,50.66,1
2109,21.0,175.5,6.43,1.0,3.44,446.12,51.88,1
2110,21.04,170.28,6.39,1.0,3.34,444.82,51.63,1
2111,21.02,172.62,6.41,1.0,3.39,445.4,51.74,1
2112,20.66,212.8,6.77,1.0,4.1,455.45,53.71,1
2113,21.41,128.64,6.01,1.0,2.6,434.41,49.58,1
2114,20.78,199.46,6.65,1.0,3.87,452.12,53.06,1
2115,20.65,213.99,6.78,1.0,4.12,455.75,53.77,1
2116,21.4,129.85,6.03,1.0,2.62,434.71,49.64,1
2117,21.12,161.63,6.31,1.0,3.19,442.66,51.2,1
2118,21.27,144.55,6.16,1.0,2.88,438.39,50.36,1
2119,21.07,167.63,6.36,1.0,3.3,444.16,51.5,1
2120,21.18,154.51,6.25,1.0,3.06,440.88,50.85,1
2121,21.26,146.22,6.17,1.0,2.91,438.8,50.44,1
2122,21.22,150.29,6.21,1.0,2.99,439.82,50.64,1
2123,21.34,136.88,6.09,1.0,2.75,436.47,49.99,1
2124,20.98,177.31,6.45,1.0,3.47,446.58,51.97,1
2125,20.53,227.83,6.9,1.0,4.37,459.21,54.45,1
2126,20.85,192.08,6.58,1.0,3.73,450.27,52.7,1
2127,21.27,144.37,6.16,1.0,2.88,438.34,50.35,1
2128,20.58,222.13,6.85,1.0,4.27,457.78,54.17,1
2129,21.12,161.23,6.31,1.0,3.18,442.56,51.18,1
2130,21.22,150.48,6.21,1.0,2.99,439.87,50.65,1
2131,20.88,188.96,6.55,1.0,3.68,449.49,52.54,1
2132,21.21,151.8,6.22,1.0,3.01,440.2,50.72,1
2133,20.5,231.31,6.93,1.0,4.43,460.08,54.62,1
2134,20.95,180.92,6.48,1.0,3.53,447.48,52.15,1
2135,21.27,144.76,6.16,1.0,2.89,438.44,50.37,1
2136,20.67,212.48,6.76,1.0,4.1,455.37,53.7,1
2137,20.77,200.69,6.66,1.0,3.89,452.42,53.12,1
2138,21.39,131.35,6.04,1.0,2.65,435.09,49.71,1
2139,21.11,163.18,6.32,1.0,3.22,443.05,51.28,1
2140,20.56,224.41,6.87,1.0,4.31,458.35,54.28,1
2141,20.79,198.2,6.64,1.0,3.84,451.8,53.0,1
2142,21.05,169.11,6.38,1.0,3.32,444.53,51.57,1
2143,21.09,165.04,6.34,1.0,3.25,443.51,51.37,1
2144,20.78,200.0,6.65,1.0,3.87,452.25,53.08,1
2145,20.53,227.89,6.9,1.0,4.37,459.22,54.45,1
2146,21.06,168.53,6.37,1.0,3.31,444.38,51.54,1
2147,20.6,219.51,6.83,1.0,4.22,457.13,54.04,1
2148,20.52,228.65,6.91,1.0,4.39,459.41,54.49,1
2149,20.95,180.18,6.47,1.0,3.52,447.3,52.11,1
2150,20.58,221.71,6.85,1.0,4.26,457.68,54.15,1
2151,20.75,202.88,6.68,1.0,3.93,452.97,53.23,1
2152,21.2,152.95,6.23,1.0,3.03,440.49,50.77,1
2153,21.32,138.94,6.11,1.0,2.78,436.99,50.09,1
2154,20.66,213.19,6.77,1.0,4.11,455.55,53.73,1
2155,21.0,175.42,6.43,1.0,3.44,446.11,51.88,1
2156,21.05,168.89,6.37,1.0,3.32,444.47,51.56,1
2157,21.13,160.85,6.3,1.0,3.18,442.46,51.16,1
2158,20.99,175.91,6.44,1.0,3.44,446.23,51.9,1
2159,20.54,226.97,6.89,1.0,4.36,458.99,54.41,1
2160,20.56,224.06,6.87,1.0,4.3,458.26,54.27,1
2161,21.4,129.98,6.03,1.0,2.62,434.75,49.65,1
2162,20.74,204.64,6.69,1.0,3.96,453.41,53.31,1
2163,21.26,145.53,6.17,1.0,2.9,438.63,50.41,1
2164,21.41,129.45,6.02,1.0,2.62,434.61,49.62,1
2165,21.22,150.49,6.21,1.0,2.99,439.87,50.65,1
2166,21.01,174.23,6.42,1.0,3.41,445.81,51.82,1
2167,20.83,193.74,6.6,1.0,3.76,450.69,52.78,1
2168,20.78,199.7,6.65,1.0,3.87,452.17,53.07,1
2169,20.63,216.75,6.8,1.0,4.17,456.44,53.91,1
2170,20.84,192.39,6.58,1.0,3.74,450.35,52.71,1
2171,20.67,212.5,6.76,1.0,4.1,455.37,53.7,1
2172,20.62,217.88,6.81,1.0,4.19,456.72,53.96,1
2173,20.66,213.05,6.77,1.0,4.11,455.51,53.73,1
2174,21.41,129.4,6.02,1.0,2.61,434.6,49.62,1
2175,21.14,159.58,6.29,1.0,3.15,442.15,51.1,1
2176,20.8,197.26,6.63,1.0,3.83,451.56,52.95,1
2177,20.69,209.42,6.74,1.0,4.04,454.6,53.55,1
2178,21.01,174.22,6.42,1.0,3.41,445.81,51.82,1
2179,20.64,215.86,6.79,1.0,4.16,456.21,53.86,1
2180,21.09,164.54,6.34,1.0,3.24,443.38,51.34,1
2181,20.95,180.58,6.48,1.0,3.53,447.4,52.13,1
2182,21.35,135.28,6.07,1.0,2.72,436.07,49.91,1
2183,20.71,208.02,6.72,1.0,4.02,454.26,53.48,1
2184,20.76,201.6,6.67,1.0,3.9,452.65,53.16,1
2185,20.55,225.07,6.88,1.0,4.32,458.52,54.32,1
2186,20.81,195.98,6.62,1.0,3.8,451.25,52.89,1
2187,21.29,142.19,6.14,1.0,2.84,437.8,50.25,1
2188,21.2,152.41,6.23,1.0,3.03,440.35,50.75,1
2189,20.98,177.67,6.45,1.0,3.48,446.67,51.99,1
2190,20.52,228.73,6.91,1.0,4.39,459.43,54.5,1
2191,20.62,217.1,6.8,1.0,4.18,456.52,53.92,1
2192,20.81,195.89,6.62,1.0,3.8,451.22,52.88,1
2193,20.82,194.65,6.6,1.0,3.78,450.91,52.82,1
2194,20.76,202.08,6.67,1.0,3.91,452.77,53.19,1
2195,20.79,198.19,6.64,1.0,3.84,451.8,53.0,1
2196,20.56,223.97,6.87,1.0,4.3,458.24,54.26,1
2197,20.71,207.47,6.72,1.0,4.01,454.12,53.45,1
2198,21.22,150.42,6.21,1.0,2.99,439.85,50.65,1
2199,20.68,211.04,6.75,1.0,4.07,455.01,53.63,1
2200,21.26,145.86,6.17,1.0,2.91,438.71,50.43,1
2201,21.13,160.11,6.3,1.0,3.16,442.28,51.13,1
2202,20.52,229.25,6.91,1.0,4.4,459.56,54.52,1
2203,21.27,145.24,6.16,1.0,2.9,438.56,50.4,1
2204,21.33,138.31,6.1,1.0,2.77,436.83,50.06,1
2205,20.68,210.88,6.75,1.0,4.07,454.97,53.62,1
2206,20.69,210.01,6.74,1.0,4.05,454.75,53.58,1
2207,21.24,147.89,6.19,1.0,2.94,439.22,50.53,1
2208,20.52,228.72,6.91,1.0,4.39,459.43,54.5,1
2209,21.33,138.41,6.1,1.0,2.78,436.85,50.06,1
2210,21.26,145.6,6.17,1.0,2.9,438.65,50.41,1
2211,21.08,166.49,6.35,1.0,3.28,443.87,51.44,1
2212,21.28,144.05,6.15,1.0,2.88,438.26,50.34,1
2213,21.02,172.82,6.41,1.0,3.39,445.46,51.75,1
2214,20.89,186.78,6.53,1.0,3.64,448.95,52.44,1
2215,20.61,218.71,6.82,1.0,4.21,456.93,54.0,1
2216,21.21,151.26,6.22,1.0,3.0,440.07,50.69,1
2217,21.34,136.65,6.09,1.0,2.74,436.41,49.97,1
2218,20.46,235.32,6.97,1.0,4.51,461.08,54.82,1
2219,20.6,219.85,6.83,1.0,4.23,457.21,54.06,1
2220,21.3,141.84,6.13,1.0,2.84,437.71,50.23,1
2221,21.37,133.24,6.06,1.0,2.68,435.56,49.81,1
2222,20.96,179.34,6.47,1.0,3.51,447.09,52.07,1
2223,21.33,138.46,6.1,1.0,2.78,436.87,50.06,1
2224,21.28,143.4,6.15,1.0,2.86,438.1,50.31,1
2225,20.66,212.84,6.77,1.0,4.1,455.46,53.72,1
2226,21.17,156.47,6.26,1.0,3.1,441.37,50.95,1
2227,21.2,152.41,6.23,1.0,3.03,440.35,50.75,1
2228,21.35,136.15,6.08,1.0,2.73,436.29,49.95,1
2229,21.33,137.71,6.1,1.0,2.76,436.68,50.03,1
2230,20.44,237.69,6.99,1.0,4.55,461.67,54.94,1
2231,21.37,134.01,6.06,1.0,2.7,435.75,49.84,1
2232,20.53,227.15,6.89,1.0,4.36,459.04,54.42,1
2233,21.39,131.08,6.04,1.0,2.64,435.02,49.7,1
2234,20.7,208.3,6.73,1.0,4.02,454.33,53.49,1
2235,20.51,229.67,6.92,1.0,4.4,459.67,54.54,1
2236,20.88,188.01,6.54,1.0,3.66,449.25,52.5,1
2237,20.8,197.81,6.63,1.0,3.84,451.7,52.98,1
2238,20.54,226.65,6.89,1.0,4.35,458.91,54.39,1
2239,21.09,165.36,6.34,1.0,3.26,443.59,51.38,1
