,nuc,arexp,ent,ndev,age,asexp,la,ld,target
0,0.75,1.0,0.79,0.25,0.0,0.5,140.0,16.0,True
1,1.0,4.0,1.0,0.5,18.0,3.0,6.0,76.0,False
2,0.5,15.0,1.0,0.5,12.0,12.0,61.0,84.0,False
3,3.0,23.0,1.1,0.5,0.0,0.12,153.0,258.0,True
4,2.5,13.0,1.71,0.5,0.0,12.0,233.0,106.0,True
5,1.0,15.0,1.46,0.33,24.0,14.0,58.0,41.0,True
6,9.8,43.0,1.46,0.6,0.0,39.0,53.0,36.0,True
7,3.0,49.0,1.0,1.5,0.0,45.0,61.0,84.0,True
8,1.0,71.0,0.88,1.0,1.5,0.13,62.0,1.0,True
9,4.33,99.0,1.27,0.67,4.33,0.63,71.0,23.0,True
10,13.0,100.0,0.0,3.0,4.0,79.0,266.0,256.0,True
11,10.67,106.0,1.43,1.0,2.0,85.0,13.0,93.0,True
12,8.0,119.0,0.81,1.5,7.0,0.13,49.0,16.0,True
13,14.0,121.0,0.66,1.0,4.33,0.13,199.0,197.0,True
14,13.5,123.0,0.96,1.5,0.0,96.0,21.0,0.0,True
15,14.5,125.0,1.32,0.75,5.75,98.0,76.0,29.0,True
16,6.5,133.0,0.86,0.75,5.5,0.12,360.0,99.0,True
17,0.5,145.0,0.87,0.5,23.0,114.0,77.0,185.0,False
18,3.67,154.0,1.26,0.5,0.0,0.13,158.0,192.0,True
19,10.0,166.0,0.82,1.0,12.0,0.13,208.0,21.0,True
20,13.5,184.0,1.0,1.5,15.5,147.0,2.0,70.0,True
21,4.5,185.0,0.93,1.5,15.5,148.0,11.0,125.0,False
22,2.0,196.0,1.55,0.6,27.8,157.0,52.0,211.0,True
23,3.5,197.0,0.69,1.0,0.0,158.0,32.0,49.0,True
24,23.0,199.0,1.0,1.5,3.0,160.0,8.0,2.0,True
25,0.0,213.0,0.96,0.0,0.0,0.13,31.0,10.0,True
26,0.75,224.0,1.54,0.25,0.0,175.0,57.0,81.0,True
27,0.33,229.0,1.27,0.33,0.0,180.0,11.0,18.0,True
28,1.5,231.0,1.0,0.5,0.0,182.0,11.0,13.0,True
29,2.0,232.0,0.58,0.33,0.0,183.0,42.0,84.0,True
30,6.0,242.0,0.96,0.33,1.67,0.13,18.0,3.0,True
31,0.67,246.0,1.19,0.17,0.5,0.13,68.0,53.0,True
32,5.5,253.0,1.0,0.5,1.0,0.13,33.0,8.0,True
33,4.33,256.0,1.2,0.33,1.67,203.0,12.0,4.0,True
34,2.5,258.0,1.34,0.17,2.67,204.0,91.0,86.0,True
35,8.75,270.0,1.05,0.25,0.75,212.0,75.0,180.0,True
36,6.67,271.0,0.73,0.33,0.0,0.13,27.0,32.0,True
37,11.4,280.0,1.53,0.2,1.2,0.13,156.0,194.0,True
38,11.33,289.0,0.79,0.33,0.0,228.0,55.0,89.0,True
39,6.0,293.0,2.06,0.22,7.44,0.02,225.0,83.0,True
40,0.0,317.0,0.47,0.0,0.0,0.25,483.0,0.0,True
41,5.6,327.0,1.48,0.2,6.2,257.0,106.0,271.0,False
42,9.6,337.0,1.43,0.2,8.8,267.0,26.0,28.0,False
43,17.29,338.0,1.23,0.29,0.0,0.75,3.0,356.0,True
44,12.62,341.0,1.17,0.12,1.75,0.13,107.0,133.0,True
45,16.29,344.0,1.25,0.29,1.0,0.75,90.0,99.0,True
46,7.57,346.0,1.88,0.14,2.57,276.0,57.0,101.0,True
47,24.5,347.0,1.0,0.5,13.5,277.0,9.0,32.0,True
48,9.0,348.0,1.79,0.25,13.88,0.39,60.0,244.0,True
49,4.33,352.0,0.8,0.33,13.33,0.13,93.0,15.0,True
50,6.0,365.0,1.2,0.33,2.33,0.13,70.0,33.0,True
51,15.0,369.0,1.0,1.0,7.0,18.0,10.0,6.0,True
52,20.67,376.0,1.53,0.67,1.67,0.39,14.0,5.0,True
53,12.09,378.0,1.84,0.18,5.91,0.01,144.0,210.0,True
54,23.25,383.0,1.65,0.5,0.5,308.0,167.0,56.0,True
55,12.83,385.0,2.15,0.33,0.0,310.0,146.0,145.0,True
56,14.5,388.0,1.26,0.67,33.17,0.33,0.0,243.0,False
57,26.5,406.0,1.0,0.5,1.0,0.13,50.0,4.0,True
58,18.86,414.0,1.44,0.43,4.29,0.02,349.0,242.0,True
59,5.57,418.0,1.75,0.14,5.71,338.0,289.0,333.0,False
60,10.0,420.0,0.91,0.5,0.0,340.0,196.0,32.0,True
61,19.25,422.0,0.48,0.75,1.5,0.39,52.0,74.0,True
62,19.33,423.0,2.05,0.5,9.33,0.39,126.0,21.0,True
63,9.0,441.0,1.4,0.25,3.0,360.0,42.0,60.0,True
64,10.75,454.0,1.66,0.75,2.75,0.75,47.0,4.0,True
65,9.0,463.0,1.27,0.33,4.0,379.0,63.0,133.0,True
66,28.0,473.0,1.33,0.33,3.5,0.13,119.0,120.0,True
67,31.33,16.0,1.38,1.0,5.0,0.69,45.0,2.0,True
68,3.8,18.0,1.87,0.4,0.0,8.0,75.0,119.0,True
69,14.33,489.0,1.54,0.33,4.67,0.13,58.0,2.0,True
70,17.33,500.0,1.25,0.67,19.0,0.13,27.0,9.0,True
71,27.0,501.0,2.11,0.5,6.5,0.39,151.0,59.0,True
72,5.0,525.0,1.97,0.33,7.17,0.13,124.0,22.0,True
73,41.75,543.0,0.85,1.0,2.75,0.02,125.0,21.0,True
74,39.0,544.0,1.06,1.0,3.0,0.39,9.0,7.0,True
75,0.0,33.0,0.61,0.0,0.0,0.0,191.0,0.0,True
76,4.8,570.0,1.89,0.2,23.2,0.25,93.0,125.0,True
77,0.17,37.0,1.82,0.17,1.0,1.0,368.0,191.0,True
78,14.0,574.0,0.99,1.0,6.0,471.0,108.0,13.0,True
79,47.5,589.0,1.71,0.67,16.17,0.75,63.0,63.0,True
80,26.67,624.0,1.05,1.0,0.0,516.0,52.0,82.0,True
81,24.6,631.0,1.66,0.6,1.0,0.12,32.0,96.0,True
82,0.0,45.0,0.63,0.0,0.0,0.94,266.0,0.0,True
83,42.1,670.0,1.66,0.5,9.6,0.25,275.0,15.0,True
84,32.0,700.0,1.64,0.75,0.0,0.13,112.0,41.0,True
85,49.0,706.0,1.47,0.8,5.2,0.13,61.0,32.0,True
86,15.33,719.0,1.15,0.33,9.67,602.0,117.0,116.0,True
87,20.33,720.0,1.6,0.5,7.33,0.13,245.0,259.0,True
88,0.0,61.0,0.68,0.0,0.0,0.94,235.0,0.0,True
89,1.5,63.0,0.99,0.5,20.0,26.0,79.0,42.0,True
90,12.0,64.0,1.98,0.33,19.33,0.39,246.0,2.0,True
91,57.5,769.0,0.86,1.5,16.0,0.12,31.0,61.0,False
92,9.5,8.0,1.88,0.25,22.25,3.0,145.0,32.0,True
93,33.56,832.0,1.83,0.44,10.22,0.01,295.0,139.0,True
94,64.5,843.0,1.4,1.0,2.0,0.12,73.0,28.0,True
95,37.43,848.0,1.61,0.57,14.0,0.13,198.0,40.0,True
96,69.0,856.0,1.11,1.33,1.33,0.12,40.0,40.0,True
97,60.67,881.0,0.79,1.67,2.33,0.75,96.0,68.0,True
98,14.5,922.0,1.62,0.75,10.75,0.06,156.0,9.0,True
99,0.0,0.0,1.36,0.0,0.0,0.0,426.0,0.0,True
100,59.17,12.0,1.66,1.0,3.5,0.06,51.0,23.0,True
101,12.67,124.0,1.03,1.33,19.67,0.94,211.0,248.0,False
102,0.0,127.0,0.75,0.0,0.0,0.94,257.0,0.0,True
103,39.0,157.0,1.25,1.0,10.33,0.38,10.0,2.0,True
104,28.33,4.0,1.12,1.33,5.33,0.0,44.0,8.0,True
105,15.33,169.0,1.46,1.67,9.33,0.38,12.0,1.0,True
106,22.0,171.0,1.0,1.0,13.0,71.0,16.0,3.0,True
107,5.0,34.0,1.23,0.67,0.0,0.04,124.0,0.0,True
108,29.0,39.0,1.34,0.75,10.75,0.29,37.0,15.0,True
109,4.25,184.0,1.62,0.5,9.5,73.0,67.0,8.0,True
110,41.67,46.0,1.12,1.33,0.0,0.2,198.0,196.0,True
111,31.5,6.0,1.34,1.0,6.5,0.03,83.0,22.0,True
112,5.5,60.0,0.98,0.5,6.0,0.2,59.0,12.0,True
113,10.4,62.0,1.46,0.6,1.6,0.2,175.0,21.0,True
114,27.0,188.0,1.26,1.67,2.0,12.0,203.0,7.0,True
115,28.57,1086.0,1.43,0.57,13.43,0.02,191.0,110.0,True
116,2.5,8.0,0.94,1.0,8.5,0.04,68.0,6.0,True
117,52.29,67.0,1.99,0.86,6.14,0.2,148.0,18.0,True
118,37.0,70.0,1.49,1.0,1.75,0.2,297.0,15.0,True
119,0.5,75.0,0.51,0.5,14.5,29.0,119.0,4.0,False
120,4.14,10.0,1.74,0.57,7.71,0.42,304.0,435.0,True
121,6.5,216.0,0.79,1.5,20.0,0.69,42.0,0.0,False
122,6.0,217.0,0.67,0.75,10.0,0.69,116.0,99.0,True
123,8.33,218.0,1.43,1.0,0.0,0.69,51.0,18.0,True
124,12.0,219.0,1.38,1.0,6.33,0.39,107.0,2.0,True
125,12.0,222.0,1.0,1.5,0.0,0.74,1.0,3.0,True
126,39.6,143.0,0.66,1.0,7.0,0.04,45.0,316.0,True
127,11.09,15.0,1.59,0.36,20.0,0.16,283.0,386.0,True
128,11.0,153.0,1.95,0.6,37.2,0.2,211.0,123.0,True
129,15.33,240.0,1.05,1.33,10.33,0.69,0.0,67.0,False
130,9.5,1097.0,1.45,0.38,1.62,0.13,197.0,81.0,True
131,139.5,175.0,0.9,3.0,1.5,140.0,83.0,48.0,True
132,40.5,196.0,0.99,2.5,1.0,0.2,15.0,8.0,True
133,15.33,197.0,1.34,1.33,3.67,159.0,63.0,3.0,True
134,3.2,1157.0,1.47,0.4,12.2,0.13,296.0,81.0,True
135,107.33,207.0,1.12,2.0,4.33,0.06,18.0,0.0,True
136,146.67,209.0,0.46,2.0,5.0,168.0,94.0,46.0,True
137,76.4,219.0,1.46,1.0,10.6,0.5,29.0,0.0,True
138,48.0,265.5,0.5,1.25,5.75,44.0,12.0,121.0,False
139,31.33,281.5,1.51,1.33,25.0,0.69,114.0,3.0,True
140,50.0,284.5,0.92,2.5,0.0,0.69,2.0,7.0,True
141,30.0,237.0,2.05,0.67,4.83,0.2,186.0,9.0,True
142,125.5,243.0,0.38,3.0,14.5,0.2,87.0,75.0,False
143,72.33,255.0,1.32,1.67,0.0,0.2,50.0,0.0,True
144,56.0,293.0,1.4,1.67,10.67,138.0,16.0,22.0,True
145,20.4,297.0,1.7,0.8,12.2,0.27,127.0,10.0,True
146,3.0,304.5,0.55,0.67,7.0,0.39,95.0,29.0,False
147,61.67,305.5,1.23,1.67,5.67,146.0,67.0,57.0,False
148,148.0,259.0,1.08,2.0,4.67,0.29,36.0,3.0,True
149,0.5,321.0,0.87,0.5,0.0,0.69,123.0,50.0,True
150,6.33,337.5,1.36,0.33,0.0,0.74,14.0,5.0,True
151,59.25,277.0,1.39,1.5,0.0,210.0,101.0,9.0,True
152,114.0,285.0,1.47,2.0,0.0,216.0,175.0,25.0,True
153,92.17,288.0,1.5,1.0,0.0,0.2,102.0,95.0,True
154,131.33,291.0,1.17,2.0,9.33,222.0,13.0,25.0,False
155,9.25,345.5,1.59,0.5,8.5,0.74,41.0,4.0,True
156,74.75,303.0,1.4,1.5,5.5,228.0,20.0,51.0,False
157,7.8,306.0,2.03,0.3,15.7,0.2,187.0,4.0,True
158,6.33,327.0,1.78,0.33,0.0,115.0,116.0,71.0,True
159,56.6,352.0,1.82,1.0,9.0,175.0,84.0,109.0,True
160,0.75,359.0,1.59,0.25,1.0,8.0,270.0,95.0,True
161,26.33,365.5,1.22,1.33,5.0,0.74,75.0,27.0,False
162,11.0,378.0,1.76,0.6,10.6,0.74,197.0,1.0,True
163,137.33,122.0,0.97,2.67,0.67,66.0,160.0,17.0,True
164,39.25,126.0,1.47,1.25,11.25,70.0,53.0,5.0,True
165,12.5,404.5,1.39,0.75,1.5,201.0,128.0,1.0,True
166,18.67,405.5,0.85,1.0,7.0,209.0,81.0,1.0,True
167,1.14,361.5,2.03,0.14,11.71,0.0,201.0,14.0,True
168,21.67,422.5,1.22,0.67,0.0,0.74,9.0,36.0,True
169,30.0,427.5,1.0,1.5,0.5,225.0,35.0,5.0,True
170,0.83,361.5,2.0,0.17,2.0,5.0,196.0,27.0,True
171,3.0,369.0,0.96,0.5,0.25,9.0,58.0,7.0,True
172,3.33,371.0,0.77,0.67,0.0,11.0,50.0,56.0,True
173,32.0,446.0,0.73,1.0,1.0,0.74,45.0,9.0,True
174,12.0,178.0,0.8,2.0,11.33,0.23,49.0,13.0,True
175,23.0,470.5,0.98,1.5,0.0,0.74,34.0,15.0,True
176,27.0,4.0,1.14,1.4,12.8,1.56,179.0,13.0,False
177,50.33,372.0,1.12,2.67,23.0,275.0,24.0,44.0,False
178,86.8,47.0,1.52,1.6,34.4,36.0,115.0,185.0,True
179,5.5,143.0,1.79,0.75,2.0,95.0,64.0,69.0,True
180,237.75,189.0,1.56,2.0,0.0,1.66,349.0,0.0,True
181,228.71,191.0,0.98,1.43,8.0,0.87,289.0,268.0,False
182,231.43,203.0,0.98,1.43,2.29,0.87,290.0,269.0,True
183,14.0,204.0,0.99,2.0,7.0,55.0,0.0,391.0,True
184,324.57,3.0,1.31,1.57,15.29,1.75,158.0,19.0,False
185,206.33,8.0,1.22,1.83,0.67,8.0,154.0,17.0,True
186,77.5,30.0,1.03,2.25,9.25,1.07,102.0,103.0,False
187,233.33,17.0,1.06,1.5,23.0,1.48,179.0,119.0,False
188,226.88,251.0,1.54,1.38,39.75,1.26,453.0,143.0,False
189,257.0,261.0,1.78,1.8,8.0,1.66,106.0,52.0,True
190,44.67,291.0,1.44,2.33,0.0,196.0,7.0,11.0,True
191,54.5,450.0,1.1,1.25,3.0,271.0,34.0,145.0,True
192,44.7,300.5,2.07,0.9,4.9,0.02,144.0,47.0,True
193,15.0,1.0,1.03,2.0,48.33,1.0,291.0,206.0,False
194,132.0,430.17,0.93,3.5,1.0,0.05,73.0,0.0,True
195,204.25,11.0,1.59,1.5,8.62,11.0,256.0,59.0,True
196,184.22,13.0,1.61,1.44,8.44,1.0,257.0,59.0,True
197,18.0,341.0,1.43,1.67,12.67,79.0,35.0,2.0,True
198,42.0,373.5,0.84,2.5,16.0,261.0,37.0,0.0,False
199,20.67,418.0,1.09,2.0,19.0,277.0,35.0,11.0,True
200,124.5,349.5,1.27,1.83,26.0,0.74,62.0,1.0,True
201,185.0,735.5,1.76,1.08,18.0,0.88,357.0,217.0,False
202,291.38,214.0,1.24,1.88,26.25,1.99,94.0,144.0,False
203,157.5,340.83,1.22,3.5,18.25,0.74,160.0,119.0,False
204,0.0,341.83,0.9,0.0,0.0,289.0,182.0,0.0,True
205,4.67,500.0,1.45,1.0,15.67,0.19,76.0,5.0,True
206,246.0,345.25,1.09,4.0,7.75,293.0,283.0,85.0,False
207,424.2,230.5,1.51,3.0,15.6,1.0,255.0,157.0,True
208,59.57,758.0,1.72,2.0,1.29,0.98,73.0,69.0,True
209,2.5,43.0,0.98,1.5,0.0,11.0,129.0,96.0,True
210,0.0,666.0,0.7,0.0,0.0,59.0,180.0,0.0,True
211,37.64,670.0,1.6,1.27,0.0,61.0,208.0,0.0,True
212,60.6,652.33,1.8,2.2,16.0,0.08,482.0,31.0,True
213,0.0,99.0,1.63,0.0,0.0,0.0,106.0,0.0,True
214,124.25,303.0,0.36,3.5,10.0,83.0,91.0,103.0,True
215,90.0,312.0,1.41,3.75,13.25,89.0,38.0,50.0,False
216,13.5,660.0,1.54,1.5,12.25,0.19,98.0,66.0,True
217,8.25,315.0,1.58,0.75,4.75,91.0,46.0,3.0,True
218,17.33,649.42,0.53,2.0,15.67,448.0,147.0,53.0,False
219,24.67,658.33,1.21,2.0,3.67,462.0,85.0,50.0,True
220,24.67,658.33,1.18,2.0,3.67,462.0,109.0,51.0,True
221,66.14,756.92,1.85,2.57,8.86,0.06,48.0,162.0,True
222,54.78,749.75,2.12,2.0,9.89,0.06,105.0,184.0,True
223,10.43,389.5,1.47,0.86,3.0,4.0,22.0,21.0,True
224,1.33,570.0,1.14,0.67,36.67,4.0,79.0,57.0,False
225,118.75,666.5,1.69,4.75,2.75,0.0,115.0,151.0,True
226,5.0,100.5,0.59,2.0,21.5,1.02,106.0,0.0,False
227,21.6,761.5,2.21,2.4,5.0,0.0,203.0,196.0,True
228,0.0,153.0,1.57,0.0,0.0,45.0,133.0,0.0,True
229,17.67,210.0,1.15,3.67,13.67,70.0,7.0,7.0,True
230,26.25,213.0,0.93,3.75,10.0,0.23,129.0,64.0,False
231,0.0,225.0,0.93,0.0,0.0,0.75,214.0,0.0,True
232,23.0,45.0,0.98,3.5,17.5,20.0,32.0,15.0,True
233,1.25,10.0,1.17,0.75,0.0,0.59,342.0,59.0,True
234,0.0,12.0,0.98,0.0,0.0,0.59,412.0,0.0,True
235,0.0,12.0,0.98,0.0,0.0,0.59,412.0,0.0,True
236,2.0,14.0,0.78,0.5,2.0,0.59,109.0,41.0,True
237,117.9,311.5,1.9,2.19,27.48,0.98,294.0,209.0,True
238,7.5,117.12,0.38,3.0,5.0,1.07,124.0,0.0,False
239,11.0,316.5,1.0,5.0,17.0,51.0,65.0,72.0,False
240,8.76,246.84,1.71,0.5,8.91,58.61,83.65,18.11,True
241,25.38,478.39,2.08,0.5,6.71,5.57,145.01,55.36,True
242,21.38,422.7,1.99,0.5,7.24,18.32,130.25,46.4,True
243,23.66,454.51,2.04,0.5,6.94,11.04,138.68,51.52,True
244,14.12,321.57,1.83,0.5,8.2,41.49,103.45,30.13,True
245,9.71,260.07,1.74,0.5,8.78,55.58,87.16,20.24,True
246,17.57,369.64,1.91,0.5,7.74,30.48,116.19,37.87,True
247,11.33,282.69,1.77,0.5,8.57,50.39,93.15,23.88,True
248,6.85,220.25,1.67,0.5,9.16,64.7,76.61,13.83,True
249,25.01,473.25,2.07,0.5,6.76,6.75,143.65,54.54,True
250,20.76,414.06,1.98,0.5,7.32,20.3,127.96,45.01,True
251,23.21,448.14,2.03,0.5,7.0,12.5,136.99,50.5,True
252,19.17,391.83,1.94,0.5,7.53,25.39,122.07,41.44,True
253,23.48,451.91,2.04,0.5,6.96,11.63,137.99,51.1,True
254,26.5,493.96,2.1,0.5,6.57,2.0,149.14,57.87,True
255,20.75,413.95,1.98,0.5,7.32,20.33,127.93,44.99,True
256,12.4,297.52,1.79,0.5,8.43,47.0,97.08,26.26,True
257,5.59,202.62,1.64,0.5,9.32,68.73,71.94,11.0,True
258,19.7,399.31,1.95,0.5,7.46,23.68,124.05,42.64,True
259,12.6,300.41,1.8,0.5,8.4,46.33,97.85,26.73,True
260,13.24,309.29,1.81,0.5,8.31,44.3,100.2,28.16,True
261,15.54,341.34,1.86,0.5,8.01,36.96,108.69,33.31,True
262,7.06,223.1,1.68,0.5,9.13,64.04,77.36,14.29,True
263,5.65,203.46,1.65,0.5,9.32,68.54,72.16,11.13,True
264,17.09,362.98,1.9,0.5,7.81,32.0,114.43,36.79,True
265,21.41,423.14,1.99,0.5,7.24,18.22,130.37,46.47,True
266,10.68,273.6,1.76,0.5,8.65,52.48,90.74,22.41,True
267,16.61,356.25,1.89,0.5,7.87,33.55,112.64,35.71,True
268,19.01,389.6,1.94,0.5,7.55,25.91,121.48,41.08,True
269,5.6,202.81,1.65,0.5,9.32,68.69,71.98,11.03,True
270,4.65,189.59,1.62,0.5,9.45,71.72,68.48,8.9,True
271,8.77,247.03,1.71,0.5,8.9,58.56,83.7,18.14,True
272,4.42,186.36,1.62,0.5,9.48,72.46,67.63,8.38,True
273,13.53,313.24,1.82,0.5,8.28,43.4,101.25,28.79,True
274,14.99,333.6,1.85,0.5,8.08,38.73,106.64,32.07,True
275,16.47,354.33,1.88,0.5,7.89,33.98,112.14,35.4,True
276,5.2,197.27,1.64,0.5,9.37,69.96,70.52,10.13,True
277,6.32,212.9,1.66,0.5,9.23,66.38,74.66,12.65,True
278,21.82,428.85,2.0,0.5,7.18,16.92,131.88,47.39,True
279,14.19,322.45,1.83,0.5,8.19,41.29,103.69,30.28,True
280,20.3,407.65,1.97,0.5,7.38,21.77,126.26,43.98,True
281,13.91,318.66,1.83,0.5,8.23,42.16,102.68,29.66,True
282,18.95,388.82,1.94,0.5,7.56,26.08,121.27,40.95,True
283,16.59,355.9,1.89,0.5,7.87,33.62,112.55,35.66,True
284,23.32,449.76,2.03,0.5,6.98,12.13,137.42,50.76,True
285,21.91,430.06,2.0,0.5,7.17,16.64,132.2,47.59,True
286,25.66,482.29,2.08,0.5,6.68,4.68,146.04,55.99,True
287,4.35,185.38,1.62,0.5,9.49,72.68,67.37,8.22,True
288,26.76,497.65,2.11,0.5,6.53,1.16,150.11,58.46,True
289,8.05,236.91,1.7,0.5,9.0,60.88,81.02,16.51,True
290,4.59,188.72,1.62,0.5,9.46,71.92,68.25,8.76,True
291,16.41,353.44,1.88,0.5,7.9,34.19,111.9,35.26,True
292,17.91,374.36,1.91,0.5,7.7,29.4,117.44,38.63,True
293,19.77,400.19,1.96,0.5,7.45,23.48,124.29,42.78,True
294,18.01,375.79,1.92,0.5,7.68,29.07,117.82,38.86,True
295,13.28,309.78,1.81,0.5,8.31,44.19,100.33,28.24,True
296,10.93,277.14,1.76,0.5,8.62,51.67,91.68,22.98,True
297,6.48,215.07,1.66,0.5,9.21,65.88,75.23,13.0,True
298,9.14,252.16,1.72,0.5,8.85,57.39,85.06,18.97,True
299,22.86,443.27,2.02,0.5,7.05,13.61,135.7,49.71,True
300,20.78,414.27,1.98,0.5,7.32,20.25,128.02,45.05,True
301,15.17,336.22,1.85,0.5,8.06,38.13,107.34,32.49,True
302,23.59,453.52,2.04,0.5,6.95,11.27,138.42,51.36,True
303,10.6,272.51,1.75,0.5,8.66,52.73,90.45,22.24,True
304,22.94,444.4,2.02,0.5,7.04,13.35,136.0,49.89,True
305,12.02,292.25,1.79,0.5,8.48,48.2,95.69,25.42,True
306,11.63,286.8,1.78,0.5,8.53,49.45,94.24,24.54,True
307,4.54,188.09,1.62,0.5,9.46,72.06,68.08,8.66,True
308,17.81,372.9,1.91,0.5,7.71,29.73,117.05,38.39,True
309,14.08,320.92,1.83,0.5,8.2,41.64,103.28,30.03,True
310,11.12,279.77,1.77,0.5,8.59,51.06,92.38,23.41,True
311,11.18,280.5,1.77,0.5,8.59,50.9,92.57,23.53,True
312,26.02,487.33,2.09,0.5,6.63,3.52,147.38,56.8,True
313,13.47,312.5,1.82,0.5,8.28,43.57,101.05,28.67,True
314,21.72,427.41,2.0,0.5,7.2,17.25,131.5,47.16,True
315,26.14,488.97,2.09,0.5,6.61,3.14,147.81,57.06,True
316,20.59,411.73,1.97,0.5,7.34,20.84,127.35,44.64,True
317,5.16,196.7,1.64,0.5,9.38,70.09,70.37,10.04,True
318,7.3,226.49,1.68,0.5,9.1,63.27,78.26,14.84,True
319,12.48,298.72,1.8,0.5,8.41,46.72,97.4,26.46,True
320,19.1,390.86,1.94,0.5,7.54,25.62,121.82,41.28,True
321,10.02,264.45,1.74,0.5,8.74,54.57,88.32,20.94,True
322,6.62,217.03,1.67,0.5,9.19,65.43,75.75,13.31,True
323,17.68,371.18,1.91,0.5,7.73,30.13,116.6,38.11,True
324,9.79,261.26,1.74,0.5,8.77,55.3,87.47,20.43,True
325,5.15,196.58,1.64,0.5,9.38,70.12,70.33,10.02,True
326,6.12,210.08,1.66,0.5,9.25,67.03,73.91,12.2,True
327,21.89,429.81,2.0,0.5,7.17,16.7,132.14,47.55,True
328,24.8,470.31,2.07,0.5,6.79,7.42,142.87,54.06,True
329,18.74,385.89,1.93,0.5,7.59,26.76,120.5,40.48,True
330,22.77,442.04,2.02,0.5,7.06,13.89,135.38,49.51,True
331,8.91,248.99,1.72,0.5,8.88,58.11,84.22,18.46,True
332,6.59,216.59,1.67,0.5,9.19,65.54,75.64,13.24,True
333,24.57,467.18,2.06,0.5,6.82,8.14,142.04,53.56,True
334,8.06,237.12,1.7,0.5,9.0,60.83,81.07,16.55,True
335,4.97,194.05,1.63,0.5,9.4,70.7,69.66,9.62,True
336,4.74,190.89,1.63,0.5,9.43,71.42,68.82,9.11,True
337,10.06,265.01,1.74,0.5,8.73,54.44,88.47,21.03,True
338,12.91,304.7,1.81,0.5,8.36,45.35,98.98,27.42,True
339,9.19,252.81,1.72,0.5,8.85,57.24,85.23,19.07,True
340,20.35,408.37,1.97,0.5,7.38,21.61,126.45,44.1,True
341,7.52,229.54,1.69,0.5,9.07,62.57,79.07,15.33,True
342,9.03,250.55,1.72,0.5,8.87,57.76,84.63,18.71,True
343,5.37,199.66,1.64,0.5,9.35,69.41,71.15,10.52,True
344,6.47,214.94,1.66,0.5,9.21,65.91,75.2,12.98,True
345,4.27,184.32,1.62,0.5,9.5,72.93,67.09,8.05,True
346,19.59,397.77,1.95,0.5,7.48,24.03,123.65,42.39,True
347,10.74,274.41,1.76,0.5,8.64,52.29,90.96,22.55,True
348,4.97,194.01,1.63,0.5,9.41,70.71,69.65,9.61,True
349,5.82,205.85,1.65,0.5,9.29,68.0,72.79,11.51,True
350,16.4,353.33,1.88,0.5,7.9,34.21,111.87,35.24,True
351,12.77,302.67,1.8,0.5,8.38,45.82,98.44,27.09,True
352,19.5,396.5,1.95,0.5,7.49,24.32,123.31,42.19,True
353,23.24,448.63,2.03,0.5,7.0,12.39,137.12,50.57,True
354,26.17,489.38,2.1,0.5,6.61,3.05,147.92,57.13,True
355,16.12,349.43,1.88,0.5,7.93,35.11,110.84,34.62,True
356,26.92,499.93,2.11,0.5,6.51,0.63,150.72,58.83,True
357,8.26,239.93,1.7,0.5,8.97,60.19,81.82,17.0,True
358,12.69,301.55,1.8,0.5,8.39,46.07,98.15,26.91,True
359,25.43,479.19,2.08,0.5,6.71,5.39,145.22,55.49,True
360,5.04,194.95,1.63,0.5,9.4,70.49,69.9,9.76,True
361,24.5,466.19,2.06,0.5,6.83,8.36,141.78,53.4,True
362,23.39,450.73,2.03,0.5,6.98,11.9,137.68,50.91,True
363,9.0,250.14,1.72,0.5,8.87,57.85,84.53,18.64,True
364,14.56,327.61,1.84,0.5,8.14,40.11,105.05,31.1,True
365,14.62,328.55,1.84,0.5,8.13,39.89,105.3,31.26,True
366,11.75,288.57,1.78,0.5,8.51,49.05,94.71,24.82,True
367,19.66,398.77,1.95,0.5,7.47,23.8,123.91,42.55,True
368,10.25,267.66,1.75,0.5,8.71,53.84,89.17,21.46,True
369,20.28,407.4,1.97,0.5,7.39,21.83,126.2,43.94,True
370,5.56,202.25,1.64,0.5,9.33,68.82,71.84,10.94,True
371,4.78,191.43,1.63,0.5,9.43,71.3,68.97,9.2,True
372,5.51,201.56,1.64,0.5,9.33,68.98,71.65,10.82,True
373,17.48,368.4,1.91,0.5,7.75,30.76,115.86,37.67,True
374,11.39,283.47,1.77,0.5,8.56,50.21,93.36,24.0,True
375,15.94,346.88,1.87,0.5,7.96,35.69,110.16,34.2,True
376,5.78,205.28,1.65,0.5,9.3,68.13,72.64,11.42,True
377,14.05,320.59,1.83,0.5,8.21,41.71,103.19,29.98,True
378,20.15,405.62,1.96,0.5,7.4,22.24,125.73,43.65,True
379,14.79,330.88,1.85,0.5,8.11,39.36,105.92,31.63,True
380,26.58,495.13,2.1,0.5,6.56,1.73,149.45,58.06,True
381,4.58,188.63,1.62,0.5,9.46,71.94,68.23,8.74,True
382,4.7,190.23,1.63,0.5,9.44,71.57,68.65,9.0,True
383,17.64,370.51,1.91,0.5,7.73,30.28,116.42,38.01,True
384,13.56,313.7,1.82,0.5,8.27,43.29,101.37,28.87,True
385,23.48,451.92,2.04,0.5,6.96,11.63,137.99,51.1,True
386,22.91,444.03,2.02,0.5,7.04,13.44,135.9,49.83,True
387,15.23,336.97,1.86,0.5,8.05,37.96,107.54,32.61,True
388,22.24,434.62,2.01,0.5,7.13,15.59,133.41,48.32,True
389,12.81,303.32,1.8,0.5,8.37,45.67,98.62,27.2,True
390,19.47,396.07,1.95,0.5,7.49,24.42,123.19,42.12,True
391,13.36,310.88,1.81,0.5,8.3,43.94,100.62,28.41,True
392,26.58,495.2,2.1,0.5,6.55,1.72,149.46,58.07,True
393,4.39,185.99,1.62,0.5,9.48,72.54,67.53,8.32,True
394,23.21,448.26,2.03,0.5,7.0,12.47,137.02,50.51,True
395,6.71,218.24,1.67,0.5,9.18,65.16,76.07,13.51,True
396,13.22,308.93,1.81,0.5,8.32,44.38,100.1,28.1,True
397,15.08,334.87,1.85,0.5,8.07,38.44,106.98,32.27,True
398,18.82,386.95,1.93,0.5,7.58,26.51,120.78,40.65,True
399,10.31,268.5,1.75,0.5,8.7,53.65,89.39,21.59,True
400,8.22,239.25,1.7,0.5,8.98,60.34,81.64,16.89,True
401,10.28,267.99,1.75,0.5,8.71,53.76,89.26,21.51,True
402,9.72,260.19,1.74,0.5,8.78,55.55,87.19,20.26,True
403,21.43,423.36,1.99,0.5,7.23,18.17,130.43,46.51,True
404,14.69,329.54,1.84,0.5,8.12,39.66,105.57,31.42,True
405,18.67,385.0,1.93,0.5,7.6,26.96,120.26,40.34,True
406,14.36,324.84,1.84,0.5,8.17,40.74,104.32,30.66,True
407,16.97,361.22,1.89,0.5,7.82,32.41,113.96,36.51,True
408,25.89,485.55,2.09,0.5,6.65,3.93,146.91,56.52,True
409,15.64,342.67,1.86,0.5,8.0,36.66,109.04,33.53,True
410,15.48,340.43,1.86,0.5,8.02,37.17,108.45,33.17,True
411,18.22,378.59,1.92,0.5,7.66,28.43,118.56,39.31,True
412,14.05,320.54,1.83,0.5,8.21,41.72,103.18,29.97,True
413,10.83,275.64,1.76,0.5,8.63,52.01,91.28,22.74,True
414,5.62,203.03,1.65,0.5,9.32,68.64,72.04,11.06,True
415,19.27,393.27,1.94,0.5,7.52,25.07,122.45,41.67,True
416,20.72,413.43,1.98,0.5,7.33,20.45,127.79,44.91,True
417,10.55,271.73,1.75,0.5,8.67,52.91,90.25,22.11,True
418,13.4,311.51,1.82,0.5,8.29,43.79,100.79,28.51,True
419,10.65,273.2,1.76,0.5,8.66,52.57,90.64,22.35,True
420,8.22,239.32,1.7,0.5,8.98,60.33,81.66,16.9,True
421,4.56,188.38,1.62,0.5,9.46,72.0,68.16,8.7,True
422,6.15,210.51,1.66,0.5,9.25,66.93,74.02,12.26,True
423,18.49,382.43,1.93,0.5,7.62,27.55,119.58,39.92,True
424,22.94,444.37,2.02,0.5,7.04,13.36,135.99,49.89,True
425,25.78,484.05,2.09,0.5,6.66,4.27,146.51,56.27,True
426,13.27,309.62,1.81,0.5,8.31,44.22,100.29,28.21,True
427,18.96,389.01,1.94,0.5,7.56,26.04,121.32,40.98,True
428,12.92,304.76,1.81,0.5,8.36,45.34,99.0,27.43,True
429,24.81,470.55,2.07,0.5,6.79,7.36,142.93,54.1,True
430,13.26,309.58,1.81,0.5,8.31,44.24,100.28,28.2,True
431,26.23,490.21,2.1,0.5,6.6,2.86,148.14,57.26,True
432,15.97,347.34,1.87,0.5,7.95,35.59,110.28,34.28,True
433,16.8,358.89,1.89,0.5,7.84,32.94,113.34,36.14,True
434,17.41,367.37,1.9,0.5,7.76,31.0,115.59,37.5,True
435,15.66,342.99,1.87,0.5,8.0,36.58,109.13,33.58,True
436,23.73,455.39,2.04,0.5,6.93,10.84,138.91,51.66,True
437,19.18,392.1,1.94,0.5,7.53,25.33,122.14,41.48,True
438,13.59,314.19,1.82,0.5,8.27,43.18,101.5,28.95,True
439,16.76,358.35,1.89,0.5,7.85,33.06,113.2,36.05,True
440,18.21,378.48,1.92,0.5,7.66,28.45,118.53,39.29,True
441,24.26,462.87,2.05,0.5,6.86,9.12,140.9,52.87,True
442,24.58,467.22,2.06,0.5,6.82,8.13,142.05,53.57,True
443,11.01,278.16,1.76,0.5,8.61,51.43,91.95,23.15,True
444,15.11,335.26,1.85,0.5,8.07,38.35,107.08,32.33,True
445,12.71,301.93,1.8,0.5,8.38,45.99,98.25,26.97,True
446,15.16,336.09,1.85,0.5,8.06,38.16,107.3,32.47,True
447,16.0,347.69,1.87,0.5,7.95,35.51,110.38,34.34,True
448,5.12,196.07,1.63,0.5,9.39,70.23,70.2,9.94,True
449,21.64,426.31,2.0,0.5,7.21,17.5,131.21,46.98,True
450,6.58,216.47,1.67,0.5,9.19,65.56,75.61,13.22,True
451,10.83,275.64,1.76,0.5,8.63,52.01,91.28,22.74,True
452,20.94,416.5,1.98,0.5,7.3,19.74,128.61,45.4,True
453,5.41,200.23,1.64,0.5,9.35,69.28,71.3,10.61,True
454,16.9,360.32,1.89,0.5,7.83,32.61,113.72,36.37,True
455,15.88,346.1,1.87,0.5,7.97,35.87,109.95,34.08,True
456,13.59,314.12,1.82,0.5,8.27,43.2,101.48,28.93,True
457,17.59,369.94,1.91,0.5,7.74,30.41,116.27,37.91,True
458,10.27,267.85,1.75,0.5,8.71,53.79,89.22,21.49,True
459,21.02,417.71,1.98,0.5,7.29,19.47,128.93,45.6,True
460,6.72,218.35,1.67,0.5,9.17,65.13,76.1,13.53,True
461,9.94,263.27,1.74,0.5,8.75,54.84,88.01,20.75,True
462,19.54,397.09,1.95,0.5,7.48,24.19,123.46,42.28,True
463,16.84,359.44,1.89,0.5,7.84,32.81,113.49,36.23,True
464,4.88,192.73,1.63,0.5,9.42,71.0,69.31,9.4,True
465,9.47,256.71,1.73,0.5,8.81,56.35,86.27,19.7,True
466,20.67,412.81,1.98,0.5,7.33,20.59,127.63,44.81,True
467,24.57,467.09,2.06,0.5,6.82,8.16,142.01,53.54,True
468,25.43,479.15,2.08,0.5,6.71,5.39,145.21,55.48,True
469,20.69,413.07,1.98,0.5,7.33,20.53,127.7,44.85,True
470,4.72,190.59,1.63,0.5,9.44,71.49,68.75,9.06,True
471,18.24,378.9,1.92,0.5,7.66,28.36,118.65,39.36,True
472,15.77,344.57,1.87,0.5,7.98,36.22,109.55,33.83,True
473,14.53,327.24,1.84,0.5,8.14,40.19,104.96,31.04,True
474,6.44,214.5,1.66,0.5,9.21,66.01,75.08,12.91,True
475,20.89,415.91,1.98,0.5,7.31,19.88,128.45,45.31,True
476,11.99,291.8,1.78,0.5,8.48,48.31,95.57,25.34,True
477,8.65,245.24,1.71,0.5,8.92,58.97,83.23,17.85,True
478,16.9,360.3,1.89,0.5,7.83,32.62,113.72,36.36,True
479,11.89,290.42,1.78,0.5,8.49,48.62,95.2,25.12,True
480,16.81,359.0,1.89,0.5,7.84,32.92,113.37,36.15,True
481,18.17,377.91,1.92,0.5,7.66,28.58,118.38,39.2,True
482,13.08,307.06,1.81,0.5,8.34,44.81,99.61,27.8,True
483,17.04,362.16,1.9,0.5,7.81,32.19,114.21,36.66,True
484,9.46,256.63,1.73,0.5,8.81,56.36,86.25,19.69,True
485,19.1,390.87,1.94,0.5,7.54,25.62,121.82,41.28,True
486,22.14,433.28,2.01,0.5,7.14,15.9,133.05,48.1,True
487,20.92,416.22,1.98,0.5,7.3,19.81,128.53,45.36,True
488,20.26,407.07,1.97,0.5,7.39,21.9,126.11,43.89,True
489,12.75,302.51,1.8,0.5,8.38,45.85,98.4,27.07,True
490,14.02,320.11,1.83,0.5,8.21,41.82,103.07,29.9,True
491,14.7,329.65,1.84,0.5,8.12,39.64,105.6,31.43,True
492,7.73,232.44,1.69,0.5,9.04,61.9,79.84,15.79,True
493,25.0,473.12,2.07,0.5,6.76,6.78,143.61,54.51,True
494,14.62,328.48,1.84,0.5,8.13,39.91,105.28,31.24,True
495,12.2,294.73,1.79,0.5,8.45,47.64,96.34,25.81,True
496,18.62,384.27,1.93,0.5,7.6,27.13,120.07,40.22,True
497,23.8,456.38,2.04,0.5,6.92,10.61,139.18,51.82,True
498,22.85,443.23,2.02,0.5,7.05,13.62,135.69,49.71,True
499,5.88,206.67,1.65,0.5,9.29,67.81,73.01,11.65,True
500,23.32,449.79,2.03,0.5,6.98,12.12,137.43,50.76,True
501,7.85,234.16,1.69,0.5,9.03,61.51,80.29,16.07,True
502,13.91,318.67,1.83,0.5,8.23,42.15,102.68,29.67,True
503,18.66,384.76,1.93,0.5,7.6,27.01,120.2,40.3,True
504,25.08,474.27,2.07,0.5,6.75,6.51,143.92,54.7,True
505,15.29,337.78,1.86,0.5,8.04,37.78,107.75,32.74,True
506,12.22,295.04,1.79,0.5,8.45,47.57,96.42,25.86,True
507,7.31,226.69,1.68,0.5,9.1,63.22,78.31,14.87,True
508,17.91,374.35,1.91,0.5,7.7,29.4,117.44,38.62,True
509,15.76,344.41,1.87,0.5,7.98,36.26,109.51,33.81,True
510,22.68,440.82,2.02,0.5,7.07,14.17,135.05,49.32,True
511,22.93,444.29,2.02,0.5,7.04,13.38,135.97,49.88,True
512,17.16,363.87,1.9,0.5,7.8,31.8,114.66,36.94,True
513,23.1,446.64,2.03,0.5,7.01,12.84,136.6,50.26,True
514,13.66,315.15,1.82,0.5,8.26,42.96,101.75,29.1,True
515,19.46,395.9,1.95,0.5,7.49,24.46,123.15,42.09,True
516,12.23,295.23,1.79,0.5,8.45,47.52,96.47,25.9,True
517,26.22,490.15,2.1,0.5,6.6,2.87,148.13,57.26,True
518,24.86,471.13,2.07,0.5,6.78,7.23,143.08,54.19,True
519,9.45,256.43,1.73,0.5,8.81,56.41,86.19,19.65,True
520,19.09,390.8,1.94,0.5,7.54,25.63,121.8,41.27,True
521,15.35,338.72,1.86,0.5,8.04,37.56,108.0,32.89,True
522,7.0,222.3,1.68,0.5,9.14,64.23,77.15,14.16,True
523,5.93,207.38,1.65,0.5,9.28,67.65,73.19,11.76,True
524,16.27,351.48,1.88,0.5,7.92,34.64,111.38,34.94,True
525,16.06,348.51,1.87,0.5,7.94,35.32,110.59,34.47,True
526,19.54,397.04,1.95,0.5,7.48,24.2,123.45,42.27,True
527,21.23,420.6,1.99,0.5,7.26,18.8,129.7,46.07,True
528,9.37,255.32,1.73,0.5,8.83,56.66,85.9,19.47,True
529,21.88,429.67,2.0,0.5,7.18,16.73,132.1,47.52,True
530,10.51,271.21,1.75,0.5,8.67,53.02,90.11,22.03,True
531,19.08,390.58,1.94,0.5,7.55,25.68,121.74,41.23,True
532,5.09,195.72,1.63,0.5,9.39,70.32,70.11,9.89,True
533,17.31,366.04,1.9,0.5,7.78,31.3,115.24,37.29,True
534,15.3,337.95,1.86,0.5,8.04,37.74,107.79,32.77,True
535,18.97,389.18,1.94,0.5,7.56,26.0,121.37,41.01,True
536,4.97,194.1,1.63,0.5,9.4,70.69,69.68,9.62,True
537,7.0,222.35,1.68,0.5,9.14,64.22,77.16,14.17,True
538,9.94,263.29,1.74,0.5,8.75,54.84,88.01,20.76,True
539,10.91,276.79,1.76,0.5,8.62,51.75,91.59,22.93,True
540,17.15,363.72,1.9,0.5,7.8,31.83,114.62,36.91,True
541,21.35,422.31,1.99,0.5,7.24,18.41,130.15,46.34,True
542,14.1,321.21,1.83,0.5,8.2,41.57,103.36,30.07,True
543,9.34,254.97,1.73,0.5,8.83,56.74,85.81,19.42,True
544,7.37,227.42,1.68,0.5,9.09,63.05,78.51,14.99,True
545,11.75,288.52,1.78,0.5,8.51,49.06,94.7,24.82,True
546,8.97,249.81,1.72,0.5,8.88,57.93,84.44,18.59,True
547,12.8,303.12,1.8,0.5,8.37,45.71,98.57,27.16,True
548,8.84,247.93,1.72,0.5,8.89,58.36,83.94,18.29,True
549,15.15,335.84,1.85,0.5,8.06,38.22,107.24,32.43,True
550,26.67,496.47,2.11,0.5,6.54,1.43,149.8,58.27,True
551,20.45,409.72,1.97,0.5,7.36,21.3,126.81,44.32,True
552,15.38,339.03,1.86,0.5,8.03,37.49,108.08,32.94,True
553,18.21,378.46,1.92,0.5,7.66,28.46,118.53,39.28,True
554,13.39,311.41,1.82,0.5,8.29,43.81,100.76,28.5,True
555,17.96,375.09,1.92,0.5,7.69,29.23,117.64,38.74,True
556,5.87,206.58,1.65,0.5,9.29,67.83,72.98,11.63,True
557,9.65,259.2,1.73,0.5,8.79,55.78,86.93,20.1,True
558,12.58,300.11,1.8,0.5,8.4,46.4,97.77,26.68,True
559,16.19,350.4,1.88,0.5,7.93,34.89,111.09,34.77,True
560,23.75,455.71,2.04,0.5,6.93,10.76,139.0,51.71,True
561,14.93,332.82,1.85,0.5,8.09,38.91,106.43,31.94,True
562,10.62,272.7,1.75,0.5,8.66,52.68,90.51,22.27,True
563,10.14,266.07,1.74,0.5,8.72,54.2,88.75,21.2,True
564,8.19,238.88,1.7,0.5,8.98,60.43,81.54,16.83,True
565,15.96,347.13,1.87,0.5,7.96,35.63,110.23,34.25,True
566,15.38,339.06,1.86,0.5,8.03,37.48,108.09,32.95,True
567,20.81,414.7,1.98,0.5,7.32,20.16,128.13,45.12,True
568,14.46,326.28,1.84,0.5,8.15,40.41,104.7,30.89,True
569,11.67,287.34,1.78,0.5,8.52,49.33,94.38,24.63,True
570,12.23,295.21,1.79,0.5,8.45,47.53,96.47,25.89,True
571,5.9,206.96,1.65,0.5,9.28,67.74,73.08,11.69,True
572,17.98,375.26,1.92,0.5,7.69,29.19,117.68,38.77,True
573,11.92,290.94,1.78,0.5,8.49,48.51,95.34,25.2,True
574,21.77,428.14,2.0,0.5,7.19,17.08,131.69,47.28,True
575,16.31,352.04,1.88,0.5,7.91,34.51,111.53,35.04,True
576,22.26,435.0,2.01,0.5,7.12,15.51,133.51,48.38,True
577,12.73,302.17,1.8,0.5,8.38,45.93,98.31,27.01,True
578,16.03,348.11,1.87,0.5,7.95,35.41,110.49,34.4,True
579,8.03,236.69,1.7,0.5,9.0,60.93,80.96,16.48,True
580,19.29,393.59,1.94,0.5,7.52,24.99,122.54,41.72,True
581,5.45,200.69,1.64,0.5,9.34,69.18,71.42,10.69,True
582,25.23,476.4,2.07,0.5,6.73,6.02,144.48,55.04,True
583,16.83,359.36,1.89,0.5,7.84,32.83,113.47,36.21,True
584,9.22,253.31,1.72,0.5,8.84,57.12,85.37,19.15,True
585,7.17,224.62,1.68,0.5,9.12,63.7,77.76,14.53,True
586,18.3,379.81,1.92,0.5,7.65,28.15,118.89,39.5,True
587,9.3,254.38,1.73,0.5,8.83,56.88,85.65,19.32,True
588,5.9,207.06,1.65,0.5,9.28,67.72,73.11,11.71,True
589,17.59,369.89,1.91,0.5,7.74,30.42,116.26,37.91,True
590,4.77,191.26,1.63,0.5,9.43,71.34,68.92,9.17,True
591,15.79,344.74,1.87,0.5,7.98,36.18,109.59,33.86,True
592,20.29,407.57,1.97,0.5,7.38,21.79,126.24,43.97,True
593,4.57,188.4,1.62,0.5,9.46,71.99,68.17,8.71,True
594,22.06,432.19,2.01,0.5,7.15,16.15,132.77,47.93,True
595,18.69,385.17,1.93,0.5,7.6,26.92,120.31,40.36,True
596,9.02,250.42,1.72,0.5,8.87,57.79,84.6,18.69,True
597,14.59,328.08,1.84,0.5,8.14,40.0,105.18,31.18,True
598,15.37,339.0,1.86,0.5,8.03,37.5,108.07,32.94,True
599,10.28,267.99,1.75,0.5,8.71,53.76,89.26,21.51,True
600,9.11,251.75,1.72,0.5,8.86,57.48,84.95,18.9,True
601,18.82,387.08,1.93,0.5,7.58,26.48,120.81,40.67,True
602,5.64,203.35,1.65,0.5,9.32,68.57,72.13,11.11,True
603,12.53,299.32,1.8,0.5,8.41,46.58,97.56,26.55,True
604,20.77,414.21,1.98,0.5,7.32,20.27,128.0,45.04,True
605,26.54,494.52,2.1,0.5,6.56,1.87,149.28,57.96,True
606,20.16,405.63,1.96,0.5,7.4,22.24,125.73,43.66,True
607,8.76,246.77,1.71,0.5,8.91,58.62,83.63,18.1,True
608,26.8,498.27,2.11,0.5,6.53,1.01,150.28,58.56,True
609,6.49,215.18,1.66,0.5,9.2,65.86,75.26,13.02,True
610,25.46,479.57,2.08,0.5,6.7,5.3,145.32,55.55,True
611,17.12,363.31,1.9,0.5,7.8,31.93,114.51,36.85,True
612,14.66,329.1,1.84,0.5,8.13,39.76,105.45,31.34,True
613,23.66,454.51,2.04,0.5,6.94,11.04,138.68,51.52,True
614,22.64,440.23,2.02,0.5,7.08,14.31,134.9,49.22,True
615,21.85,429.2,2.0,0.5,7.18,16.84,131.97,47.45,True
616,19.5,396.47,1.95,0.5,7.49,24.33,123.3,42.18,True
617,10.5,271.06,1.75,0.5,8.68,53.06,90.07,22.01,True
618,11.21,281.0,1.77,0.5,8.58,50.78,92.7,23.61,True
619,12.09,293.25,1.79,0.5,8.47,47.98,95.95,25.58,True
620,22.42,437.2,2.01,0.5,7.1,15.0,134.09,48.74,True
621,19.55,397.18,1.95,0.5,7.48,24.17,123.49,42.3,True
622,25.7,482.84,2.09,0.5,6.67,4.55,146.19,56.08,True
623,18.13,377.44,1.92,0.5,7.67,28.69,118.26,39.12,True
624,7.57,230.2,1.69,0.5,9.06,62.42,79.24,15.43,True
625,6.48,215.01,1.66,0.5,9.21,65.9,75.22,12.99,True
626,8.77,246.96,1.71,0.5,8.9,58.58,83.68,18.13,True
627,17.62,370.24,1.91,0.5,7.74,30.34,116.35,37.96,True
628,4.4,186.08,1.62,0.5,9.48,72.52,67.55,8.33,True
629,12.22,295.02,1.79,0.5,8.45,47.57,96.42,25.86,True
630,15.59,341.98,1.86,0.5,8.0,36.81,108.86,33.42,True
631,17.53,368.98,1.91,0.5,7.75,30.63,116.02,37.76,True
632,16.76,358.38,1.89,0.5,7.85,33.06,113.21,36.06,True
633,21.4,422.92,1.99,0.5,7.24,18.27,130.31,46.44,True
634,8.22,239.37,1.7,0.5,8.98,60.32,81.67,16.91,True
635,9.64,259.1,1.73,0.5,8.79,55.8,86.9,20.08,True
636,18.55,383.32,1.93,0.5,7.61,27.34,119.82,40.07,True
637,18.88,387.9,1.94,0.5,7.57,26.3,121.03,40.8,True
638,11.55,285.78,1.78,0.5,8.54,49.69,93.97,24.38,True
639,22.4,436.91,2.01,0.5,7.11,15.07,134.02,48.69,True
640,10.16,266.31,1.74,0.5,8.72,54.15,88.81,21.24,True
641,17.17,363.99,1.9,0.5,7.8,31.77,114.69,36.96,True
642,10.26,267.76,1.75,0.5,8.71,53.81,89.19,21.48,True
643,6.17,210.79,1.66,0.5,9.25,66.86,74.1,12.31,True
644,20.67,412.83,1.98,0.5,7.33,20.58,127.64,44.82,True
645,4.47,187.03,1.62,0.5,9.47,72.31,67.8,8.49,True
646,22.59,439.53,2.02,0.5,7.08,14.47,134.71,49.11,True
647,19.64,398.5,1.95,0.5,7.47,23.87,123.84,42.51,True
648,14.3,324.0,1.84,0.5,8.18,40.93,104.1,30.52,True
649,20.97,416.95,1.98,0.5,7.3,19.64,128.73,45.48,True
650,18.55,383.3,1.93,0.5,7.61,27.35,119.81,40.06,True
651,14.17,322.16,1.83,0.5,8.19,41.35,103.61,30.23,True
652,7.53,229.71,1.69,0.5,9.07,62.53,79.11,15.35,True
653,14.95,333.14,1.85,0.5,8.09,38.84,106.52,31.99,True
654,25.71,483.04,2.09,0.5,6.67,4.5,146.24,56.11,True
655,13.17,308.36,1.81,0.5,8.32,44.52,99.95,28.01,True
656,13.0,305.93,1.81,0.5,8.35,45.07,99.31,27.62,True
657,23.63,454.08,2.04,0.5,6.94,11.14,138.57,51.45,True
658,10.5,271.13,1.75,0.5,8.68,53.04,90.09,22.02,True
659,26.22,490.18,2.1,0.5,6.6,2.87,148.13,57.26,True
660,12.25,295.54,1.79,0.5,8.44,47.45,96.56,25.95,True
661,19.08,390.66,1.94,0.5,7.54,25.66,121.76,41.25,True
662,14.83,331.35,1.85,0.5,8.11,39.25,106.05,31.71,True
663,18.38,380.82,1.92,0.5,7.64,27.92,119.16,39.67,True
664,24.82,470.57,2.07,0.5,6.79,7.36,142.94,54.1,True
665,22.04,431.86,2.0,0.5,7.15,16.23,132.68,47.88,True
666,4.97,194.0,1.63,0.5,9.41,70.71,69.65,9.61,True
667,4.6,188.89,1.62,0.5,9.45,71.88,68.29,8.79,True
668,26.92,499.94,2.11,0.5,6.51,0.63,150.72,58.83,True
669,24.68,468.64,2.06,0.5,6.81,7.8,142.43,53.79,True
670,18.17,377.93,1.92,0.5,7.66,28.58,118.39,39.2,True
671,15.04,334.39,1.85,0.5,8.08,38.55,106.85,32.19,True
672,8.84,247.92,1.72,0.5,8.9,58.36,83.94,18.28,True
673,7.48,229.02,1.69,0.5,9.07,62.69,78.93,15.24,True
674,24.3,463.4,2.05,0.5,6.86,9.0,141.04,52.95,True
675,16.82,359.17,1.89,0.5,7.84,32.87,113.42,36.18,True
676,23.53,452.61,2.04,0.5,6.96,11.47,138.18,51.22,True
677,5.0,194.48,1.63,0.5,9.4,70.6,69.78,9.69,True
678,19.5,396.49,1.95,0.5,7.49,24.33,123.31,42.19,True
679,5.64,203.39,1.65,0.5,9.32,68.56,72.14,11.12,True
680,24.3,463.36,2.05,0.5,6.86,9.01,141.03,52.94,True
681,22.03,431.78,2.0,0.5,7.16,16.24,132.66,47.86,True
682,9.45,256.44,1.73,0.5,8.81,56.41,86.19,19.65,True
683,8.54,243.78,1.71,0.5,8.93,59.31,82.84,17.62,True
684,25.58,481.28,2.08,0.5,6.69,4.91,145.77,55.83,True
685,21.23,420.62,1.99,0.5,7.26,18.8,129.7,46.07,True
686,4.54,188.08,1.62,0.5,9.46,72.07,68.08,8.66,True
687,21.12,419.14,1.98,0.5,7.27,19.14,129.31,45.83,True
688,7.38,227.59,1.68,0.5,9.09,63.02,78.55,15.01,True
689,10.15,266.14,1.74,0.5,8.72,54.18,88.77,21.22,True
690,9.48,256.85,1.73,0.5,8.81,56.31,86.3,19.72,True
691,13.47,312.52,1.82,0.5,8.28,43.56,101.06,28.68,True
692,13.5,312.89,1.82,0.5,8.28,43.48,101.16,28.74,True
693,5.99,208.24,1.65,0.5,9.27,67.45,73.42,11.9,True
694,9.29,254.22,1.73,0.5,8.84,56.92,85.61,19.3,True
695,23.1,446.64,2.03,0.5,7.01,12.84,136.6,50.26,True
696,26.87,499.25,2.11,0.5,6.52,0.79,150.54,58.72,True
697,11.16,280.26,1.77,0.5,8.59,50.95,92.51,23.49,True
698,13.74,316.29,1.82,0.5,8.25,42.7,102.05,29.28,True
699,17.81,372.89,1.91,0.5,7.71,29.73,117.05,38.39,True
700,19.35,394.46,1.95,0.5,7.51,24.79,122.77,41.86,True
701,20.85,415.24,1.98,0.5,7.31,20.03,128.27,45.2,True
702,17.18,364.23,1.9,0.5,7.79,31.72,114.76,37.0,True
703,26.0,487.12,2.09,0.5,6.63,3.57,147.32,56.77,True
704,17.8,372.86,1.91,0.5,7.71,29.74,117.05,38.38,True
705,16.35,352.65,1.88,0.5,7.9,34.37,111.69,35.13,True
706,16.49,354.59,1.88,0.5,7.89,33.92,112.2,35.45,True
707,26.44,493.25,2.1,0.5,6.57,2.16,148.95,57.75,True
708,4.52,187.78,1.62,0.5,9.46,72.13,68.0,8.61,True
709,9.66,259.38,1.73,0.5,8.79,55.73,86.97,20.13,True
710,12.47,298.6,1.8,0.5,8.42,46.75,97.37,26.44,True
711,9.31,254.51,1.73,0.5,8.83,56.85,85.68,19.34,True
712,20.07,404.44,1.96,0.5,7.41,22.51,125.41,43.46,True
713,12.52,299.22,1.8,0.5,8.41,46.61,97.53,26.54,True
714,20.46,409.9,1.97,0.5,7.36,21.26,126.86,44.34,True
715,5.33,199.03,1.64,0.5,9.36,69.56,70.98,10.42,True
716,11.09,279.28,1.77,0.5,8.6,51.18,92.25,23.33,True
717,14.04,320.45,1.83,0.5,8.21,41.75,103.16,29.95,True
718,19.06,390.34,1.94,0.5,7.55,25.74,121.68,41.2,True
719,21.52,424.62,1.99,0.5,7.22,17.88,130.76,46.71,True
720,16.87,359.79,1.89,0.5,7.84,32.73,113.58,36.28,True
721,18.32,380.11,1.92,0.5,7.64,28.08,118.97,39.55,True
722,6.32,212.83,1.66,0.5,9.23,66.4,74.64,12.64,True
723,26.84,498.8,2.11,0.5,6.52,0.89,150.42,58.65,True
724,22.88,443.58,2.02,0.5,7.04,13.54,135.78,49.76,True
725,8.59,244.54,1.71,0.5,8.93,59.13,83.04,17.74,True
726,12.26,295.57,1.79,0.5,8.44,47.44,96.56,25.95,True
727,25.06,473.96,2.07,0.5,6.76,6.58,143.83,54.65,True
728,6.32,212.79,1.66,0.5,9.23,66.41,74.63,12.63,True
729,21.96,430.73,2.0,0.5,7.17,16.49,132.38,47.69,True
730,6.16,210.63,1.66,0.5,9.25,66.9,74.06,12.28,True
731,26.24,490.38,2.1,0.5,6.6,2.82,148.19,57.29,False
732,18.36,380.58,1.92,0.5,7.64,27.97,119.09,39.63,True
733,25.09,474.35,2.07,0.5,6.75,6.49,143.94,54.71,True
734,21.3,421.54,1.99,0.5,7.25,18.59,129.94,46.22,True
735,11.82,289.45,1.78,0.5,8.5,48.85,94.94,24.96,True
736,15.64,342.73,1.86,0.5,8.0,36.64,109.06,33.54,True
737,20.56,411.2,1.97,0.5,7.35,20.96,127.2,44.55,True
738,4.6,188.86,1.62,0.5,9.45,71.89,68.29,8.78,True
739,25.96,486.55,2.09,0.5,6.64,3.7,147.17,56.68,True
740,10.28,268.03,1.75,0.5,8.7,53.75,89.27,21.52,True
741,6.23,211.62,1.66,0.5,9.24,66.67,74.32,12.44,True
742,19.63,398.32,1.95,0.5,7.47,23.91,123.79,42.48,True
743,8.44,242.35,1.71,0.5,8.95,59.63,82.46,17.39,True
744,15.4,339.39,1.86,0.5,8.03,37.41,108.17,33.0,True
745,8.01,236.45,1.7,0.5,9.0,60.99,80.9,16.44,True
746,25.92,485.98,2.09,0.5,6.64,3.83,147.02,56.58,True
747,12.73,302.16,1.8,0.5,8.38,45.94,98.31,27.01,True
748,13.2,308.76,1.81,0.5,8.32,44.42,100.06,28.07,True
749,25.61,481.65,2.08,0.5,6.68,4.82,145.87,55.89,True
750,15.2,336.53,1.86,0.5,8.06,38.06,107.42,32.54,True
751,16.06,348.6,1.87,0.5,7.94,35.3,110.62,34.48,True
752,9.11,251.72,1.72,0.5,8.86,57.49,84.95,18.9,True
753,23.18,447.74,2.03,0.5,7.0,12.59,136.89,50.43,True
754,8.1,237.65,1.7,0.5,8.99,60.71,81.22,16.63,True
755,26.01,487.18,2.09,0.5,6.63,3.56,147.34,56.78,True
756,23.26,448.9,2.03,0.5,6.99,12.32,137.19,50.62,True
757,9.99,264.03,1.74,0.5,8.74,54.67,88.21,20.87,True
758,6.9,220.99,1.67,0.5,9.15,64.53,76.8,13.95,True
759,11.58,286.16,1.78,0.5,8.53,49.6,94.07,24.44,True
760,5.37,199.6,1.64,0.5,9.35,69.43,71.13,10.51,True
761,19.85,401.33,1.96,0.5,7.44,23.22,124.59,42.96,True
762,11.14,279.97,1.77,0.5,8.59,51.02,92.43,23.44,True
763,10.1,265.55,1.74,0.5,8.73,54.32,88.61,21.12,True
764,15.78,344.71,1.87,0.5,7.98,36.19,109.59,33.86,True
765,5.57,202.39,1.64,0.5,9.33,68.79,71.87,10.96,True
766,17.87,373.8,1.91,0.5,7.7,29.52,117.29,38.54,True
767,15.66,342.99,1.87,0.5,8.0,36.58,109.13,33.58,True
768,18.93,388.52,1.94,0.5,7.56,26.15,121.19,40.9,True
769,4.83,192.05,1.63,0.5,9.42,71.16,69.13,9.3,True
770,6.32,212.8,1.66,0.5,9.23,66.4,74.63,12.63,True
771,19.04,390.13,1.94,0.5,7.55,25.79,121.62,41.16,True
772,9.64,259.05,1.73,0.5,8.79,55.81,86.89,20.07,True
773,25.68,482.59,2.08,0.5,6.67,4.61,146.12,56.04,True
774,7.56,230.17,1.69,0.5,9.06,62.42,79.23,15.43,True
775,24.94,472.26,2.07,0.5,6.77,6.97,143.39,54.38,True
776,8.92,249.06,1.72,0.5,8.88,58.1,84.24,18.47,True
777,22.54,438.87,2.02,0.5,7.09,14.62,134.54,49.0,True
778,16.75,358.21,1.89,0.5,7.85,33.1,113.16,36.03,True
779,4.79,191.59,1.63,0.5,9.43,71.26,69.01,9.22,True
780,26.05,487.74,2.09,0.5,6.63,3.43,147.49,56.87,True
781,8.24,239.55,1.7,0.5,8.97,60.27,81.72,16.94,True
782,17.53,369.0,1.91,0.5,7.75,30.62,116.02,37.76,True
783,26.86,498.99,2.11,0.5,6.52,0.85,150.47,58.68,True
784,19.64,398.5,1.95,0.5,7.47,23.87,123.84,42.51,True
785,21.46,423.81,1.99,0.5,7.23,18.07,130.55,46.58,True
786,13.85,317.81,1.83,0.5,8.23,42.35,102.46,29.53,True
787,19.15,391.56,1.94,0.5,7.54,25.46,122.0,41.39,True
788,6.4,213.96,1.66,0.5,9.22,66.14,74.94,12.82,True
789,25.57,481.11,2.08,0.5,6.69,4.95,145.73,55.8,True
790,15.72,343.87,1.87,0.5,7.99,36.38,109.36,33.72,True
791,16.14,349.72,1.88,0.5,7.93,35.04,110.91,34.66,True
792,11.27,281.77,1.77,0.5,8.57,50.61,92.91,23.73,True
793,6.09,209.6,1.66,0.5,9.26,67.14,73.78,12.12,True
794,13.11,307.5,1.81,0.5,8.33,44.71,99.72,27.87,True
795,7.48,229.07,1.69,0.5,9.07,62.68,78.94,15.25,True
796,12.2,294.79,1.79,0.5,8.45,47.62,96.36,25.82,True
797,5.76,205.04,1.65,0.5,9.3,68.18,72.57,11.38,True
798,21.62,426.03,2.0,0.5,7.21,17.56,131.14,46.94,True
799,14.09,321.08,1.83,0.5,8.2,41.6,103.32,30.05,True
800,23.02,445.5,2.03,0.5,7.03,13.1,136.29,50.07,True
801,5.38,199.79,1.64,0.5,9.35,69.38,71.18,10.54,True
802,11.16,280.25,1.77,0.5,8.59,50.95,92.5,23.48,True
803,9.8,261.34,1.74,0.5,8.77,55.28,87.49,20.44,True
804,5.8,205.57,1.65,0.5,9.3,68.06,72.72,11.47,True
805,7.38,227.68,1.68,0.5,9.09,63.0,78.57,15.03,True
806,17.57,369.55,1.91,0.5,7.74,30.5,116.17,37.85,True
807,22.48,438.08,2.01,0.5,7.1,14.8,134.33,48.88,True
808,22.08,432.5,2.01,0.5,7.15,16.08,132.85,47.98,True
809,8.92,249.09,1.72,0.5,8.88,58.09,84.25,18.47,True
810,12.12,293.63,1.79,0.5,8.46,47.89,96.05,25.64,True
811,9.77,260.97,1.74,0.5,8.77,55.37,87.4,20.38,True
812,23.5,452.27,2.04,0.5,6.96,11.55,138.09,51.16,True
813,5.71,204.28,1.65,0.5,9.31,68.35,72.37,11.26,True
814,18.78,386.39,1.93,0.5,7.58,26.64,120.63,40.56,True
815,20.86,415.43,1.98,0.5,7.31,19.99,128.33,45.23,True
816,17.18,364.18,1.9,0.5,7.79,31.73,114.74,36.99,True
817,16.99,361.53,1.89,0.5,7.82,32.34,114.04,36.56,True
818,23.27,449.09,2.03,0.5,6.99,12.28,137.25,50.65,True
819,20.19,406.17,1.96,0.5,7.4,22.11,125.87,43.74,True
820,16.68,357.16,1.89,0.5,7.86,33.34,112.88,35.86,True
821,7.45,228.55,1.69,0.5,9.08,62.8,78.8,15.17,True
822,15.83,345.29,1.87,0.5,7.97,36.06,109.74,33.95,True
823,15.67,343.17,1.87,0.5,7.99,36.54,109.18,33.61,True
824,5.76,205.06,1.65,0.5,9.3,68.18,72.58,11.39,True
825,23.56,453.1,2.04,0.5,6.95,11.36,138.31,51.29,True
826,16.79,358.74,1.89,0.5,7.85,32.97,113.3,36.11,True
827,22.84,442.98,2.02,0.5,7.05,13.68,135.63,49.67,True
828,23.31,449.62,2.03,0.5,6.99,12.16,137.39,50.73,True
829,8.07,237.21,1.7,0.5,9.0,60.81,81.1,16.56,True
830,5.52,201.76,1.64,0.5,9.33,68.93,71.71,10.86,True
831,11.23,281.23,1.77,0.5,8.58,50.73,92.76,23.64,True
832,8.48,242.91,1.71,0.5,8.94,59.51,82.61,17.48,True
833,15.74,344.12,1.87,0.5,7.98,36.32,109.43,33.76,True
834,18.91,388.23,1.94,0.5,7.57,26.22,121.12,40.86,True
835,21.74,427.67,2.0,0.5,7.19,17.19,131.57,47.2,True
836,13.93,318.85,1.83,0.5,8.22,42.11,102.73,29.7,True
837,16.86,359.71,1.89,0.5,7.84,32.75,113.56,36.27,True
838,19.0,389.53,1.94,0.5,7.55,25.92,121.46,41.07,True
839,12.92,304.75,1.81,0.5,8.36,45.34,99.0,27.43,True
840,10.5,271.08,1.75,0.5,8.68,53.05,90.08,22.01,True
841,12.66,301.22,1.8,0.5,8.39,46.15,98.06,26.86,True
842,10.92,277.01,1.76,0.5,8.62,51.7,91.65,22.96,True
843,6.01,208.52,1.65,0.5,9.27,67.38,73.5,11.94,True
844,25.56,481.0,2.08,0.5,6.69,4.97,145.7,55.78,True
845,16.31,352.1,1.88,0.5,7.91,34.5,111.54,35.04,True
846,14.13,321.61,1.83,0.5,8.2,41.48,103.46,30.14,True
847,8.94,249.41,1.72,0.5,8.88,58.02,84.33,18.52,True
848,7.66,231.52,1.69,0.5,9.05,62.12,79.59,15.65,True
849,6.06,209.25,1.66,0.5,9.26,67.22,73.69,12.06,True
850,10.01,264.22,1.74,0.5,8.74,54.62,88.26,20.91,True
851,7.17,224.7,1.68,0.5,9.11,63.68,77.78,14.55,True
852,22.99,445.13,2.03,0.5,7.03,13.19,136.19,50.01,True
853,22.61,439.89,2.02,0.5,7.08,14.39,134.81,49.17,True
854,22.32,435.8,2.01,0.5,7.12,15.32,133.72,48.51,True
855,8.58,244.34,1.71,0.5,8.93,59.18,82.99,17.71,True
856,11.37,283.17,1.77,0.5,8.56,50.29,93.28,23.95,True
857,4.44,186.71,1.62,0.5,9.47,72.38,67.72,8.44,True
858,21.14,419.28,1.99,0.5,7.27,19.11,129.35,45.85,True
859,25.35,478.03,2.08,0.5,6.72,5.65,144.91,55.3,True
860,25.6,481.54,2.08,0.5,6.68,4.85,145.84,55.87,True
861,5.11,195.96,1.63,0.5,9.39,70.26,70.17,9.92,True
862,6.97,221.95,1.68,0.5,9.14,64.31,77.06,14.11,True
863,18.82,386.98,1.93,0.5,7.58,26.51,120.79,40.66,True
864,25.31,477.49,2.08,0.5,6.72,5.77,144.77,55.22,True
865,24.38,464.44,2.06,0.5,6.85,8.76,141.31,53.12,True
866,23.99,459.05,2.05,0.5,6.9,10.0,139.88,52.25,True
867,17.38,367.0,1.9,0.5,7.77,31.08,115.49,37.44,True
868,18.01,375.74,1.92,0.5,7.69,29.08,117.81,38.85,True
869,26.39,492.47,2.1,0.5,6.58,2.34,148.74,57.63,True
870,11.23,281.3,1.77,0.5,8.58,50.71,92.78,23.65,True
871,13.01,306.05,1.81,0.5,8.34,45.04,99.34,27.64,True
872,8.46,242.66,1.71,0.5,8.94,59.56,82.54,17.44,True
873,22.65,440.35,2.02,0.5,7.07,14.28,134.93,49.24,True
874,9.11,251.69,1.72,0.5,8.86,57.49,84.94,18.89,True
875,23.25,448.74,2.03,0.5,6.99,12.36,137.15,50.59,True
876,6.44,214.47,1.66,0.5,9.21,66.02,75.07,12.9,True
877,17.2,364.51,1.9,0.5,7.79,31.65,114.83,37.04,True
878,4.26,184.1,1.62,0.5,9.5,72.98,67.03,8.02,True
879,18.09,376.79,1.92,0.5,7.68,28.84,118.09,39.02,True
880,8.52,243.46,1.71,0.5,8.94,59.38,82.76,17.57,True
881,22.75,441.77,2.02,0.5,7.06,13.96,135.31,49.47,True
882,20.69,413.07,1.98,0.5,7.33,20.53,127.7,44.85,True
883,17.25,365.12,1.9,0.5,7.79,31.51,114.99,37.14,True
884,22.74,441.68,2.02,0.5,7.06,13.98,135.28,49.46,True
885,24.1,460.61,2.05,0.5,6.88,9.64,140.3,52.5,True
886,14.92,332.68,1.85,0.5,8.09,38.94,106.4,31.92,True
887,26.01,487.23,2.09,0.5,6.63,3.54,147.35,56.78,True
888,7.27,226.02,1.68,0.5,9.1,63.38,78.13,14.76,True
889,23.48,451.95,2.04,0.5,6.96,11.62,138.0,51.11,True
890,17.8,372.77,1.91,0.5,7.71,29.76,117.02,38.37,True
891,16.98,361.42,1.89,0.5,7.82,32.36,114.01,36.54,True
892,10.65,273.23,1.76,0.5,8.66,52.56,90.65,22.36,True
893,25.06,474.0,2.07,0.5,6.76,6.57,143.85,54.66,True
894,14.54,327.36,1.84,0.5,8.14,40.16,104.99,31.06,True
895,24.54,466.74,2.06,0.5,6.82,8.24,141.92,53.49,True
896,23.8,456.36,2.04,0.5,6.92,10.61,139.17,51.82,True
897,17.16,363.84,1.9,0.5,7.8,31.81,114.66,36.93,True
898,22.39,436.76,2.01,0.5,7.11,15.1,133.98,48.66,True
899,19.58,397.68,1.95,0.5,7.48,24.06,123.62,42.38,True
900,19.84,401.2,1.96,0.5,7.44,23.25,124.55,42.94,True
901,22.77,442.05,2.02,0.5,7.06,13.89,135.38,49.52,True
902,7.41,228.05,1.68,0.5,9.08,62.91,78.67,15.09,True
903,22.86,443.29,2.02,0.5,7.05,13.61,135.71,49.72,True
904,19.15,391.55,1.94,0.5,7.54,25.46,122.0,41.39,True
905,17.78,372.58,1.91,0.5,7.72,29.8,116.97,38.34,True
906,25.27,476.9,2.08,0.5,6.73,5.91,144.61,55.12,True
907,26.26,490.76,2.1,0.5,6.6,2.73,148.29,57.35,False
908,10.73,274.33,1.76,0.5,8.65,52.31,90.94,22.53,True
909,12.13,293.81,1.79,0.5,8.46,47.85,96.1,25.67,True
910,8.61,244.72,1.71,0.5,8.93,59.09,83.09,17.77,True
911,16.63,356.57,1.89,0.5,7.87,33.47,112.73,35.76,True
912,10.1,265.51,1.74,0.5,8.73,54.33,88.6,21.11,True
913,20.53,410.8,1.97,0.5,7.35,21.05,127.1,44.49,True
914,21.38,422.64,1.99,0.5,7.24,18.34,130.24,46.39,True
915,4.53,187.96,1.62,0.5,9.46,72.09,68.05,8.64,True
916,5.99,208.18,1.65,0.5,9.27,67.46,73.41,11.89,True
917,5.52,201.74,1.64,0.5,9.33,68.94,71.7,10.85,True
918,26.61,495.61,2.11,0.5,6.55,1.62,149.57,58.13,True
919,18.31,379.89,1.92,0.5,7.65,28.13,118.91,39.52,True
920,19.59,397.79,1.95,0.5,7.48,24.03,123.65,42.4,True
921,7.6,230.71,1.69,0.5,9.06,62.3,79.38,15.52,True
922,17.84,373.36,1.91,0.5,7.71,29.62,117.18,38.47,True
923,18.49,382.38,1.93,0.5,7.62,27.56,119.57,39.92,True
924,10.94,277.26,1.76,0.5,8.62,51.64,91.71,23.0,True
925,8.54,243.79,1.71,0.5,8.93,59.31,82.84,17.62,True
926,10.86,276.16,1.76,0.5,8.63,51.89,91.42,22.83,True
927,6.75,218.81,1.67,0.5,9.17,65.03,76.22,13.6,True
928,5.79,205.41,1.65,0.5,9.3,68.1,72.67,11.44,True
929,15.14,335.78,1.85,0.5,8.06,38.23,107.22,32.42,True
930,18.78,386.52,1.93,0.5,7.58,26.61,120.66,40.58,True
931,14.81,331.13,1.85,0.5,8.11,39.3,105.99,31.67,True
932,18.79,386.61,1.93,0.5,7.58,26.59,120.69,40.6,True
933,9.17,252.51,1.72,0.5,8.85,57.31,85.15,19.02,True
934,21.66,426.57,2.0,0.5,7.2,17.44,131.28,47.02,True
935,17.17,364.01,1.9,0.5,7.8,31.77,114.7,36.96,True
936,13.29,309.92,1.81,0.5,8.31,44.16,100.37,28.26,True
937,16.86,359.69,1.89,0.5,7.84,32.76,113.56,36.27,True
938,26.98,500.69,2.11,0.5,6.5,0.46,150.92,58.95,True
939,12.9,304.57,1.81,0.5,8.36,45.38,98.95,27.4,True
940,16.2,350.54,1.88,0.5,7.92,34.85,111.13,34.79,True
941,17.04,362.19,1.9,0.5,7.81,32.19,114.22,36.67,True
942,14.88,332.06,1.85,0.5,8.1,39.09,106.23,31.82,True
943,21.56,425.25,1.99,0.5,7.22,17.74,130.93,46.81,True
944,24.04,459.77,2.05,0.5,6.89,9.83,140.08,52.37,True
945,17.13,363.43,1.9,0.5,7.8,31.9,114.55,36.87,True
946,14.45,326.18,1.84,0.5,8.15,40.43,104.67,30.87,True
947,9.25,253.67,1.73,0.5,8.84,57.04,85.46,19.21,True
948,17.26,365.33,1.9,0.5,7.78,31.47,115.05,37.17,True
949,13.91,318.63,1.83,0.5,8.23,42.16,102.68,29.66,True
950,24.29,463.26,2.05,0.5,6.86,9.03,141.0,52.93,True
951,14.39,325.27,1.84,0.5,8.16,40.64,104.43,30.73,True
952,11.02,278.33,1.76,0.5,8.61,51.39,92.0,23.18,True
953,9.71,260.12,1.74,0.5,8.78,55.57,87.17,20.25,True
954,22.27,435.16,2.01,0.5,7.12,15.47,133.55,48.41,True
955,25.95,486.43,2.09,0.5,6.64,3.73,147.14,56.66,True
956,19.48,396.16,1.95,0.5,7.49,24.4,123.22,42.13,True
957,7.8,233.48,1.69,0.5,9.03,61.67,80.11,15.96,True
958,23.73,455.43,2.04,0.5,6.93,10.83,138.92,51.67,True
959,17.11,363.23,1.9,0.5,7.8,31.95,114.49,36.84,True
960,12.7,301.75,1.8,0.5,8.39,46.03,98.2,26.94,True
961,19.35,394.36,1.95,0.5,7.51,24.81,122.74,41.84,True
962,10.56,271.86,1.75,0.5,8.67,52.87,90.28,22.14,True
963,19.75,400.04,1.95,0.5,7.46,23.51,124.25,42.76,True
964,13.15,308.0,1.81,0.5,8.33,44.6,99.86,27.95,True
965,9.6,258.49,1.73,0.5,8.8,55.94,86.74,19.98,True
966,19.59,397.79,1.95,0.5,7.48,24.03,123.65,42.4,True
967,20.76,414.03,1.98,0.5,7.32,20.31,127.95,45.01,True
968,16.35,352.56,1.88,0.5,7.9,34.39,111.66,35.12,True
969,15.33,338.36,1.86,0.5,8.04,37.64,107.9,32.83,True
970,8.23,239.44,1.7,0.5,8.98,60.3,81.69,16.92,True
971,24.68,468.7,2.06,0.5,6.81,7.79,142.44,53.8,True
972,19.44,395.71,1.95,0.5,7.5,24.51,123.1,42.06,True
973,5.96,207.78,1.65,0.5,9.27,67.55,73.3,11.83,True
974,16.54,355.24,1.88,0.5,7.88,33.78,112.38,35.55,True
975,8.05,236.99,1.7,0.5,9.0,60.86,81.04,16.53,True
976,14.78,330.74,1.85,0.5,8.11,39.39,105.88,31.61,True
977,11.3,282.29,1.77,0.5,8.57,50.49,93.04,23.81,True
978,10.35,269.03,1.75,0.5,8.7,53.52,89.53,21.68,True
979,26.96,500.49,2.11,0.5,6.5,0.51,150.86,58.92,True
980,23.9,457.81,2.05,0.5,6.91,10.28,139.56,52.05,True
981,22.96,444.7,2.03,0.5,7.03,13.29,136.08,49.94,True
982,8.2,239.08,1.7,0.5,8.98,60.38,81.6,16.86,True
983,17.23,364.8,1.9,0.5,7.79,31.59,114.91,37.09,True
984,13.34,310.71,1.81,0.5,8.3,43.98,100.57,28.38,True
985,19.52,396.72,1.95,0.5,7.49,24.27,123.37,42.22,True
986,18.05,376.25,1.92,0.5,7.68,28.96,117.94,38.93,True
987,21.68,426.84,2.0,0.5,7.2,17.38,131.35,47.07,True
988,22.52,438.58,2.02,0.5,7.09,14.69,134.46,48.96,True
989,8.33,240.84,1.7,0.5,8.96,59.98,82.06,17.15,True
990,16.87,359.79,1.89,0.5,7.84,32.73,113.58,36.28,True
991,18.75,386.04,1.93,0.5,7.59,26.72,120.54,40.5,True
992,24.85,471.1,2.07,0.5,6.78,7.24,143.08,54.19,True
993,19.31,393.9,1.95,0.5,7.51,24.92,122.62,41.77,True
994,20.72,413.54,1.98,0.5,7.33,20.42,127.82,44.93,True
995,24.47,465.77,2.06,0.5,6.83,8.46,141.66,53.33,True
996,18.68,385.09,1.93,0.5,7.6,26.94,120.29,40.35,True
997,14.21,322.85,1.83,0.5,8.19,41.2,103.79,30.34,True
998,18.88,387.82,1.94,0.5,7.57,26.31,121.01,40.79,True
999,23.38,450.55,2.03,0.5,6.98,11.95,137.63,50.88,True
1000,19.7,399.22,1.95,0.5,7.46,23.7,124.03,42.63,True
1001,23.16,447.44,2.03,0.5,7.01,12.66,136.81,50.38,True
1002,6.85,220.18,1.67,0.5,9.16,64.71,76.59,13.82,True
1003,16.09,348.99,1.87,0.5,7.94,35.21,110.72,34.54,True
1004,26.73,497.25,2.11,0.5,6.54,1.25,150.01,58.4,True
1005,26.77,497.77,2.11,0.5,6.53,1.13,150.15,58.48,True
1006,11.17,280.36,1.77,0.5,8.59,50.93,92.53,23.5,True
1007,24.23,462.38,2.05,0.5,6.87,9.23,140.77,52.79,True
1008,14.26,323.52,1.83,0.5,8.18,41.04,103.97,30.45,True
1009,12.17,294.35,1.79,0.5,8.46,47.72,96.24,25.75,True
1010,11.12,279.79,1.77,0.5,8.59,51.06,92.38,23.41,True
1011,24.43,465.14,2.06,0.5,6.84,8.6,141.5,53.23,True
1012,10.53,271.57,1.75,0.5,8.67,52.94,90.2,22.09,True
1013,5.8,205.58,1.65,0.5,9.3,68.06,72.72,11.47,True
1014,19.01,389.62,1.94,0.5,7.55,25.9,121.48,41.08,True
1015,4.72,190.49,1.63,0.5,9.44,71.51,68.72,9.04,True
1016,16.13,349.56,1.88,0.5,7.93,35.08,110.87,34.64,True
1017,16.04,348.23,1.87,0.5,7.95,35.38,110.52,34.42,True
1018,13.66,315.13,1.82,0.5,8.26,42.96,101.75,29.1,True
1019,18.66,384.74,1.93,0.5,7.6,27.02,120.19,40.3,True
1020,13.83,317.48,1.83,0.5,8.24,42.42,102.37,29.48,True
1021,10.44,270.22,1.75,0.5,8.68,53.25,89.85,21.87,True
1022,12.68,301.42,1.8,0.5,8.39,46.1,98.11,26.89,True
1023,7.49,229.13,1.69,0.5,9.07,62.66,78.96,15.26,True
1024,15.8,344.96,1.87,0.5,7.98,36.13,109.65,33.9,True
1025,17.89,374.03,1.91,0.5,7.7,29.47,117.36,38.57,True
1026,14.6,328.28,1.84,0.5,8.13,39.95,105.23,31.21,True
1027,5.43,200.46,1.64,0.5,9.34,69.23,71.36,10.65,True
1028,17.44,367.77,1.9,0.5,7.76,30.91,115.7,37.57,True
1029,24.09,460.48,2.05,0.5,6.88,9.67,140.26,52.48,True
1030,4.9,193.05,1.63,0.5,9.41,70.93,69.4,9.46,True
1031,10.92,276.93,1.76,0.5,8.62,51.71,91.63,22.95,True
1032,20.17,405.84,1.96,0.5,7.4,22.19,125.78,43.69,True
1033,14.22,322.9,1.83,0.5,8.19,41.18,103.81,30.35,True
1034,5.88,206.74,1.65,0.5,9.28,67.79,73.03,11.66,True
1035,10.22,267.17,1.75,0.5,8.71,53.95,89.04,21.38,True
1036,13.03,306.37,1.81,0.5,8.34,44.97,99.43,27.69,True
1037,15.41,339.44,1.86,0.5,8.03,37.4,108.19,33.01,True
1038,19.73,399.69,1.95,0.5,7.46,23.59,124.16,42.7,True
1039,9.13,252.02,1.72,0.5,8.86,57.42,85.02,18.94,True
1040,21.5,424.41,1.99,0.5,7.22,17.93,130.7,46.68,True
1041,19.66,398.67,1.95,0.5,7.47,23.83,123.88,42.54,True
1042,9.82,261.57,1.74,0.5,8.77,55.23,87.55,20.48,True
1043,11.89,290.42,1.78,0.5,8.49,48.62,95.2,25.12,True
1044,8.94,249.37,1.72,0.5,8.88,58.03,84.32,18.52,True
1045,24.95,472.38,2.07,0.5,6.77,6.94,143.42,54.4,True
1046,23.09,446.47,2.03,0.5,7.02,12.88,136.55,50.23,True
1047,5.48,201.15,1.64,0.5,9.34,69.07,71.54,10.76,True
1048,4.55,188.21,1.62,0.5,9.46,72.04,68.12,8.68,True
1049,11.69,287.69,1.78,0.5,8.52,49.25,94.48,24.68,True
1050,15.52,341.0,1.86,0.5,8.01,37.04,108.6,33.26,True
1051,9.1,251.59,1.72,0.5,8.86,57.52,84.91,18.87,True
1052,21.82,428.85,2.0,0.5,7.18,16.91,131.88,47.39,True
1053,21.76,428.05,2.0,0.5,7.19,17.1,131.67,47.26,True
1054,15.39,339.27,1.86,0.5,8.03,37.43,108.15,32.98,True
1055,20.69,413.05,1.98,0.5,7.33,20.54,127.69,44.85,True
1056,24.1,460.55,2.05,0.5,6.88,9.66,140.28,52.49,True
1057,24.19,461.84,2.05,0.5,6.87,9.36,140.62,52.7,True
1058,7.05,223.01,1.68,0.5,9.13,64.06,77.34,14.28,True
1059,13.4,311.45,1.82,0.5,8.29,43.81,100.77,28.5,True
1060,18.95,388.88,1.94,0.5,7.56,26.07,121.29,40.96,True
1061,17.44,367.81,1.9,0.5,7.76,30.9,115.71,37.57,True
1062,19.06,390.36,1.94,0.5,7.55,25.73,121.68,41.2,True
1063,5.39,199.84,1.64,0.5,9.35,69.37,71.2,10.55,True
1064,21.96,430.79,2.0,0.5,7.16,16.47,132.39,47.7,True
1065,24.51,466.37,2.06,0.5,6.83,8.32,141.82,53.43,True
1066,15.63,342.52,1.86,0.5,8.0,36.69,109.01,33.5,True
1067,17.11,363.16,1.9,0.5,7.8,31.96,114.47,36.82,True
1068,15.53,341.11,1.86,0.5,8.01,37.01,108.63,33.28,True
1069,5.38,199.81,1.64,0.5,9.35,69.38,71.19,10.54,True
1070,20.63,412.24,1.97,0.5,7.34,20.72,127.48,44.72,True
1071,11.41,283.73,1.77,0.5,8.56,50.16,93.43,24.04,True
1072,5.79,205.42,1.65,0.5,9.3,68.09,72.68,11.45,True
1073,19.33,394.11,1.95,0.5,7.51,24.87,122.68,41.8,True
1074,21.47,424.0,1.99,0.5,7.23,18.03,130.6,46.61,True
1075,17.01,361.77,1.89,0.5,7.82,32.28,114.11,36.6,True
1076,20.93,416.48,1.98,0.5,7.3,19.75,128.6,45.4,True
1077,20.73,413.64,1.98,0.5,7.33,20.4,127.85,44.95,True
1078,23.99,459.12,2.05,0.5,6.9,9.98,139.9,52.26,True
1079,26.08,488.13,2.09,0.5,6.62,3.34,147.59,56.93,True
1080,9.71,260.02,1.74,0.5,8.78,55.59,87.14,20.23,True
1081,20.86,415.38,1.98,0.5,7.31,20.0,128.31,45.23,True
1082,23.07,446.26,2.03,0.5,7.02,12.93,136.49,50.19,True
1083,14.12,321.5,1.83,0.5,8.2,41.51,103.43,30.12,True
1084,26.94,500.1,2.11,0.5,6.51,0.6,150.76,58.86,True
1085,22.58,439.37,2.02,0.5,7.08,14.51,134.67,49.08,True
1086,23.12,446.89,2.03,0.5,7.01,12.78,136.66,50.29,True
1087,26.5,494.01,2.1,0.5,6.57,1.99,149.15,57.88,True
1088,16.66,356.88,1.89,0.5,7.86,33.4,112.81,35.81,True
1089,10.0,264.09,1.74,0.5,8.74,54.66,88.22,20.88,True
1090,14.63,328.57,1.84,0.5,8.13,39.89,105.31,31.26,True
1091,15.96,347.21,1.87,0.5,7.96,35.62,110.25,34.26,True
1092,24.21,462.15,2.05,0.5,6.87,9.29,140.71,52.75,True
1093,16.09,349.01,1.87,0.5,7.94,35.2,110.72,34.55,True
1094,5.09,195.76,1.63,0.5,9.39,70.31,70.12,9.89,True
1095,14.78,330.79,1.85,0.5,8.11,39.38,105.9,31.62,True
1096,8.34,241.02,1.71,0.5,8.96,59.94,82.11,17.17,True
1097,12.24,295.39,1.79,0.5,8.45,47.48,96.52,25.92,True
1098,5.21,197.41,1.64,0.5,9.37,69.93,70.55,10.16,True
1099,7.98,236.0,1.7,0.5,9.01,61.09,80.78,16.37,True
1100,14.18,322.34,1.83,0.5,8.19,41.31,103.66,30.26,True
1101,17.99,375.46,1.92,0.5,7.69,29.15,117.73,38.8,True
1102,16.87,359.8,1.89,0.5,7.84,32.73,113.58,36.28,True
1103,5.2,197.28,1.64,0.5,9.37,69.96,70.52,10.14,True
1104,8.65,245.34,1.71,0.5,8.92,58.95,83.25,17.87,True
1105,11.25,281.47,1.77,0.5,8.58,50.67,92.83,23.68,True
1106,10.73,274.35,1.76,0.5,8.64,52.3,90.94,22.54,True
1107,16.22,350.82,1.88,0.5,7.92,34.79,111.2,34.84,True
1108,22.12,433.07,2.01,0.5,7.14,15.95,133.0,48.07,True
1109,25.6,481.53,2.08,0.5,6.68,4.85,145.84,55.87,True
1110,4.91,193.24,1.63,0.5,9.41,70.88,69.45,9.49,True
1111,14.12,321.57,1.83,0.5,8.2,41.49,103.45,30.13,True
1112,4.77,191.24,1.63,0.5,9.43,71.34,68.92,9.16,True
1113,23.69,454.92,2.04,0.5,6.94,10.94,138.79,51.59,True
1114,15.16,336.06,1.85,0.5,8.06,38.17,107.29,32.46,True
1115,18.31,379.86,1.92,0.5,7.65,28.14,118.9,39.51,True
1116,23.4,450.86,2.03,0.5,6.97,11.87,137.71,50.93,True
1117,14.16,322.11,1.83,0.5,8.19,41.37,103.6,30.22,True
1118,22.31,435.71,2.01,0.5,7.12,15.34,133.7,48.5,True
1119,25.22,476.17,2.07,0.5,6.73,6.08,144.42,55.01,True
1120,16.12,349.34,1.88,0.5,7.94,35.13,110.81,34.6,True
1121,5.16,196.64,1.64,0.5,9.38,70.11,70.35,10.03,True
1122,18.44,381.72,1.93,0.5,7.63,27.71,119.39,39.81,True
1123,12.8,303.2,1.8,0.5,8.37,45.7,98.59,27.18,True
1124,11.13,279.89,1.77,0.5,8.59,51.03,92.41,23.43,True
1125,11.59,286.3,1.78,0.5,8.53,49.57,94.11,24.46,True
1126,14.67,329.22,1.84,0.5,8.13,39.74,105.48,31.36,True
1127,14.81,331.11,1.85,0.5,8.11,39.3,105.98,31.67,True
1128,17.14,363.55,1.9,0.5,7.8,31.87,114.58,36.89,True
1129,18.53,382.99,1.93,0.5,7.62,27.42,119.73,40.01,True
1130,26.19,489.68,2.1,0.5,6.61,2.98,148.0,57.18,True
1131,26.13,488.88,2.09,0.5,6.61,3.17,147.79,57.05,True
1132,16.16,349.89,1.88,0.5,7.93,35.0,110.96,34.69,True
1133,9.5,257.09,1.73,0.5,8.81,56.26,86.37,19.76,True
1134,19.86,401.49,1.96,0.5,7.44,23.18,124.63,42.99,True
1135,7.22,225.35,1.68,0.5,9.11,63.53,77.96,14.65,True
1136,15.83,345.42,1.87,0.5,7.97,36.03,109.77,33.97,True
1137,17.99,375.52,1.92,0.5,7.69,29.13,117.75,38.81,True
1138,26.79,498.1,2.11,0.5,6.53,1.05,150.23,58.53,True
1139,13.07,306.9,1.81,0.5,8.34,44.85,99.57,27.77,True
1140,11.18,280.5,1.77,0.5,8.59,50.9,92.57,23.52,True
1141,10.94,277.16,1.76,0.5,8.62,51.66,91.69,22.99,True
1142,5.82,205.86,1.65,0.5,9.29,67.99,72.79,11.52,True
1143,11.37,283.19,1.77,0.5,8.56,50.28,93.28,23.96,True
1144,14.45,326.06,1.84,0.5,8.16,40.46,104.64,30.86,True
1145,9.17,252.52,1.72,0.5,8.85,57.31,85.16,19.02,True
1146,4.61,188.96,1.62,0.5,9.45,71.86,68.31,8.8,True
1147,16.04,348.35,1.87,0.5,7.94,35.35,110.55,34.44,True
1148,14.59,328.06,1.84,0.5,8.14,40.0,105.17,31.18,True
1149,9.36,255.14,1.73,0.5,8.83,56.7,85.85,19.45,True
1150,15.51,340.92,1.86,0.5,8.01,37.06,108.58,33.25,True
1151,9.39,255.61,1.73,0.5,8.82,56.6,85.98,19.52,True
1152,10.93,277.15,1.76,0.5,8.62,51.66,91.68,22.99,True
1153,11.49,284.9,1.77,0.5,8.55,49.89,93.74,24.23,True
1154,13.41,311.63,1.82,0.5,8.29,43.77,100.82,28.53,True
1155,6.03,208.78,1.65,0.5,9.27,67.32,73.57,11.99,True
1156,26.49,493.87,2.1,0.5,6.57,2.02,149.11,57.85,True
1157,13.6,314.23,1.82,0.5,8.27,43.17,101.51,28.95,True
1158,21.56,425.2,1.99,0.5,7.22,17.75,130.91,46.8,True
1159,7.3,226.51,1.68,0.5,9.1,63.26,78.26,14.84,True
1160,8.28,240.22,1.7,0.5,8.97,60.12,81.9,17.05,True
1161,10.87,276.21,1.76,0.5,8.63,51.88,91.43,22.83,True
1162,26.85,498.88,2.11,0.5,6.52,0.87,150.44,58.66,True
1163,21.22,420.41,1.99,0.5,7.26,18.85,129.64,46.03,True
1164,17.32,366.1,1.9,0.5,7.78,31.29,115.25,37.3,True
1165,5.06,195.24,1.63,0.5,9.39,70.42,69.98,9.81,True
1166,15.87,345.93,1.87,0.5,7.97,35.91,109.91,34.05,True
1167,20.7,413.21,1.98,0.5,7.33,20.5,127.74,44.88,True
1168,24.13,460.98,2.05,0.5,6.88,9.56,140.4,52.56,True
1169,5.3,198.66,1.64,0.5,9.36,69.64,70.88,10.36,True
1170,23.13,447.02,2.03,0.5,7.01,12.75,136.7,50.32,True
1171,4.45,186.78,1.62,0.5,9.47,72.36,67.74,8.45,True
1172,9.73,260.36,1.74,0.5,8.78,55.51,87.23,20.29,True
1173,16.83,359.34,1.89,0.5,7.84,32.84,113.46,36.21,True
1174,13.13,307.71,1.81,0.5,8.33,44.66,99.78,27.9,True
1175,26.47,493.62,2.1,0.5,6.57,2.08,149.04,57.81,True
1176,16.79,358.7,1.89,0.5,7.85,32.98,113.29,36.11,True
1177,22.66,440.5,2.02,0.5,7.07,14.25,134.97,49.27,True
1178,21.38,422.76,1.99,0.5,7.24,18.31,130.27,46.41,True
1179,13.25,309.47,1.81,0.5,8.31,44.26,100.25,28.19,True
1180,5.3,198.6,1.64,0.5,9.36,69.66,70.87,10.35,True
1181,18.24,378.96,1.92,0.5,7.65,28.34,118.66,39.37,True
1182,6.39,213.79,1.66,0.5,9.22,66.18,74.89,12.79,True
1183,22.34,436.11,2.01,0.5,7.11,15.25,133.81,48.56,True
1184,20.29,407.52,1.97,0.5,7.38,21.8,126.23,43.96,True
1185,19.03,389.9,1.94,0.5,7.55,25.84,121.56,41.13,True
1186,26.08,488.11,2.09,0.5,6.62,3.34,147.59,56.93,True
1187,14.03,320.22,1.83,0.5,8.21,41.8,103.1,29.92,True
1188,12.12,293.66,1.79,0.5,8.46,47.88,96.06,25.64,True
1189,20.62,412.13,1.97,0.5,7.34,20.75,127.45,44.7,True
1190,19.26,393.18,1.94,0.5,7.52,25.08,122.43,41.65,True
1191,5.4,200.01,1.64,0.5,9.35,69.33,71.24,10.58,True
1192,20.21,406.35,1.96,0.5,7.4,22.07,125.92,43.77,True
1193,5.51,201.53,1.64,0.5,9.33,68.98,71.65,10.82,True
1194,10.56,271.86,1.75,0.5,8.67,52.87,90.28,22.14,True
1195,15.51,340.9,1.86,0.5,8.02,37.06,108.58,33.24,True
1196,16.4,353.24,1.88,0.5,7.9,34.24,111.85,35.23,True
1197,10.54,271.71,1.75,0.5,8.67,52.91,90.24,22.11,True
1198,18.02,375.89,1.92,0.5,7.68,29.05,117.85,38.87,True
1199,11.83,289.6,1.78,0.5,8.5,48.81,94.98,24.99,True
1200,24.63,467.99,2.06,0.5,6.81,7.95,142.25,53.69,True
1201,15.53,341.12,1.86,0.5,8.01,37.01,108.63,33.28,True
1202,4.65,189.59,1.62,0.5,9.45,71.72,68.48,8.9,True
1203,11.65,287.14,1.78,0.5,8.52,49.38,94.33,24.59,True
1204,9.0,250.14,1.72,0.5,8.87,57.85,84.52,18.64,True
1205,24.78,470.01,2.06,0.5,6.79,7.49,142.79,54.01,True
1206,19.65,398.64,1.95,0.5,7.47,23.84,123.88,42.53,True
1207,14.14,321.79,1.83,0.5,8.2,41.44,103.51,30.17,True
1208,10.02,264.41,1.74,0.5,8.74,54.58,88.31,20.94,True
1209,4.26,184.19,1.62,0.5,9.5,72.96,67.05,8.03,True
1210,20.86,415.45,1.98,0.5,7.31,19.98,128.33,45.24,True
1211,9.82,261.6,1.74,0.5,8.77,55.23,87.56,20.48,True
1212,8.22,239.27,1.7,0.5,8.98,60.34,81.65,16.89,True
1213,19.12,391.2,1.94,0.5,7.54,25.54,121.9,41.33,True
1214,23.84,456.96,2.04,0.5,6.92,10.48,139.33,51.91,True
1215,26.52,494.25,2.1,0.5,6.56,1.94,149.21,57.91,True
1216,12.65,301.03,1.8,0.5,8.39,46.19,98.01,26.83,True
1217,25.96,486.51,2.09,0.5,6.64,3.71,147.16,56.67,True
1218,5.04,195.05,1.63,0.5,9.4,70.47,69.93,9.78,True
1219,26.64,496.02,2.11,0.5,6.55,1.53,149.68,58.2,True
1220,22.93,444.26,2.02,0.5,7.04,13.39,135.97,49.87,True
1221,18.89,388.01,1.94,0.5,7.57,26.27,121.06,40.82,True
1222,22.5,438.28,2.02,0.5,7.09,14.76,134.38,48.91,True
1223,4.43,186.45,1.62,0.5,9.48,72.44,67.65,8.39,True
1224,14.28,323.75,1.84,0.5,8.18,40.99,104.03,30.48,True
1225,23.79,456.31,2.04,0.5,6.92,10.63,139.16,51.81,True
1226,5.08,195.58,1.63,0.5,9.39,70.35,70.07,9.86,True
1227,13.66,315.1,1.82,0.5,8.26,42.97,101.74,29.09,True
1228,17.18,364.22,1.9,0.5,7.79,31.72,114.76,37.0,True
1229,19.16,391.71,1.94,0.5,7.53,25.42,122.04,41.42,True
1230,11.05,278.82,1.76,0.5,8.6,51.28,92.13,23.26,True
1231,23.48,452.0,2.04,0.5,6.96,11.61,138.02,51.12,True
1232,19.71,399.47,1.95,0.5,7.46,23.65,124.1,42.66,True
1233,17.21,364.56,1.9,0.5,7.79,31.64,114.85,37.05,True
1234,20.9,416.03,1.98,0.5,7.3,19.85,128.48,45.33,True
1235,21.07,418.42,1.98,0.5,7.28,19.3,129.12,45.71,True
1236,20.24,406.79,1.97,0.5,7.39,21.97,126.04,43.84,True
1237,9.03,250.58,1.72,0.5,8.87,57.75,84.64,18.71,True
1238,13.21,308.8,1.81,0.5,8.32,44.41,100.07,28.08,True
1239,17.89,374.06,1.91,0.5,7.7,29.47,117.36,38.58,True
1240,14.07,323.05,1.98,0.69,12.83,73.17,63.85,-76.94,False
1241,17.47,371.3,2.11,0.75,13.99,73.22,62.76,-106.41,False
1242,15.71,346.38,2.04,0.72,13.39,73.19,63.33,-91.19,False
1243,17.08,365.82,2.1,0.75,13.86,73.22,62.89,-103.07,False
1244,16.12,352.2,2.06,0.73,13.53,73.2,63.19,-94.75,False
1245,14.41,327.93,2.0,0.7,12.95,73.17,63.74,-79.92,False
1246,19.29,397.01,2.18,0.79,14.61,73.25,62.18,-122.12,False
1247,15.95,349.77,2.05,0.73,13.48,73.2,63.25,-93.26,False
1248,19.32,397.54,2.18,0.79,14.62,73.25,62.17,-122.45,False
1249,15.14,338.29,2.02,0.71,13.2,73.18,63.51,-86.25,False
1250,17.51,371.91,2.11,0.76,14.01,73.22,62.75,-106.79,False
1251,13.12,309.66,1.95,0.67,12.51,73.15,64.16,-68.76,False
1252,16.5,357.59,2.07,0.74,13.66,73.21,63.07,-98.04,False
1253,16.93,363.6,2.09,0.74,13.81,73.21,62.94,-101.71,False
1254,18.83,390.6,2.16,0.78,14.45,73.25,62.33,-118.2,False
1255,13.19,310.65,1.95,0.67,12.54,73.15,64.13,-69.37,False
1256,19.53,400.46,2.19,0.79,14.69,73.26,62.1,-124.23,False
1257,14.02,322.44,1.98,0.69,12.82,73.17,63.87,-76.57,False
1258,18.25,382.38,2.14,0.77,14.26,73.24,62.51,-113.18,False
1259,15.15,338.39,2.02,0.71,13.2,73.18,63.51,-86.31,False
1260,16.68,360.05,2.08,0.74,13.72,73.21,63.02,-99.54,False
1261,13.95,321.44,1.98,0.69,12.8,73.16,63.89,-75.96,False
1262,19.27,396.73,2.18,0.79,14.6,73.25,62.19,-121.95,False
1263,17.08,365.82,2.1,0.75,13.86,73.22,62.89,-103.07,False
1264,13.08,309.1,1.95,0.67,12.5,73.15,64.17,-68.42,False
1265,16.98,364.38,2.09,0.74,13.83,73.22,62.92,-102.19,False
1266,12.25,297.37,1.92,0.65,12.22,73.14,64.44,-61.25,False
1267,14.32,326.73,1.99,0.69,12.92,73.17,63.77,-79.19,False
1268,17.64,373.73,2.12,0.76,14.05,73.23,62.71,-107.9,False
1269,14.81,333.59,2.01,0.7,13.09,73.18,63.62,-83.38,False
1270,14.82,333.81,2.01,0.7,13.09,73.18,63.61,-83.51,False
1271,15.24,339.62,2.03,0.71,13.23,73.19,63.48,-87.06,False
1272,17.02,364.97,2.09,0.75,13.84,73.22,62.91,-102.55,False
1273,19.71,402.98,2.19,0.8,14.75,73.26,62.05,-125.76,False
1274,19.63,401.89,2.19,0.8,14.73,73.26,62.07,-125.1,False
1275,14.75,332.7,2.01,0.7,13.07,73.18,63.64,-82.84,False
1276,12.63,302.73,1.93,0.66,12.35,73.14,64.31,-64.53,False
1277,18.05,379.55,2.13,0.77,14.19,73.23,62.58,-111.45,False
1278,18.12,380.53,2.13,0.77,14.21,73.23,62.55,-112.05,False
1279,18.27,382.6,2.14,0.77,14.26,73.24,62.51,-113.32,False
1280,16.52,357.77,2.07,0.74,13.67,73.21,63.07,-98.15,False
1281,19.41,398.77,2.18,0.79,14.65,73.26,62.14,-123.2,False
1282,15.76,347.08,2.05,0.72,13.41,73.19,63.31,-91.62,False
1283,19.61,401.59,2.19,0.8,14.72,73.26,62.08,-124.91,False
1284,14.06,322.99,1.98,0.69,12.83,73.17,63.86,-76.9,False
1285,16.57,358.5,2.08,0.74,13.68,73.21,63.05,-98.59,False
1286,15.99,350.26,2.05,0.73,13.49,73.2,63.24,-93.56,False
1287,15.97,350.08,2.05,0.73,13.48,73.2,63.24,-93.45,False
1288,17.37,369.83,2.11,0.75,13.96,73.22,62.8,-105.51,False
1289,14.33,326.79,1.99,0.69,12.92,73.17,63.77,-79.23,False
1290,19.65,402.16,2.19,0.8,14.73,73.26,62.06,-125.27,False
1291,13.32,312.44,1.95,0.67,12.58,73.15,64.09,-70.46,False
1292,13.47,314.68,1.96,0.68,12.63,73.16,64.04,-71.83,False
1293,16.13,352.25,2.06,0.73,13.54,73.2,63.19,-94.78,False
1294,16.78,361.46,2.08,0.74,13.76,73.21,62.99,-100.4,False
1295,14.53,329.65,2.0,0.7,12.99,73.17,63.7,-80.97,False
1296,15.91,349.14,2.05,0.72,13.46,73.2,63.26,-92.88,False
1297,13.01,308.06,1.94,0.67,12.48,73.15,64.19,-67.79,False
1298,12.44,299.99,1.92,0.66,12.28,73.14,64.38,-62.85,False
1299,13.09,309.26,1.95,0.67,12.5,73.15,64.17,-68.51,False
1300,15.12,337.93,2.02,0.71,13.19,73.18,63.52,-86.03,False
1301,19.61,401.58,2.19,0.8,14.72,73.26,62.08,-124.91,False
1302,16.53,357.94,2.08,0.74,13.67,73.21,63.06,-98.25,False
1303,17.23,367.85,2.1,0.75,13.91,73.22,62.84,-104.31,False
1304,13.22,311.08,1.95,0.67,12.55,73.15,64.12,-69.63,False
1305,16.88,362.89,2.09,0.74,13.79,73.21,62.95,-101.28,False
1306,14.91,334.97,2.01,0.7,13.12,73.18,63.58,-84.22,False
1307,14.97,335.81,2.02,0.71,13.14,73.18,63.57,-84.73,False
1308,12.83,305.57,1.94,0.67,12.42,73.15,64.25,-66.26,False
1309,17.57,372.7,2.11,0.76,14.03,73.23,62.73,-107.27,False
1310,16.26,354.21,2.07,0.73,13.58,73.2,63.15,-95.97,False
1311,14.32,326.69,1.99,0.69,12.92,73.17,63.77,-79.16,False
1312,18.79,390.03,2.16,0.78,14.44,73.25,62.34,-117.86,False
1313,16.35,355.44,2.07,0.73,13.61,73.2,63.12,-96.73,False
1314,13.41,313.79,1.96,0.68,12.61,73.15,64.06,-71.28,False
1315,19.08,394.14,2.17,0.79,14.54,73.25,62.25,-120.37,False
1316,19.41,398.81,2.18,0.79,14.65,73.26,62.14,-123.22,False
1317,18.61,387.47,2.15,0.78,14.38,73.24,62.4,-116.29,False
1318,15.81,347.8,2.05,0.72,13.43,73.2,63.29,-92.06,False
1319,13.65,317.14,1.97,0.68,12.69,73.16,63.99,-73.33,False
1320,17.97,378.31,2.13,0.76,14.16,73.23,62.6,-110.7,False
1321,16.21,353.43,2.06,0.73,13.56,73.2,63.17,-95.5,False
1322,17.84,376.46,2.12,0.76,14.12,73.23,62.65,-109.56,False
1323,13.31,312.41,1.95,0.67,12.58,73.15,64.09,-70.44,False
1324,16.91,363.35,2.09,0.74,13.8,73.21,62.94,-101.56,False
1325,15.28,340.3,2.03,0.71,13.25,73.19,63.46,-87.48,False
1326,19.01,393.06,2.17,0.78,14.51,73.25,62.27,-119.7,False
1327,15.42,342.24,2.03,0.71,13.29,73.19,63.42,-88.66,False
1328,16.19,353.17,2.06,0.73,13.56,73.2,63.17,-95.34,False
1329,13.14,309.99,1.95,0.67,12.52,73.15,64.15,-68.96,False
1330,14.67,331.66,2.01,0.7,13.04,73.18,63.66,-82.2,False
1331,14.59,330.55,2.0,0.7,13.01,73.17,63.68,-81.52,False
1332,14.83,333.83,2.01,0.7,13.09,73.18,63.61,-83.53,False
1333,13.71,318.03,1.97,0.68,12.71,73.16,63.97,-73.87,False
1334,14.27,326.0,1.99,0.69,12.91,73.17,63.79,-78.74,False
1335,15.56,344.22,2.04,0.72,13.34,73.19,63.38,-89.87,False
1336,17.66,374.01,2.12,0.76,14.06,73.23,62.7,-108.07,False
1337,12.88,306.31,1.94,0.67,12.43,73.15,64.23,-66.72,False
1338,12.27,297.65,1.92,0.65,12.23,73.14,64.43,-61.43,False
1339,12.41,299.63,1.92,0.66,12.27,73.14,64.38,-62.64,False
1340,14.06,322.96,1.98,0.69,12.83,73.17,63.86,-76.89,False
1341,18.81,390.2,2.16,0.78,14.44,73.25,62.33,-117.96,False
1342,17.12,366.36,2.1,0.75,13.87,73.22,62.87,-103.4,False
1343,16.46,357.0,2.07,0.73,13.65,73.21,63.09,-97.68,False
1344,16.66,359.82,2.08,0.74,13.72,73.21,63.02,-99.4,False
1345,15.64,345.36,2.04,0.72,13.37,73.19,63.35,-90.57,False
1346,15.39,341.87,2.03,0.71,13.29,73.19,63.43,-88.44,False
1347,12.53,301.29,1.93,0.66,12.31,73.14,64.35,-63.65,False
1348,16.97,364.24,2.09,0.74,13.82,73.22,62.92,-102.1,False
1349,13.16,310.24,1.95,0.67,12.53,73.15,64.14,-69.12,False
1350,15.55,344.08,2.04,0.72,13.34,73.19,63.38,-89.79,False
1351,18.43,384.84,2.15,0.77,14.32,73.24,62.46,-114.69,False
1352,13.79,319.17,1.97,0.68,12.74,73.16,63.94,-74.57,False
1353,17.5,371.68,2.11,0.75,14.0,73.22,62.75,-106.65,False
1354,18.9,391.55,2.16,0.78,14.48,73.25,62.3,-118.78,False
1355,19.75,403.55,2.2,0.8,14.77,73.26,62.03,-126.12,False
1356,15.07,337.31,2.02,0.71,13.18,73.18,63.53,-85.65,False
1357,19.58,401.14,2.19,0.79,14.71,73.26,62.09,-124.64,False
1358,15.85,348.35,2.05,0.72,13.44,73.2,63.28,-92.39,False
1359,16.95,363.92,2.09,0.74,13.81,73.21,62.93,-101.91,False
1360,13.36,313.05,1.96,0.68,12.59,73.15,64.08,-70.83,False
1361,16.42,356.35,2.07,0.73,13.63,73.21,63.1,-97.28,False
1362,18.77,389.75,2.16,0.78,14.43,73.25,62.35,-117.68,False
1363,14.03,322.55,1.98,0.69,12.82,73.17,63.87,-76.63,False
1364,12.3,298.01,1.92,0.65,12.23,73.14,64.42,-61.64,False
1365,17.05,365.31,2.09,0.75,13.85,73.22,62.9,-102.75,False
1366,16.36,355.57,2.07,0.73,13.61,73.2,63.12,-96.8,False
1367,14.24,325.47,1.99,0.69,12.89,73.17,63.8,-78.42,False
1368,17.67,374.16,2.12,0.76,14.06,73.23,62.7,-108.16,False
1369,17.64,373.76,2.12,0.76,14.05,73.23,62.71,-107.91,False
1370,13.21,310.88,1.95,0.67,12.54,73.15,64.13,-69.51,False
1371,18.61,387.38,2.15,0.78,14.38,73.24,62.4,-116.23,False
1372,13.05,308.65,1.94,0.67,12.49,73.15,64.18,-68.14,False
1373,13.94,321.22,1.98,0.69,12.79,73.16,63.9,-75.82,False
1374,18.18,381.37,2.14,0.77,14.23,73.24,62.53,-112.57,False
1375,12.47,300.41,1.92,0.66,12.29,73.14,64.37,-63.11,False
1376,17.49,371.52,2.11,0.75,14.0,73.22,62.76,-106.55,False
1377,19.09,394.2,2.17,0.79,14.54,73.25,62.24,-120.4,False
1378,14.67,331.55,2.01,0.7,13.04,73.18,63.66,-82.13,False
1379,14.14,324.12,1.99,0.69,12.86,73.17,63.83,-77.59,False
1380,18.24,382.25,2.14,0.77,14.25,73.24,62.51,-113.1,False
1381,14.71,332.25,2.01,0.7,13.06,73.18,63.65,-82.56,False
1382,15.95,349.81,2.05,0.73,13.48,73.2,63.25,-93.29,False
1383,12.4,299.45,1.92,0.66,12.27,73.14,64.39,-62.52,False
1384,18.4,384.52,2.15,0.77,14.31,73.24,62.46,-114.49,False
1385,13.09,309.26,1.95,0.67,12.5,73.15,64.17,-68.51,False
1386,19.77,403.88,2.2,0.8,14.77,73.26,62.03,-126.31,False
1387,16.94,363.72,2.09,0.74,13.81,73.21,62.93,-101.79,False
1388,12.29,297.91,1.92,0.65,12.23,73.14,64.42,-61.59,False
1389,18.8,390.13,2.16,0.78,14.44,73.25,62.34,-117.92,False
1390,13.07,309.0,1.95,0.67,12.5,73.15,64.17,-68.36,False
1391,16.27,354.28,2.07,0.73,13.58,73.2,63.15,-96.02,False
1392,12.69,303.62,1.93,0.66,12.37,73.14,64.29,-65.07,False
1393,16.02,350.73,2.06,0.73,13.5,73.2,63.23,-93.85,False
1394,18.82,390.44,2.16,0.78,14.45,73.25,62.33,-118.1,False
1395,12.41,299.61,1.92,0.66,12.27,73.14,64.38,-62.62,False
1396,18.63,387.73,2.15,0.78,14.39,73.24,62.39,-116.45,False
1397,17.39,370.11,2.11,0.75,13.96,73.22,62.79,-105.69,False
1398,12.46,300.37,1.92,0.66,12.29,73.14,64.37,-63.09,False
1399,15.75,346.89,2.05,0.72,13.41,73.19,63.31,-91.5,False
1400,12.97,307.59,1.94,0.67,12.46,73.15,64.2,-67.5,False
1401,12.67,303.3,1.93,0.66,12.36,73.14,64.3,-64.88,False
1402,13.4,313.67,1.96,0.68,12.61,73.15,64.07,-71.21,False
1403,16.86,362.7,2.09,0.74,13.79,73.21,62.96,-101.16,False
1404,17.33,369.26,2.11,0.75,13.94,73.22,62.81,-105.17,False
1405,17.77,375.55,2.12,0.76,14.09,73.23,62.67,-109.01,False
1406,13.55,315.71,1.96,0.68,12.66,73.16,64.02,-72.46,False
1407,15.62,345.06,2.04,0.72,13.36,73.19,63.36,-90.38,False
1408,19.82,404.62,2.2,0.8,14.79,73.26,62.01,-126.77,False
1409,13.89,320.55,1.98,0.69,12.77,73.16,63.91,-75.41,False
1410,17.5,371.7,2.11,0.75,14.0,73.22,62.75,-106.66,False
1411,13.45,314.39,1.96,0.68,12.63,73.16,64.05,-71.65,False
1412,12.8,305.09,1.94,0.66,12.4,73.14,64.26,-65.97,False
1413,18.86,390.99,2.16,0.78,14.46,73.25,62.32,-118.44,False
1414,17.29,368.74,2.1,0.75,13.93,73.22,62.82,-104.85,False
1415,14.25,325.71,1.99,0.69,12.9,73.17,63.79,-78.56,False
1416,18.73,389.06,2.16,0.78,14.42,73.24,62.36,-117.26,False
1417,16.41,356.32,2.07,0.73,13.63,73.21,63.1,-97.26,False
1418,15.41,342.03,2.03,0.71,13.29,73.19,63.42,-88.54,False
1419,16.69,360.28,2.08,0.74,13.73,73.21,63.01,-99.68,False
1420,17.42,370.55,2.11,0.75,13.97,73.22,62.78,-105.96,False
1421,13.64,317.03,1.97,0.68,12.69,73.16,63.99,-73.26,False
1422,13.37,313.19,1.96,0.68,12.6,73.15,64.08,-70.92,False
1423,17.02,364.89,2.09,0.75,13.84,73.22,62.91,-102.5,False
1424,12.97,307.57,1.94,0.67,12.46,73.15,64.2,-67.48,False
1425,15.82,347.84,2.05,0.72,13.43,73.2,63.29,-92.09,False
1426,18.63,387.66,2.15,0.78,14.38,73.24,62.39,-116.4,False
1427,13.97,321.64,1.98,0.69,12.8,73.16,63.89,-76.08,False
1428,14.16,324.45,1.99,0.69,12.87,73.17,63.82,-77.79,False
1429,17.04,365.15,2.09,0.75,13.84,73.22,62.9,-102.66,False
1430,17.05,365.31,2.09,0.75,13.85,73.22,62.9,-102.75,False
1431,15.07,337.25,2.02,0.71,13.18,73.18,63.53,-85.61,False
1432,14.91,335.06,2.01,0.71,13.12,73.18,63.58,-84.28,False
1433,17.02,364.97,2.09,0.75,13.84,73.22,62.91,-102.55,False
1434,16.13,352.24,2.06,0.73,13.53,73.2,63.19,-94.77,False
1435,12.39,299.27,1.92,0.66,12.26,73.14,64.39,-62.42,False
1436,14.63,331.03,2.0,0.7,13.03,73.18,63.67,-81.82,False
1437,19.44,399.19,2.18,0.79,14.66,73.26,62.13,-123.45,False
1438,12.22,296.88,1.91,0.65,12.21,73.13,64.45,-60.96,False
1439,19.77,403.93,2.2,0.8,14.77,73.26,62.02,-126.35,False
1440,13.06,308.79,1.95,0.67,12.49,73.15,64.18,-68.23,False
1441,12.34,298.67,1.92,0.66,12.25,73.14,64.41,-62.04,False
1442,18.41,384.63,2.15,0.77,14.31,73.24,62.46,-114.55,False
1443,15.48,343.14,2.04,0.72,13.32,73.19,63.4,-89.21,False
1444,14.4,327.75,2.0,0.7,12.95,73.17,63.75,-79.81,False
1445,14.3,326.44,1.99,0.69,12.92,73.17,63.78,-79.01,False
1446,13.66,317.29,1.97,0.68,12.7,73.16,63.98,-73.42,False
1447,15.11,337.78,2.02,0.71,13.19,73.18,63.52,-85.94,False
1448,16.55,358.27,2.08,0.74,13.68,73.21,63.06,-98.46,False
1449,17.09,365.95,2.1,0.75,13.86,73.22,62.88,-103.14,False
1450,13.45,314.26,1.96,0.68,12.62,73.16,64.05,-71.57,False
1451,19.77,403.89,2.2,0.8,14.77,73.26,62.03,-126.32,False
1452,17.27,368.4,2.1,0.75,13.92,73.22,62.83,-104.64,False
1453,16.02,350.69,2.06,0.73,13.5,73.2,63.23,-93.83,False
1454,12.8,305.06,1.94,0.66,12.4,73.14,64.26,-65.95,False
1455,14.36,327.27,1.99,0.69,12.94,73.17,63.76,-79.52,False
1456,17.67,374.09,2.12,0.76,14.06,73.23,62.7,-108.12,False
1457,16.98,364.41,2.09,0.74,13.83,73.22,62.92,-102.21,False
1458,17.22,367.78,2.1,0.75,13.91,73.22,62.84,-104.26,False
1459,15.9,348.99,2.05,0.72,13.46,73.2,63.27,-92.78,False
1460,12.42,299.75,1.92,0.66,12.28,73.14,64.38,-62.7,False
1461,19.69,402.67,2.19,0.8,14.74,73.26,62.05,-125.58,False
1462,13.97,321.72,1.98,0.69,12.8,73.16,63.88,-76.13,False
1463,14.13,324.02,1.99,0.69,12.86,73.17,63.83,-77.53,False
1464,14.94,335.39,2.02,0.71,13.13,73.18,63.57,-84.48,False
1465,19.16,395.21,2.17,0.79,14.57,73.25,62.22,-121.02,False
1466,16.84,362.37,2.09,0.74,13.78,73.21,62.96,-100.96,False
1467,19.68,402.52,2.19,0.8,14.74,73.26,62.06,-125.49,False
1468,17.8,375.97,2.12,0.76,14.1,73.23,62.66,-109.27,False
1469,17.09,365.84,2.1,0.75,13.86,73.22,62.89,-103.08,False
1470,17.95,378.05,2.13,0.76,14.15,73.23,62.61,-110.54,False
1471,18.11,380.39,2.13,0.77,14.21,73.23,62.56,-111.97,False
1472,19.41,398.7,2.18,0.79,14.65,73.26,62.14,-123.15,False
1473,14.21,325.03,1.99,0.69,12.88,73.17,63.81,-78.15,False
1474,12.46,300.24,1.92,0.66,12.29,73.14,64.37,-63.01,False
1475,12.95,307.32,1.94,0.67,12.46,73.15,64.21,-67.33,False
1476,19.75,403.56,2.2,0.8,14.77,73.26,62.03,-126.12,False
1477,15.84,348.16,2.05,0.72,13.44,73.2,63.29,-92.28,False
1478,13.08,309.14,1.95,0.67,12.5,73.15,64.17,-68.44,False
1479,18.83,390.52,2.16,0.78,14.45,73.25,62.33,-118.16,False
1480,13.85,320.04,1.98,0.68,12.76,73.16,63.92,-75.1,False
1481,17.38,369.98,2.11,0.75,13.96,73.22,62.79,-105.6,False
1482,17.62,373.47,2.12,0.76,14.04,73.23,62.71,-107.74,False
1483,16.14,352.47,2.06,0.73,13.54,73.2,63.19,-94.91,False
1484,17.59,372.94,2.11,0.76,14.03,73.23,62.73,-107.42,False
1485,16.98,364.33,2.09,0.74,13.82,73.22,62.92,-102.15,False
1486,18.94,392.13,2.17,0.78,14.49,73.25,62.29,-119.14,False
1487,17.97,378.41,2.13,0.76,14.16,73.23,62.6,-110.76,False
1488,14.94,335.49,2.02,0.71,13.13,73.18,63.57,-84.54,False
1489,19.01,393.15,2.17,0.78,14.52,73.25,62.27,-119.76,False
1490,19.7,402.81,2.19,0.8,14.75,73.26,62.05,-125.66,False
1491,18.8,390.08,2.16,0.78,14.44,73.25,62.34,-117.89,False
1492,12.44,300.03,1.92,0.66,12.28,73.14,64.37,-62.88,False
1493,15.74,346.76,2.05,0.72,13.4,73.19,63.32,-91.42,False
1494,19.68,402.61,2.19,0.8,14.74,73.26,62.05,-125.54,False
1495,14.76,332.83,2.01,0.7,13.07,73.18,63.63,-82.91,False
1496,18.95,392.2,2.17,0.78,14.49,73.25,62.29,-119.18,False
1497,19.57,401.04,2.19,0.79,14.7,73.26,62.09,-124.58,False
1498,12.84,305.68,1.94,0.67,12.42,73.15,64.25,-66.33,False
1499,19.74,403.47,2.2,0.8,14.76,73.26,62.03,-126.07,False
1500,18.57,386.87,2.15,0.78,14.37,73.24,62.41,-115.93,False
1501,18.71,388.82,2.16,0.78,14.41,73.24,62.37,-117.12,False
1502,17.9,377.34,2.13,0.76,14.14,73.23,62.63,-110.11,False
1503,18.01,378.91,2.13,0.76,14.17,73.23,62.59,-111.07,False
1504,13.57,315.99,1.96,0.68,12.67,73.16,64.01,-72.63,False
1505,13.66,317.36,1.97,0.68,12.7,73.16,63.98,-73.46,False
1506,15.95,349.69,2.05,0.72,13.47,73.2,63.25,-93.21,False
1507,13.43,314.11,1.96,0.68,12.62,73.16,64.06,-71.48,False
1508,18.79,390.0,2.16,0.78,14.44,73.25,62.34,-117.84,False
1509,15.0,336.33,2.02,0.71,13.15,73.18,63.55,-85.05,False
1510,18.34,383.65,2.14,0.77,14.29,73.24,62.48,-113.96,False
1511,18.62,387.63,2.15,0.78,14.38,73.24,62.39,-116.39,False
1512,12.11,295.38,1.91,0.65,12.17,73.13,64.48,-60.03,False
1513,14.42,328.06,2.0,0.7,12.95,73.17,63.74,-80.0,False
1514,15.84,348.18,2.05,0.72,13.44,73.2,63.29,-92.29,False
1515,13.78,319.02,1.97,0.68,12.74,73.16,63.95,-74.48,False
1516,18.22,381.92,2.14,0.77,14.25,73.24,62.52,-112.9,False
1517,19.76,403.75,2.2,0.8,14.77,73.26,62.03,-126.23,False
1518,18.03,379.21,2.13,0.76,14.18,73.23,62.58,-111.25,False
1519,17.36,369.72,2.11,0.75,13.95,73.22,62.8,-105.45,False
1520,19.16,395.16,2.17,0.79,14.56,73.25,62.22,-120.99,False
1521,15.62,345.09,2.04,0.72,13.36,73.19,63.36,-90.4,False
1522,16.24,353.85,2.06,0.73,13.57,73.2,63.16,-95.76,False
1523,19.68,402.58,2.19,0.8,14.74,73.26,62.05,-125.52,False
1524,12.33,298.45,1.92,0.66,12.24,73.14,64.41,-61.91,False
1525,14.36,327.27,1.99,0.69,12.94,73.17,63.76,-79.52,False
1526,18.6,387.31,2.15,0.78,14.38,73.24,62.4,-116.19,False
1527,14.05,322.8,1.98,0.69,12.83,73.17,63.86,-76.79,False
1528,18.26,382.43,2.14,0.77,14.26,73.24,62.51,-113.21,False
1529,13.11,309.56,1.95,0.67,12.51,73.15,64.16,-68.7,False
1530,13.62,316.73,1.97,0.68,12.68,73.16,64.0,-73.08,False
1531,16.28,354.42,2.07,0.73,13.59,73.2,63.14,-96.1,False
1532,13.35,312.94,1.96,0.68,12.59,73.15,64.08,-70.77,False
1533,12.09,295.07,1.91,0.65,12.16,73.13,64.49,-59.85,False
1534,17.65,373.77,2.12,0.76,14.05,73.23,62.71,-107.92,False
1535,18.6,387.34,2.15,0.78,14.38,73.24,62.4,-116.21,False
1536,16.83,362.16,2.09,0.74,13.77,73.21,62.97,-100.83,False
1537,14.87,334.41,2.01,0.7,13.11,73.18,63.6,-83.88,False
1538,13.82,319.56,1.97,0.68,12.75,73.16,63.93,-74.81,False
1539,16.44,356.67,2.07,0.73,13.64,73.21,63.09,-97.48,False
1540,14.26,325.86,1.99,0.69,12.9,73.17,63.79,-78.66,False
1541,13.06,308.75,1.95,0.67,12.49,73.15,64.18,-68.2,False
1542,15.18,338.79,2.02,0.71,13.21,73.18,63.5,-86.56,False
1543,13.42,313.93,1.96,0.68,12.62,73.16,64.06,-71.37,False
1544,12.67,303.29,1.93,0.66,12.36,73.14,64.3,-64.87,False
1545,15.1,337.69,2.02,0.71,13.19,73.18,63.52,-85.88,False
1546,18.58,386.99,2.15,0.78,14.37,73.24,62.41,-116.0,False
1547,19.49,399.89,2.19,0.79,14.68,73.26,62.12,-123.88,False
1548,16.5,357.54,2.07,0.74,13.66,73.21,63.07,-98.01,False
1549,12.13,295.6,1.91,0.65,12.18,73.13,64.48,-60.17,False
1550,14.41,327.88,2.0,0.7,12.95,73.17,63.74,-79.89,False
1551,17.38,370.06,2.11,0.75,13.96,73.22,62.79,-105.66,False
1552,13.47,314.63,1.96,0.68,12.63,73.16,64.04,-71.8,False
1553,14.72,332.34,2.01,0.7,13.06,73.18,63.64,-82.61,False
1554,18.01,378.87,2.13,0.76,14.17,73.23,62.59,-111.04,False
1555,13.91,320.9,1.98,0.69,12.78,73.16,63.9,-75.63,False
1556,12.34,298.65,1.92,0.66,12.25,73.14,64.41,-62.04,False
1557,18.72,389.04,2.16,0.78,14.42,73.24,62.36,-117.25,False
1558,13.28,311.92,1.95,0.67,12.57,73.15,64.11,-70.14,False
1559,13.81,319.36,1.97,0.68,12.75,73.16,63.94,-74.69,False
1560,17.04,365.24,2.09,0.75,13.85,73.22,62.9,-102.71,False
1561,12.6,302.25,1.93,0.66,12.34,73.14,64.32,-64.24,False
1562,17.61,373.21,2.12,0.76,14.04,73.23,62.72,-107.58,False
1563,12.58,302.02,1.93,0.66,12.33,73.14,64.33,-64.09,False
1564,15.42,342.19,2.03,0.71,13.29,73.19,63.42,-88.63,False
1565,19.09,394.25,2.17,0.79,14.54,73.25,62.24,-120.43,False
1566,16.56,358.38,2.08,0.74,13.68,73.21,63.05,-98.52,False
1567,15.77,347.14,2.05,0.72,13.41,73.19,63.31,-91.66,False
1568,19.74,403.42,2.2,0.8,14.76,73.26,62.04,-126.04,False
1569,19.55,400.81,2.19,0.79,14.7,73.26,62.09,-124.44,False
1570,15.51,343.48,2.04,0.72,13.32,73.19,63.39,-89.42,False
1571,18.32,383.39,2.14,0.77,14.28,73.24,62.49,-113.8,False
1572,19.44,399.19,2.18,0.79,14.66,73.26,62.13,-123.45,False
1573,13.17,310.43,1.95,0.67,12.53,73.15,64.14,-69.23,False
1574,17.36,369.73,2.11,0.75,13.95,73.22,62.8,-105.45,False
1575,17.74,375.07,2.12,0.76,14.08,73.23,62.68,-108.72,False
1576,17.46,371.12,2.11,0.75,13.99,73.22,62.77,-106.3,False
1577,13.44,314.14,1.96,0.68,12.62,73.16,64.06,-71.5,False
1578,14.81,333.64,2.01,0.7,13.09,73.18,63.61,-83.41,False
1579,12.92,306.78,1.94,0.67,12.44,73.15,64.22,-67.0,False
1580,17.62,373.38,2.12,0.76,14.04,73.23,62.72,-107.68,False
1581,17.57,372.72,2.11,0.76,14.03,73.23,62.73,-107.28,False
1582,13.38,313.41,1.96,0.68,12.6,73.15,64.07,-71.05,False
1583,14.86,334.31,2.01,0.7,13.1,73.18,63.6,-83.82,False
1584,18.96,392.43,2.17,0.78,14.5,73.25,62.28,-119.32,False
1585,17.53,372.08,2.11,0.76,14.01,73.22,62.74,-106.89,False
1586,16.91,363.33,2.09,0.74,13.8,73.21,62.94,-101.55,False
1587,16.69,360.18,2.08,0.74,13.73,73.21,63.01,-99.62,False
1588,18.67,388.33,2.16,0.78,14.4,73.24,62.38,-116.82,False
1589,13.27,311.85,1.95,0.67,12.57,73.15,64.11,-70.1,False
1590,18.55,386.56,2.15,0.77,14.36,73.24,62.42,-115.74,False
1591,17.41,370.37,2.11,0.75,13.97,73.22,62.78,-105.84,False
1592,17.03,365.02,2.09,0.75,13.84,73.22,62.9,-102.58,False
1593,12.39,299.25,1.92,0.66,12.26,73.14,64.39,-62.4,False
1594,16.18,352.97,2.06,0.73,13.55,73.2,63.18,-95.22,False
1595,19.62,401.74,2.19,0.8,14.72,73.26,62.07,-125.01,False
1596,12.4,299.47,1.92,0.66,12.27,73.14,64.39,-62.54,False
1597,15.97,350.06,2.05,0.73,13.48,73.2,63.24,-93.44,False
1598,19.1,394.37,2.17,0.79,14.55,73.25,62.24,-120.51,False
1599,18.42,384.7,2.15,0.77,14.31,73.24,62.46,-114.6,False
1600,12.84,305.74,1.94,0.67,12.42,73.15,64.25,-66.37,False
1601,12.57,301.81,1.93,0.66,12.33,73.14,64.33,-63.97,False
1602,18.0,378.77,2.13,0.76,14.17,73.23,62.59,-110.98,False
1603,16.37,355.66,2.07,0.73,13.62,73.2,63.12,-96.86,False
1604,16.34,355.33,2.07,0.73,13.61,73.2,63.12,-96.66,False
1605,18.48,385.65,2.15,0.77,14.34,73.24,62.44,-115.18,False
1606,19.02,393.19,2.17,0.78,14.52,73.25,62.27,-119.78,False
1607,17.88,377.15,2.13,0.76,14.13,73.23,62.63,-109.99,False
1608,19.36,398.07,2.18,0.79,14.63,73.26,62.16,-122.77,False
1609,16.98,364.34,2.09,0.74,13.82,73.22,62.92,-102.16,False
1610,13.8,319.32,1.97,0.68,12.75,73.16,63.94,-74.66,False
1611,17.02,364.86,2.09,0.75,13.84,73.22,62.91,-102.48,False
1612,17.75,375.19,2.12,0.76,14.09,73.23,62.67,-108.79,False
1613,15.52,343.63,2.04,0.72,13.33,73.19,63.39,-89.51,False
1614,15.14,338.26,2.02,0.71,13.2,73.18,63.51,-86.23,False
1615,18.22,381.98,2.14,0.77,14.25,73.24,62.52,-112.94,False
1616,13.9,320.76,1.98,0.69,12.78,73.16,63.91,-75.54,False
1617,14.72,332.38,2.01,0.7,13.06,73.18,63.64,-82.64,False
1618,17.35,369.52,2.11,0.75,13.95,73.22,62.8,-105.33,False
1619,14.56,330.04,2.0,0.7,13.0,73.17,63.7,-81.21,False
1620,12.89,306.39,1.94,0.67,12.44,73.15,64.23,-66.76,False
1621,17.73,374.98,2.12,0.76,14.08,73.23,62.68,-108.66,False
1622,12.24,297.2,1.91,0.65,12.21,73.14,64.44,-61.15,False
1623,17.91,377.54,2.13,0.76,14.14,73.23,62.62,-110.23,False
1624,17.26,368.26,2.1,0.75,13.92,73.22,62.83,-104.56,False
1625,14.6,330.66,2.0,0.7,13.02,73.18,63.68,-81.59,False
1626,15.96,349.88,2.05,0.73,13.48,73.2,63.25,-93.33,False
1627,19.04,393.55,2.17,0.78,14.53,73.25,62.26,-120.01,False
1628,14.41,327.97,2.0,0.7,12.95,73.17,63.74,-79.94,False
1629,15.67,345.85,2.04,0.72,13.38,73.19,63.34,-90.87,False
1630,14.94,335.45,2.02,0.71,13.13,73.18,63.57,-84.51,False
1631,16.68,360.04,2.08,0.74,13.72,73.21,63.02,-99.54,False
1632,14.36,327.25,1.99,0.69,12.94,73.17,63.76,-79.51,False
1633,13.13,309.83,1.95,0.67,12.52,73.15,64.15,-68.87,False
1634,13.32,312.47,1.96,0.67,12.58,73.15,64.09,-70.48,False
1635,19.76,403.73,2.2,0.8,14.77,73.26,62.03,-126.23,False
1636,18.14,380.79,2.14,0.77,14.22,73.23,62.55,-112.21,False
1637,17.21,367.55,2.1,0.75,13.9,73.22,62.85,-104.12,False
1638,14.09,323.43,1.98,0.69,12.84,73.17,63.85,-77.17,False
1639,13.98,321.81,1.98,0.69,12.8,73.16,63.88,-76.18,False
1640,13.23,311.16,1.95,0.67,12.55,73.15,64.12,-69.68,False
1641,12.79,305.0,1.94,0.66,12.4,73.14,64.26,-65.91,False
1642,16.9,363.28,2.09,0.74,13.8,73.21,62.94,-101.51,False
1643,13.79,319.11,1.97,0.68,12.74,73.16,63.94,-74.53,False
1644,12.83,305.61,1.94,0.67,12.42,73.15,64.25,-66.28,False
1645,12.78,304.91,1.94,0.66,12.4,73.14,64.26,-65.86,False
1646,17.8,375.96,2.12,0.76,14.1,73.23,62.66,-109.26,False
1647,19.37,398.18,2.18,0.79,14.64,73.26,62.15,-122.84,False
1648,18.0,378.83,2.13,0.76,14.17,73.23,62.59,-111.01,False
1649,19.5,400.0,2.19,0.79,14.68,73.26,62.11,-123.94,False
1650,14.03,322.5,1.98,0.69,12.82,73.17,63.87,-76.6,False
1651,12.48,300.6,1.92,0.66,12.3,73.14,64.36,-63.22,False
1652,18.39,384.3,2.14,0.77,14.3,73.24,62.47,-114.35,False
1653,19.14,394.93,2.17,0.79,14.56,73.25,62.23,-120.85,False
1654,19.01,393.06,2.17,0.78,14.51,73.25,62.27,-119.71,False
1655,13.65,317.1,1.97,0.68,12.69,73.16,63.99,-73.3,False
1656,13.62,316.76,1.97,0.68,12.68,73.16,64.0,-73.1,False
1657,13.57,316.04,1.96,0.68,12.67,73.16,64.01,-72.66,False
1658,17.51,371.88,2.11,0.76,14.01,73.22,62.75,-106.77,False
1659,17.64,373.76,2.12,0.76,14.05,73.23,62.71,-107.91,False
1660,13.95,321.43,1.98,0.69,12.8,73.16,63.89,-75.95,False
1661,19.42,398.94,2.18,0.79,14.65,73.26,62.14,-123.3,False
1662,16.02,350.68,2.06,0.73,13.5,73.2,63.23,-93.82,False
1663,18.87,391.06,2.16,0.78,14.47,73.25,62.32,-118.48,False
1664,17.27,368.49,2.1,0.75,13.92,73.22,62.83,-104.7,False
1665,16.68,360.09,2.08,0.74,13.72,73.21,63.02,-99.56,False
1666,17.44,370.89,2.11,0.75,13.98,73.22,62.77,-106.17,False
1667,19.42,398.97,2.18,0.79,14.66,73.26,62.14,-123.32,False
1668,14.06,322.99,1.98,0.69,12.83,73.17,63.86,-76.91,False
1669,13.63,316.84,1.97,0.68,12.69,73.16,63.99,-73.15,False
1670,12.16,296.06,1.91,0.65,12.19,73.13,64.46,-60.45,False
1671,14.31,326.5,1.99,0.69,12.92,73.17,63.78,-79.05,False
1672,18.95,392.32,2.17,0.78,14.5,73.25,62.29,-119.25,False
1673,19.22,396.06,2.18,0.79,14.59,73.25,62.2,-121.54,False
1674,14.03,322.58,1.98,0.69,12.82,73.17,63.86,-76.66,False
1675,19.85,404.95,2.2,0.8,14.8,73.26,62.0,-126.97,False
1676,14.51,329.41,2.0,0.7,12.99,73.17,63.71,-80.83,False
1677,14.95,335.55,2.02,0.71,13.13,73.18,63.57,-84.57,False
1678,17.43,370.65,2.11,0.75,13.98,73.22,62.78,-106.02,False
1679,19.71,403.05,2.19,0.8,14.75,73.26,62.04,-125.81,False
1680,16.92,363.47,2.09,0.74,13.8,73.21,62.94,-101.63,False
1681,17.78,375.63,2.12,0.76,14.1,73.23,62.66,-109.06,False
1682,12.72,304.0,1.93,0.66,12.38,73.14,64.29,-65.3,False
1683,18.44,385.0,2.15,0.77,14.32,73.24,62.45,-114.78,False
1684,16.62,359.25,2.08,0.74,13.7,73.21,63.04,-99.05,False
1685,15.65,345.56,2.04,0.72,13.37,73.19,63.34,-90.69,False
1686,19.5,400.06,2.19,0.79,14.68,73.26,62.11,-123.98,False
1687,18.72,388.98,2.16,0.78,14.42,73.24,62.36,-117.21,False
1688,14.59,330.46,2.0,0.7,13.01,73.17,63.69,-81.47,False
1689,12.56,301.79,1.93,0.66,12.32,73.14,64.34,-63.95,False
1690,12.63,302.71,1.93,0.66,12.35,73.14,64.31,-64.52,False
1691,15.72,346.48,2.04,0.72,13.4,73.19,63.32,-91.25,False
1692,15.36,341.42,2.03,0.71,13.28,73.19,63.44,-88.16,False
1693,19.42,398.89,2.18,0.79,14.65,73.26,62.14,-123.27,False
1694,13.98,321.82,1.98,0.69,12.81,73.16,63.88,-76.19,False
1695,15.45,342.63,2.03,0.72,13.3,73.19,63.41,-88.9,False
1696,16.7,360.38,2.08,0.74,13.73,73.21,63.01,-99.75,False
1697,13.87,320.23,1.98,0.68,12.77,73.16,63.92,-75.22,False
1698,14.07,323.15,1.98,0.69,12.84,73.17,63.85,-77.0,False
1699,16.42,356.41,2.07,0.73,13.63,73.21,63.1,-97.32,False
1700,14.48,328.95,2.0,0.7,12.98,73.17,63.72,-80.55,False
1701,14.05,322.88,1.98,0.69,12.83,73.17,63.86,-76.84,False
1702,19.22,396.12,2.18,0.79,14.59,73.25,62.2,-121.57,False
1703,18.93,391.97,2.17,0.78,14.49,73.25,62.29,-119.04,False
1704,14.93,335.27,2.02,0.71,13.13,73.18,63.58,-84.4,False
1705,13.58,316.15,1.96,0.68,12.67,73.16,64.01,-72.72,False
1706,15.52,343.71,2.04,0.72,13.33,73.19,63.39,-89.56,False
1707,19.2,395.75,2.18,0.79,14.58,73.25,62.21,-121.35,False
1708,17.78,375.63,2.12,0.76,14.1,73.23,62.66,-109.06,False
1709,12.37,299.05,1.92,0.66,12.26,73.14,64.4,-62.28,False
1710,15.51,343.58,2.04,0.72,13.33,73.19,63.39,-89.48,False
1711,16.27,354.35,2.07,0.73,13.59,73.2,63.15,-96.06,False
1712,19.03,393.42,2.17,0.78,14.52,73.25,62.26,-119.93,False
1713,12.23,297.02,1.91,0.65,12.21,73.13,64.44,-61.04,False
1714,17.15,366.75,2.1,0.75,13.88,73.22,62.87,-103.63,False
1715,13.13,309.87,1.95,0.67,12.52,73.15,64.15,-68.89,False
1716,13.96,321.51,1.98,0.69,12.8,73.16,63.89,-76.0,False
1717,15.35,341.2,2.03,0.71,13.27,73.19,63.44,-88.02,False
1718,12.84,305.76,1.94,0.67,12.42,73.15,64.25,-66.38,False
1719,19.73,403.37,2.2,0.8,14.76,73.26,62.04,-126.0,False
1720,12.38,299.19,1.92,0.66,12.26,73.14,64.39,-62.37,False
1721,19.27,396.85,2.18,0.79,14.6,73.25,62.18,-122.02,False
1722,15.4,341.98,2.03,0.71,13.29,73.19,63.43,-88.5,False
1723,17.28,368.62,2.1,0.75,13.93,73.22,62.82,-104.77,False
1724,17.47,371.26,2.11,0.75,13.99,73.22,62.76,-106.39,False
1725,13.79,319.22,1.97,0.68,12.74,73.16,63.94,-74.6,False
1726,19.65,402.19,2.19,0.8,14.73,73.26,62.06,-125.29,False
1727,13.0,308.0,1.94,0.67,12.47,73.15,64.19,-67.75,False
1728,17.01,364.73,2.09,0.75,13.83,73.22,62.91,-102.4,False
1729,19.13,394.81,2.17,0.79,14.56,73.25,62.23,-120.78,False
1730,13.93,321.18,1.98,0.69,12.79,73.16,63.9,-75.79,False
1731,15.37,341.48,2.03,0.71,13.28,73.19,63.44,-88.2,False
1732,15.23,339.55,2.03,0.71,13.23,73.19,63.48,-87.02,False
1733,19.01,393.1,2.17,0.78,14.51,73.25,62.27,-119.73,False
1734,14.47,328.74,2.0,0.7,12.97,73.17,63.73,-80.41,False
1735,12.6,302.32,1.93,0.66,12.34,73.14,64.32,-64.28,False
1736,17.74,375.04,2.12,0.76,14.08,73.23,62.68,-108.7,False
1737,14.12,323.86,1.99,0.69,12.85,73.17,63.84,-77.44,False
1738,18.8,390.14,2.16,0.78,14.44,73.25,62.34,-117.93,False
1739,14.28,326.15,1.99,0.69,12.91,73.17,63.78,-78.84,False
1740,14.24,325.57,1.99,0.69,12.9,73.17,63.8,-78.48,False
1741,15.52,343.62,2.04,0.72,13.33,73.19,63.39,-89.51,False
1742,17.79,375.85,2.12,0.76,14.1,73.23,62.66,-109.2,False
1743,19.52,400.28,2.19,0.79,14.69,73.26,62.11,-124.12,False
1744,17.5,371.77,2.11,0.75,14.0,73.22,62.75,-106.7,False
1745,14.34,326.97,1.99,0.69,12.93,73.17,63.77,-79.33,False
1746,16.25,353.94,2.06,0.73,13.58,73.2,63.16,-95.81,False
1747,16.03,350.9,2.06,0.73,13.5,73.2,63.22,-93.95,False
1748,18.07,379.73,2.13,0.77,14.19,73.23,62.57,-111.56,False
1749,16.45,356.83,2.07,0.73,13.64,73.21,63.09,-97.57,False
1750,16.49,357.42,2.07,0.74,13.66,73.21,63.08,-97.94,False
1751,19.41,398.79,2.18,0.79,14.65,73.26,62.14,-123.21,False
1752,13.57,316.05,1.96,0.68,12.67,73.16,64.01,-72.66,False
1753,17.61,373.31,2.12,0.76,14.04,73.23,62.72,-107.64,False
1754,16.32,355.06,2.07,0.73,13.6,73.2,63.13,-96.49,False
1755,18.15,380.91,2.14,0.77,14.22,73.24,62.54,-112.29,False
1756,18.87,391.1,2.16,0.78,14.47,73.25,62.31,-118.51,False
1757,13.78,319.01,1.97,0.68,12.74,73.16,63.95,-74.47,False
1758,18.08,379.94,2.13,0.77,14.2,73.23,62.57,-111.69,False
1759,19.24,396.35,2.18,0.79,14.59,73.25,62.2,-121.72,False
1760,16.83,362.29,2.09,0.74,13.78,73.21,62.97,-100.91,False
1761,13.33,312.65,1.96,0.67,12.59,73.15,64.09,-70.59,False
1762,15.53,343.79,2.04,0.72,13.33,73.19,63.38,-89.61,False
1763,14.15,324.27,1.99,0.69,12.86,73.17,63.83,-77.68,False
1764,15.12,338.05,2.02,0.71,13.19,73.18,63.51,-86.1,False
1765,16.59,358.77,2.08,0.74,13.69,73.21,63.05,-98.76,False
1766,15.19,339.02,2.03,0.71,13.22,73.19,63.49,-86.69,False
1767,12.4,299.4,1.92,0.66,12.27,73.14,64.39,-62.5,False
1768,17.69,374.36,2.12,0.76,14.07,73.23,62.69,-108.28,False
1769,18.84,390.65,2.16,0.78,14.46,73.25,62.32,-118.24,False
1770,17.32,369.18,2.1,0.75,13.94,73.22,62.81,-105.12,False
1771,12.96,307.37,1.94,0.67,12.46,73.15,64.21,-67.36,False
1772,18.71,388.88,2.16,0.78,14.41,73.24,62.36,-117.15,False
1773,12.15,295.94,1.91,0.65,12.18,73.13,64.47,-60.38,False
1774,16.51,357.71,2.07,0.74,13.67,73.21,63.07,-98.12,False
1775,16.68,360.14,2.08,0.74,13.72,73.21,63.01,-99.6,False
1776,13.75,318.59,1.97,0.68,12.73,73.16,63.96,-74.21,False
1777,12.2,296.66,1.91,0.65,12.2,73.13,64.45,-60.82,False
1778,12.35,298.73,1.92,0.66,12.25,73.14,64.4,-62.08,False
1779,12.74,304.33,1.93,0.66,12.39,73.14,64.28,-65.5,False
1780,18.02,379.09,2.13,0.76,14.18,73.23,62.59,-111.17,False
1781,17.38,370.0,2.11,0.75,13.96,73.22,62.79,-105.62,False
1782,14.34,326.87,1.99,0.69,12.93,73.17,63.77,-79.27,False
1783,12.42,299.68,1.92,0.66,12.27,73.14,64.38,-62.66,False
1784,13.92,321.0,1.98,0.69,12.79,73.16,63.9,-75.69,False
1785,12.36,298.88,1.92,0.66,12.25,73.14,64.4,-62.17,False
1786,18.8,390.11,2.16,0.78,14.44,73.25,62.34,-117.9,False
1787,17.43,370.75,2.11,0.75,13.98,73.22,62.77,-106.08,False
1788,19.7,402.86,2.19,0.8,14.75,73.26,62.05,-125.69,False
1789,12.54,301.45,1.93,0.66,12.32,73.14,64.34,-63.75,False
1790,17.44,370.79,2.11,0.75,13.98,73.22,62.77,-106.1,False
1791,16.86,362.62,2.09,0.74,13.78,73.21,62.96,-101.11,False
1792,15.6,344.77,2.04,0.72,13.36,73.19,63.36,-90.21,False
1793,18.4,384.47,2.15,0.77,14.31,73.24,62.46,-114.46,False
1794,19.48,399.79,2.19,0.79,14.68,73.26,62.12,-123.82,False
1795,14.95,335.52,2.02,0.71,13.13,73.18,63.57,-84.56,False
1796,14.71,332.17,2.01,0.7,13.05,73.18,63.65,-82.51,False
1797,15.77,347.15,2.05,0.72,13.41,73.19,63.31,-91.66,False
1798,15.67,345.77,2.04,0.72,13.38,73.19,63.34,-90.82,False
1799,16.04,351.0,2.06,0.73,13.51,73.2,63.22,-94.01,False
1800,15.06,337.07,2.02,0.71,13.17,73.18,63.54,-85.51,False
1801,15.55,344.02,2.04,0.72,13.34,73.19,63.38,-89.75,False
1802,15.6,344.73,2.04,0.72,13.35,73.19,63.36,-90.18,False
1803,13.18,310.48,1.95,0.67,12.53,73.15,64.14,-69.26,False
1804,17.34,369.46,2.11,0.75,13.95,73.22,62.8,-105.29,False
1805,19.09,394.29,2.17,0.79,14.54,73.25,62.24,-120.46,False
1806,14.94,335.44,2.02,0.71,13.13,73.18,63.57,-84.51,False
1807,13.84,319.8,1.97,0.68,12.76,73.16,63.93,-74.96,False
1808,17.92,377.62,2.13,0.76,14.14,73.23,62.62,-110.27,False
1809,12.7,303.64,1.93,0.66,12.37,73.14,64.29,-65.08,False
1810,13.95,321.48,1.98,0.69,12.8,73.16,63.89,-75.98,False
1811,15.13,338.13,2.02,0.71,13.2,73.18,63.51,-86.15,False
1812,15.73,346.67,2.05,0.72,13.4,73.19,63.32,-91.37,False
1813,15.66,345.59,2.04,0.72,13.38,73.19,63.34,-90.71,False
1814,13.16,310.19,1.95,0.67,12.53,73.15,64.15,-69.08,False
1815,14.16,324.37,1.99,0.69,12.87,73.17,63.82,-77.74,False
1816,15.82,347.97,2.05,0.72,13.43,73.2,63.29,-92.16,False
1817,17.41,370.41,2.11,0.75,13.97,73.22,62.78,-105.87,False
1818,19.36,398.03,2.18,0.79,14.63,73.26,62.16,-122.74,False
1819,12.66,303.08,1.93,0.66,12.36,73.14,64.31,-64.74,False
1820,17.92,377.73,2.13,0.76,14.15,73.23,62.62,-110.34,False
1821,19.05,393.7,2.17,0.78,14.53,73.25,62.26,-120.1,False
1822,18.48,385.64,2.15,0.77,14.34,73.24,62.44,-115.18,False
1823,13.37,313.15,1.96,0.68,12.6,73.15,64.08,-70.89,False
1824,13.51,315.15,1.96,0.68,12.65,73.16,64.03,-72.11,False
1825,16.06,351.25,2.06,0.73,13.51,73.2,63.22,-94.16,False
1826,17.26,368.33,2.1,0.75,13.92,73.22,62.83,-104.6,False
1827,18.68,388.37,2.16,0.78,14.4,73.24,62.38,-116.84,False
1828,16.62,359.31,2.08,0.74,13.7,73.21,63.03,-99.09,False
1829,18.19,381.53,2.14,0.77,14.24,73.24,62.53,-112.66,False
1830,17.23,367.9,2.1,0.75,13.91,73.22,62.84,-104.34,False
1831,12.99,307.83,1.94,0.67,12.47,73.15,64.2,-67.65,False
1832,16.62,359.27,2.08,0.74,13.7,73.21,63.03,-99.06,False
1833,18.67,388.29,2.16,0.78,14.4,73.24,62.38,-116.79,False
1834,14.52,329.46,2.0,0.7,12.99,73.17,63.71,-80.85,False
1835,19.37,398.18,2.18,0.79,14.64,73.26,62.15,-122.84,False
1836,15.26,339.94,2.03,0.71,13.24,73.19,63.47,-87.26,False
1837,16.88,362.89,2.09,0.74,13.79,73.21,62.95,-101.28,False
1838,17.2,367.45,2.1,0.75,13.9,73.22,62.85,-104.06,False
1839,16.87,362.81,2.09,0.74,13.79,73.21,62.95,-101.23,False
1840,16.92,363.45,2.09,0.74,13.8,73.21,62.94,-101.62,False
1841,14.03,322.58,1.98,0.69,12.82,73.17,63.86,-76.65,False
1842,18.64,387.82,2.15,0.78,14.39,73.24,62.39,-116.51,False
1843,14.93,335.27,2.02,0.71,13.13,73.18,63.58,-84.4,False
1844,14.0,322.1,1.98,0.69,12.81,73.16,63.88,-76.36,False
1845,19.01,393.16,2.17,0.78,14.52,73.25,62.27,-119.77,False
1846,15.93,349.45,2.05,0.72,13.47,73.2,63.26,-93.07,False
1847,12.72,304.0,1.93,0.66,12.38,73.14,64.28,-65.31,False
1848,19.31,397.38,2.18,0.79,14.62,73.25,62.17,-122.34,False
1849,18.11,380.29,2.13,0.77,14.21,73.23,62.56,-111.91,False
1850,16.14,352.42,2.06,0.73,13.54,73.2,63.19,-94.88,False
1851,17.96,378.18,2.13,0.76,14.16,73.23,62.61,-110.62,False
1852,16.16,352.7,2.06,0.73,13.55,73.2,63.18,-95.05,False
1853,12.65,302.99,1.93,0.66,12.35,73.14,64.31,-64.69,False
1854,15.72,346.43,2.04,0.72,13.4,73.19,63.33,-91.22,False
1855,12.48,300.63,1.92,0.66,12.3,73.14,64.36,-63.24,False
1856,17.3,368.81,2.1,0.75,13.93,73.22,62.82,-104.89,False
1857,17.95,378.06,2.13,0.76,14.15,73.23,62.61,-110.54,False
1858,19.29,397.0,2.18,0.79,14.61,73.25,62.18,-122.11,False
1859,16.49,357.38,2.07,0.74,13.66,73.21,63.08,-97.91,False
1860,17.88,377.02,2.13,0.76,14.13,73.23,62.63,-109.91,False
1861,16.58,358.73,2.08,0.74,13.69,73.21,63.05,-98.73,False
1862,12.52,301.22,1.93,0.66,12.31,73.14,64.35,-63.6,False
1863,13.57,316.03,1.96,0.68,12.67,73.16,64.01,-72.65,False
1864,17.16,366.89,2.1,0.75,13.89,73.22,62.86,-103.72,False
1865,13.35,312.96,1.96,0.68,12.59,73.15,64.08,-70.77,False
1866,16.62,359.2,2.08,0.74,13.7,73.21,63.04,-99.02,False
1867,12.74,304.26,1.93,0.66,12.38,73.14,64.28,-65.46,False
1868,19.55,400.7,2.19,0.79,14.7,73.26,62.1,-124.37,False
1869,13.34,312.71,1.96,0.67,12.59,73.15,64.09,-70.62,False
1870,14.26,325.87,1.99,0.69,12.9,73.17,63.79,-78.66,False
1871,14.65,331.39,2.01,0.7,13.03,73.18,63.67,-82.03,False
1872,14.71,332.21,2.01,0.7,13.05,73.18,63.65,-82.53,False
1873,15.34,341.07,2.03,0.71,13.27,73.19,63.45,-87.95,False
1874,14.98,335.95,2.02,0.71,13.14,73.18,63.56,-84.82,False
1875,13.94,321.26,1.98,0.69,12.79,73.16,63.89,-75.85,False
1876,14.95,335.57,2.02,0.71,13.13,73.18,63.57,-84.59,False
1877,13.0,308.01,1.94,0.67,12.47,73.15,64.19,-67.75,False
1878,17.23,367.86,2.1,0.75,13.91,73.22,62.84,-104.31,False
1879,19.41,398.74,2.18,0.79,14.65,73.26,62.14,-123.18,False
1880,15.84,348.2,2.05,0.72,13.44,73.2,63.29,-92.3,False
1881,16.32,354.95,2.07,0.73,13.6,73.2,63.13,-96.43,False
1882,14.64,331.19,2.0,0.7,13.03,73.18,63.67,-81.91,False
1883,14.86,334.27,2.01,0.7,13.1,73.18,63.6,-83.79,False
1884,14.53,329.61,2.0,0.7,12.99,73.17,63.71,-80.95,False
1885,18.18,381.37,2.14,0.77,14.23,73.24,62.53,-112.57,False
1886,13.28,311.96,1.95,0.67,12.57,73.15,64.1,-70.17,False
1887,14.36,327.17,1.99,0.69,12.93,73.17,63.76,-79.46,False
1888,17.97,378.37,2.13,0.76,14.16,73.23,62.6,-110.73,False
1889,14.85,334.15,2.01,0.7,13.1,73.18,63.6,-83.72,False
1890,19.02,393.25,2.17,0.78,14.52,73.25,62.27,-119.82,False
1891,17.19,367.39,2.1,0.75,13.9,73.22,62.85,-104.02,False
1892,16.26,354.13,2.07,0.73,13.58,73.2,63.15,-95.93,False
1893,19.17,395.35,2.17,0.79,14.57,73.25,62.22,-121.1,False
1894,13.58,316.22,1.96,0.68,12.67,73.16,64.01,-72.77,False
1895,14.06,322.98,1.98,0.69,12.83,73.17,63.86,-76.9,False
1896,19.29,397.08,2.18,0.79,14.61,73.25,62.18,-122.16,False
1897,15.43,342.39,2.03,0.72,13.3,73.19,63.42,-88.76,False
1898,19.75,403.61,2.2,0.8,14.77,73.26,62.03,-126.15,False
1899,19.32,397.5,2.18,0.79,14.62,73.25,62.17,-122.42,False
1900,13.47,314.68,1.96,0.68,12.63,73.16,64.04,-71.83,False
1901,19.06,393.75,2.17,0.78,14.53,73.25,62.25,-120.13,False
1902,14.01,322.28,1.98,0.69,12.82,73.17,63.87,-76.47,False
1903,13.73,318.3,1.97,0.68,12.72,73.16,63.96,-74.04,False
1904,14.66,331.5,2.01,0.7,13.04,73.18,63.66,-82.1,False
1905,17.39,370.11,2.11,0.75,13.96,73.22,62.79,-105.68,False
1906,18.52,386.11,2.15,0.77,14.35,73.24,62.43,-115.46,False
1907,12.24,297.14,1.91,0.65,12.21,73.14,64.44,-61.11,False
1908,12.73,304.07,1.93,0.66,12.38,73.14,64.28,-65.35,False
1909,13.51,315.22,1.96,0.68,12.65,73.16,64.03,-72.15,False
1910,15.17,338.71,2.02,0.71,13.21,73.18,63.5,-86.51,False
1911,15.54,343.88,2.04,0.72,13.33,73.19,63.38,-89.66,False
1912,19.02,393.29,2.17,0.78,14.52,73.25,62.26,-119.85,False
1913,15.23,339.58,2.03,0.71,13.23,73.19,63.48,-87.04,False
1914,16.04,351.05,2.06,0.73,13.51,73.2,63.22,-94.05,False
1915,16.8,361.81,2.09,0.74,13.76,73.21,62.98,-100.62,False
1916,16.94,363.79,2.09,0.74,13.81,73.21,62.93,-101.83,False
1917,19.25,396.56,2.18,0.79,14.6,73.25,62.19,-121.85,False
1918,13.76,318.67,1.97,0.68,12.73,73.16,63.95,-74.26,False
1919,13.07,308.94,1.95,0.67,12.5,73.15,64.17,-68.32,False
1920,14.45,328.57,2.0,0.7,12.97,73.17,63.73,-80.31,False
1921,18.32,383.31,2.14,0.77,14.28,73.24,62.49,-113.75,False
1922,15.87,348.68,2.05,0.72,13.45,73.2,63.27,-92.6,False
1923,15.91,349.25,2.05,0.72,13.46,73.2,63.26,-92.94,False
1924,14.92,335.2,2.02,0.71,13.13,73.18,63.58,-84.36,False
1925,16.9,363.2,2.09,0.74,13.8,73.21,62.95,-101.47,False
1926,19.78,403.97,2.2,0.8,14.78,73.26,62.02,-126.37,False
1927,15.61,344.89,2.04,0.72,13.36,73.19,63.36,-90.28,False
1928,18.86,390.99,2.16,0.78,14.46,73.25,62.32,-118.44,False
1929,14.74,332.55,2.01,0.7,13.06,73.18,63.64,-82.74,False
1930,19.68,402.55,2.19,0.8,14.74,73.26,62.06,-125.5,False
1931,15.27,340.08,2.03,0.71,13.24,73.19,63.47,-87.34,False
1932,18.73,389.14,2.16,0.78,14.42,73.24,62.36,-117.31,False
1933,18.11,380.38,2.13,0.77,14.21,73.23,62.56,-111.96,False
1934,17.89,377.26,2.13,0.76,14.13,73.23,62.63,-110.05,False
1935,16.55,358.23,2.08,0.74,13.68,73.21,63.06,-98.43,False
1936,12.99,307.88,1.94,0.67,12.47,73.15,64.2,-67.68,False
1937,19.82,404.61,2.2,0.8,14.79,73.26,62.01,-126.76,False
1938,14.98,336.07,2.02,0.71,13.15,73.18,63.56,-84.89,False
1939,12.56,301.78,1.93,0.66,12.32,73.14,64.34,-63.95,False
1940,14.35,327.1,1.99,0.69,12.93,73.17,63.76,-79.42,False
1941,12.65,303.01,1.93,0.66,12.35,73.14,64.31,-64.7,False
1942,19.63,401.86,2.19,0.8,14.72,73.26,62.07,-125.08,False
1943,17.31,368.99,2.1,0.75,13.94,73.22,62.81,-105.0,False
1944,12.51,300.95,1.92,0.66,12.3,73.14,64.35,-63.44,False
1945,13.88,320.4,1.98,0.69,12.77,73.16,63.91,-75.32,False
1946,14.77,333.05,2.01,0.7,13.07,73.18,63.63,-83.05,False
1947,16.82,362.1,2.09,0.74,13.77,73.21,62.97,-100.8,False
1948,19.51,400.14,2.19,0.79,14.68,73.26,62.11,-124.03,False
1949,19.31,397.3,2.18,0.79,14.62,73.25,62.17,-122.29,False
1950,15.04,336.85,2.02,0.71,13.17,73.18,63.54,-85.37,False
1951,18.7,388.71,2.16,0.78,14.41,73.24,62.37,-117.05,False
1952,18.66,388.16,2.16,0.78,14.4,73.24,62.38,-116.71,False
1953,17.4,370.35,2.11,0.75,13.97,73.22,62.78,-105.83,False
1954,12.46,300.29,1.92,0.66,12.29,73.14,64.37,-63.04,False
1955,15.59,344.67,2.04,0.72,13.35,73.19,63.36,-90.15,False
1956,17.52,371.99,2.11,0.76,14.01,73.22,62.75,-106.84,False
1957,17.4,370.31,2.11,0.75,13.97,73.22,62.78,-105.81,False
1958,12.78,304.89,1.94,0.66,12.4,73.14,64.27,-65.84,False
1959,19.34,397.79,2.18,0.79,14.63,73.26,62.16,-122.6,False
1960,13.65,317.17,1.97,0.68,12.69,73.16,63.99,-73.35,False
1961,16.24,353.84,2.06,0.73,13.57,73.2,63.16,-95.75,False
1962,16.81,361.91,2.09,0.74,13.77,73.21,62.97,-100.68,False
1963,14.61,330.83,2.0,0.7,13.02,73.18,63.68,-81.7,False
1964,18.96,392.44,2.17,0.78,14.5,73.25,62.28,-119.33,False
1965,16.69,360.18,2.08,0.74,13.73,73.21,63.01,-99.62,False
1966,18.37,384.0,2.14,0.77,14.3,73.24,62.48,-114.17,False
1967,18.7,388.66,2.16,0.78,14.41,73.24,62.37,-117.02,False
1968,12.83,305.53,1.94,0.66,12.41,73.15,64.25,-66.24,False
1969,14.31,326.45,1.99,0.69,12.92,73.17,63.78,-79.02,False
1970,19.74,403.45,2.2,0.8,14.76,73.26,62.04,-126.05,False
1971,18.51,386.04,2.15,0.77,14.35,73.24,62.43,-115.42,False
1972,16.32,354.94,2.07,0.73,13.6,73.2,63.13,-96.42,False
1973,13.96,321.49,1.98,0.69,12.8,73.16,63.89,-75.99,False
1974,16.19,353.1,2.06,0.73,13.56,73.2,63.17,-95.3,False
1975,12.56,301.69,1.93,0.66,12.32,73.14,64.34,-63.89,False
1976,17.04,365.22,2.09,0.75,13.85,73.22,62.9,-102.7,False
1977,15.0,336.25,2.02,0.71,13.15,73.18,63.56,-85.0,False
1978,12.49,300.73,1.92,0.66,12.3,73.14,64.36,-63.31,False
1979,13.96,321.55,1.98,0.69,12.8,73.16,63.89,-76.02,False
1980,16.63,359.41,2.08,0.74,13.71,73.21,63.03,-99.15,False
1981,16.27,354.32,2.07,0.73,13.58,73.2,63.15,-96.04,False
1982,19.05,393.7,2.17,0.78,14.53,73.25,62.26,-120.1,False
1983,19.09,394.22,2.17,0.79,14.54,73.25,62.24,-120.42,False
1984,16.99,364.52,2.09,0.75,13.83,73.22,62.92,-102.27,False
1985,18.57,386.85,2.15,0.78,14.36,73.24,62.41,-115.91,False
1986,16.17,352.83,2.06,0.73,13.55,73.2,63.18,-95.13,False
1987,19.0,392.89,2.17,0.78,14.51,73.25,62.27,-119.6,False
1988,16.88,362.9,2.09,0.74,13.79,73.21,62.95,-101.28,False
1989,15.63,345.22,2.04,0.72,13.37,73.19,63.35,-90.48,False
1990,18.85,390.77,2.16,0.78,14.46,73.25,62.32,-118.31,False
1991,12.75,304.37,1.93,0.66,12.39,73.14,64.28,-65.53,False
1992,13.22,311.06,1.95,0.67,12.55,73.15,64.13,-69.61,False
1993,14.88,334.65,2.01,0.7,13.11,73.18,63.59,-84.03,False
1994,12.35,298.79,1.92,0.66,12.25,73.14,64.4,-62.12,False
1995,18.93,391.95,2.17,0.78,14.49,73.25,62.3,-119.03,False
1996,15.51,343.51,2.04,0.72,13.33,73.19,63.39,-89.44,False
1997,18.51,386.0,2.15,0.77,14.34,73.24,62.43,-115.39,False
1998,14.93,335.27,2.02,0.71,13.13,73.18,63.58,-84.4,False
1999,19.25,396.46,2.18,0.79,14.6,73.25,62.19,-121.78,False
2000,19.37,398.16,2.18,0.79,14.64,73.26,62.15,-122.82,False
2001,18.83,390.6,2.16,0.78,14.45,73.25,62.33,-118.21,False
2002,13.52,315.34,1.96,0.68,12.65,73.16,64.03,-72.23,False
2003,18.43,384.93,2.15,0.77,14.32,73.24,62.45,-114.74,False
2004,15.21,339.22,2.03,0.71,13.22,73.19,63.49,-86.82,False
2005,15.75,346.86,2.05,0.72,13.41,73.19,63.32,-91.48,False
2006,13.08,309.14,1.95,0.67,12.5,73.15,64.17,-68.44,False
2007,18.77,389.63,2.16,0.78,14.43,73.25,62.35,-117.61,False
2008,17.42,370.6,2.11,0.75,13.98,73.22,62.78,-105.99,False
2009,15.28,340.28,2.03,0.71,13.25,73.19,63.46,-87.46,False
2010,12.14,295.78,1.91,0.65,12.18,73.13,64.47,-60.28,False
2011,14.51,329.28,2.0,0.7,12.98,73.17,63.71,-80.75,False
2012,19.81,404.37,2.2,0.8,14.78,73.26,62.01,-126.61,False
2013,17.38,369.97,2.11,0.75,13.96,73.22,62.79,-105.6,False
2014,16.92,363.43,2.09,0.74,13.8,73.21,62.94,-101.61,False
2015,17.08,365.76,2.1,0.75,13.86,73.22,62.89,-103.03,False
2016,19.08,394.13,2.17,0.79,14.54,73.25,62.25,-120.36,False
2017,17.97,378.4,2.13,0.76,14.16,73.23,62.6,-110.75,False
2018,19.66,402.33,2.19,0.8,14.74,73.26,62.06,-125.37,False
2019,16.67,359.92,2.08,0.74,13.72,73.21,63.02,-99.46,False
2020,16.73,360.8,2.08,0.74,13.74,73.21,63.0,-100.0,False
2021,13.75,318.52,1.97,0.68,12.73,73.16,63.96,-74.17,False
2022,15.06,337.08,2.02,0.71,13.17,73.18,63.54,-85.51,False
2023,14.6,330.57,2.0,0.7,13.01,73.18,63.68,-81.53,False
2024,19.58,401.18,2.19,0.79,14.71,73.26,62.09,-124.67,False
2025,12.83,305.51,1.94,0.66,12.41,73.15,64.25,-66.23,False
2026,18.71,388.86,2.16,0.78,14.41,73.24,62.37,-117.14,False
2027,16.84,362.4,2.09,0.74,13.78,73.21,62.96,-100.98,False
2028,15.08,337.42,2.02,0.71,13.18,73.18,63.53,-85.72,False
2029,12.96,307.36,1.94,0.67,12.46,73.15,64.21,-67.36,False
2030,13.4,313.56,1.96,0.68,12.61,73.15,64.07,-71.14,False
2031,15.3,340.57,2.03,0.71,13.25,73.19,63.46,-87.64,False
2032,13.06,308.8,1.95,0.67,12.49,73.15,64.18,-68.24,False
2033,15.72,346.43,2.04,0.72,13.4,73.19,63.33,-91.22,False
2034,16.09,351.72,2.06,0.73,13.52,73.2,63.21,-94.45,False
2035,17.83,376.4,2.12,0.76,14.11,73.23,62.65,-109.53,False
2036,12.75,304.43,1.93,0.66,12.39,73.14,64.28,-65.57,False
2037,12.92,306.88,1.94,0.67,12.45,73.15,64.22,-67.06,False
2038,14.34,326.93,1.99,0.69,12.93,73.17,63.77,-79.31,False
2039,17.54,372.32,2.11,0.76,14.02,73.22,62.74,-107.04,False
2040,14.49,329.08,2.0,0.7,12.98,73.17,63.72,-80.62,False
2041,15.75,346.88,2.05,0.72,13.41,73.19,63.31,-91.5,False
2042,19.3,397.26,2.18,0.79,14.61,73.25,62.18,-122.27,False
2043,12.97,307.46,1.94,0.67,12.46,73.15,64.21,-67.42,False
2044,16.72,360.65,2.08,0.74,13.74,73.21,63.0,-99.91,False
2045,16.42,356.4,2.07,0.73,13.63,73.21,63.1,-97.31,False
2046,15.83,348.0,2.05,0.72,13.43,73.2,63.29,-92.18,False
2047,15.01,336.36,2.02,0.71,13.15,73.18,63.55,-85.07,False
2048,15.48,343.02,2.04,0.72,13.31,73.19,63.4,-89.14,False
2049,15.65,345.45,2.04,0.72,13.37,73.19,63.35,-90.62,False
2050,16.42,356.45,2.07,0.73,13.64,73.21,63.1,-97.34,False
2051,15.17,338.71,2.02,0.71,13.21,73.18,63.5,-86.51,False
2052,15.59,344.59,2.04,0.72,13.35,73.19,63.37,-90.1,False
2053,12.9,306.51,1.94,0.67,12.44,73.15,64.23,-66.84,False
2054,19.56,400.94,2.19,0.79,14.7,73.26,62.09,-124.52,False
2055,13.13,309.83,1.95,0.67,12.52,73.15,64.15,-68.86,False
2056,12.6,302.35,1.93,0.66,12.34,73.14,64.32,-64.3,False
2057,17.81,376.15,2.12,0.76,14.11,73.23,62.65,-109.38,False
2058,13.58,316.22,1.96,0.68,12.67,73.16,64.01,-72.77,False
2059,18.74,389.22,2.16,0.78,14.42,73.25,62.36,-117.36,False
2060,16.33,355.07,2.07,0.73,13.6,73.2,63.13,-96.5,False
2061,15.46,342.81,2.04,0.72,13.31,73.19,63.41,-89.01,False
2062,13.99,322.0,1.98,0.69,12.81,73.16,63.88,-76.3,False
2063,14.87,334.41,2.01,0.7,13.11,73.18,63.6,-83.88,False
2064,17.41,370.46,2.11,0.75,13.97,73.22,62.78,-105.9,False
2065,19.13,394.75,2.17,0.79,14.55,73.25,62.23,-120.74,False
2066,17.67,374.13,2.12,0.76,14.06,73.23,62.7,-108.14,False
2067,16.92,363.45,2.09,0.74,13.8,73.21,62.94,-101.62,False
2068,19.34,397.71,2.18,0.79,14.63,73.26,62.16,-122.55,False
2069,14.1,323.56,1.98,0.69,12.85,73.17,63.84,-77.25,False
2070,15.11,337.82,2.02,0.71,13.19,73.18,63.52,-85.96,False
2071,16.63,359.44,2.08,0.74,13.71,73.21,63.03,-99.17,False
2072,18.24,382.12,2.14,0.77,14.25,73.24,62.52,-113.03,False
2073,17.3,368.9,2.1,0.75,13.93,73.22,62.82,-104.95,False
2074,12.5,300.83,1.92,0.66,12.3,73.14,64.36,-63.37,False
2075,13.22,311.11,1.95,0.67,12.55,73.15,64.12,-69.65,False
2076,15.37,341.53,2.03,0.71,13.28,73.19,63.44,-88.23,False
2077,13.4,313.62,1.96,0.68,12.61,73.15,64.07,-71.18,False
2078,16.99,364.42,2.09,0.74,13.83,73.22,62.92,-102.21,False
2079,17.09,365.91,2.1,0.75,13.86,73.22,62.88,-103.12,False
2080,16.89,363.1,2.09,0.74,13.8,73.21,62.95,-101.4,False
2081,16.0,350.42,2.06,0.73,13.49,73.2,63.23,-93.66,False
2082,15.59,344.72,2.04,0.72,13.35,73.19,63.36,-90.18,False
2083,12.24,297.25,1.91,0.65,12.22,73.14,64.44,-61.18,False
2084,18.63,387.77,2.15,0.78,14.39,73.24,62.39,-116.47,False
2085,17.43,370.68,2.11,0.75,13.98,73.22,62.78,-106.03,False
2086,12.84,305.67,1.94,0.67,12.42,73.15,64.25,-66.32,False
2087,16.46,357.02,2.07,0.73,13.65,73.21,63.09,-97.69,False
2088,18.95,392.32,2.17,0.78,14.5,73.25,62.29,-119.25,False
2089,13.57,316.09,1.96,0.68,12.67,73.16,64.01,-72.69,False
2090,13.53,315.43,1.96,0.68,12.65,73.16,64.03,-72.29,False
2091,13.67,317.51,1.97,0.68,12.7,73.16,63.98,-73.56,False
2092,18.31,383.14,2.14,0.77,14.28,73.24,62.49,-113.65,False
2093,13.91,320.92,1.98,0.69,12.78,73.16,63.9,-75.64,False
2094,19.16,395.19,2.17,0.79,14.56,73.25,62.22,-121.01,False
2095,15.8,347.67,2.05,0.72,13.43,73.2,63.3,-91.98,False
2096,13.9,320.74,1.98,0.69,12.78,73.16,63.91,-75.53,False
2097,18.86,390.99,2.16,0.78,14.46,73.25,62.32,-118.44,False
2098,17.63,373.54,2.12,0.76,14.05,73.23,62.71,-107.78,False
2099,12.69,303.63,1.93,0.66,12.37,73.14,64.29,-65.08,False
2100,13.49,314.89,1.96,0.68,12.64,73.16,64.04,-71.95,False
2101,14.88,334.55,2.01,0.7,13.11,73.18,63.59,-83.97,False
2102,16.69,360.24,2.08,0.74,13.73,73.21,63.01,-99.66,False
2103,18.59,387.2,2.15,0.78,14.37,73.24,62.4,-116.13,False
2104,19.76,403.79,2.2,0.8,14.77,73.26,62.03,-126.26,False
2105,16.93,363.61,2.09,0.74,13.81,73.21,62.94,-101.72,False
2106,19.71,403.01,2.19,0.8,14.75,73.26,62.05,-125.78,False
2107,15.06,337.19,2.02,0.71,13.17,73.18,63.53,-85.58,False
2108,16.61,359.04,2.08,0.74,13.7,73.21,63.04,-98.92,False
2109,14.86,334.33,2.01,0.7,13.11,73.18,63.6,-83.83,False
2110,14.13,323.9,1.99,0.69,12.86,73.17,63.83,-77.46,False
2111,19.5,400.03,2.19,0.79,14.68,73.26,62.11,-123.97,False
2112,15.35,341.21,2.03,0.71,13.27,73.19,63.44,-88.03,False
2113,14.64,331.13,2.0,0.7,13.03,73.18,63.67,-81.88,False
2114,15.46,342.85,2.04,0.72,13.31,73.19,63.41,-89.03,False
2115,16.45,356.89,2.07,0.73,13.65,73.21,63.09,-97.61,False
2116,14.96,335.68,2.02,0.71,13.14,73.18,63.57,-84.65,False
2117,15.5,343.43,2.04,0.72,13.32,73.19,63.39,-89.39,False
2118,17.18,367.12,2.1,0.75,13.89,73.22,62.86,-103.86,False
2119,13.6,316.46,1.97,0.68,12.68,73.16,64.0,-72.92,False
2120,17.63,373.51,2.12,0.76,14.04,73.23,62.71,-107.77,False
2121,15.65,345.53,2.04,0.72,13.37,73.19,63.35,-90.67,False
2122,14.28,326.16,1.99,0.69,12.91,73.17,63.78,-78.84,False
2123,12.1,295.25,1.91,0.65,12.17,73.13,64.48,-59.96,False
2124,14.4,327.84,2.0,0.7,12.95,73.17,63.75,-79.87,False
2125,17.46,371.08,2.11,0.75,13.99,73.22,62.77,-106.28,False
2126,13.58,316.13,1.96,0.68,12.67,73.16,64.01,-72.71,False
2127,18.54,386.51,2.15,0.77,14.36,73.24,62.42,-115.7,False
2128,15.6,344.86,2.04,0.72,13.36,73.19,63.36,-90.26,False
2129,17.07,365.57,2.1,0.75,13.85,73.22,62.89,-102.91,False
2130,19.76,403.78,2.2,0.8,14.77,73.26,62.03,-126.26,False
2131,17.84,376.57,2.12,0.76,14.12,73.23,62.64,-109.64,False
2132,15.17,338.64,2.02,0.71,13.21,73.18,63.5,-86.47,False
2133,17.93,377.75,2.13,0.76,14.15,73.23,62.62,-110.36,False
2134,16.17,352.93,2.06,0.73,13.55,73.2,63.18,-95.19,False
2135,17.06,365.42,2.09,0.75,13.85,73.22,62.9,-102.82,False
2136,15.1,337.68,2.02,0.71,13.19,73.18,63.52,-85.88,False
2137,16.64,359.51,2.08,0.74,13.71,73.21,63.03,-99.21,False
2138,18.43,384.91,2.15,0.77,14.32,73.24,62.45,-114.73,False
2139,19.0,392.91,2.17,0.78,14.51,73.25,62.27,-119.62,False
2140,12.94,307.18,1.94,0.67,12.45,73.15,64.21,-67.24,False
2141,12.15,295.98,1.91,0.65,12.19,73.13,64.47,-60.41,False
2142,12.93,307.03,1.94,0.67,12.45,73.15,64.22,-67.16,False
2143,19.48,399.69,2.19,0.79,14.67,73.26,62.12,-123.76,False
2144,17.82,376.19,2.12,0.76,14.11,73.23,62.65,-109.4,False
2145,13.24,311.43,1.95,0.67,12.56,73.15,64.12,-69.84,False
2146,12.91,306.69,1.94,0.67,12.44,73.15,64.22,-66.95,False
2147,14.32,326.68,1.99,0.69,12.92,73.17,63.77,-79.16,False
2148,19.12,394.65,2.17,0.79,14.55,73.25,62.23,-120.68,False
2149,14.05,322.82,1.98,0.69,12.83,73.17,63.86,-76.8,False
2150,16.04,351.0,2.06,0.73,13.5,73.2,63.22,-94.01,False
2151,13.73,318.34,1.97,0.68,12.72,73.16,63.96,-74.06,False
2152,13.51,315.24,1.96,0.68,12.65,73.16,64.03,-72.17,False
2153,16.73,360.83,2.08,0.74,13.74,73.21,63.0,-100.02,False
2154,16.69,360.23,2.08,0.74,13.73,73.21,63.01,-99.65,False
2155,17.19,367.33,2.1,0.75,13.9,73.22,62.85,-103.99,False
2156,13.53,315.52,1.96,0.68,12.65,73.16,64.02,-72.34,False
2157,13.38,313.28,1.96,0.68,12.6,73.15,64.08,-70.97,False
2158,19.62,401.74,2.19,0.8,14.72,73.26,62.07,-125.01,False
2159,14.3,326.4,1.99,0.69,12.92,73.17,63.78,-78.99,False
2160,12.32,298.35,1.92,0.66,12.24,73.14,64.41,-61.85,False
2161,14.2,324.96,1.99,0.69,12.88,73.17,63.81,-78.11,False
2162,16.41,356.26,2.07,0.73,13.63,73.21,63.1,-97.23,False
2163,18.92,391.87,2.16,0.78,14.49,73.25,62.3,-118.98,False
2164,19.48,399.76,2.19,0.79,14.67,73.26,62.12,-123.8,False
2165,12.12,295.46,1.91,0.65,12.17,73.13,64.48,-60.09,False
2166,16.61,359.04,2.08,0.74,13.7,73.21,63.04,-98.92,False
2167,17.03,365.06,2.09,0.75,13.84,73.22,62.9,-102.6,False
2168,18.91,391.69,2.16,0.78,14.48,73.25,62.3,-118.87,False
2169,12.35,298.81,1.92,0.66,12.25,73.14,64.4,-62.13,False
2170,18.06,379.68,2.13,0.77,14.19,73.23,62.57,-111.54,False
2171,18.6,387.23,2.15,0.78,14.37,73.24,62.4,-116.14,False
2172,12.19,296.47,1.91,0.65,12.2,73.13,64.46,-60.7,False
2173,16.5,357.57,2.07,0.74,13.66,73.21,63.07,-98.03,False
2174,19.05,393.72,2.17,0.78,14.53,73.25,62.26,-120.11,False
2175,14.07,323.12,1.98,0.69,12.84,73.17,63.85,-76.98,False
2176,18.19,381.55,2.14,0.77,14.24,73.24,62.53,-112.68,False
2177,14.5,329.23,2.0,0.7,12.98,73.17,63.71,-80.72,False
2178,17.82,376.23,2.12,0.76,14.11,73.23,62.65,-109.43,False
2179,17.44,370.91,2.11,0.75,13.98,73.22,62.77,-106.18,False
2180,15.18,338.8,2.02,0.71,13.21,73.18,63.5,-86.56,False
2181,13.5,315.05,1.96,0.68,12.64,73.16,64.04,-72.05,False
2182,12.14,295.76,1.91,0.65,12.18,73.13,64.47,-60.27,False
2183,19.25,396.54,2.18,0.79,14.6,73.25,62.19,-121.83,False
2184,17.0,364.62,2.09,0.75,13.83,73.22,62.91,-102.34,False
2185,15.22,339.36,2.03,0.71,13.23,73.19,63.49,-86.9,False
2186,13.42,313.93,1.96,0.68,12.62,73.16,64.06,-71.37,False
2187,15.22,339.45,2.03,0.71,13.23,73.19,63.48,-86.96,False
2188,13.06,308.83,1.95,0.67,12.49,73.15,64.18,-68.25,False
2189,17.35,369.62,2.11,0.75,13.95,73.22,62.8,-105.39,False
2190,16.99,364.53,2.09,0.75,13.83,73.22,62.92,-102.28,False
2191,18.42,384.75,2.15,0.77,14.31,73.24,62.46,-114.63,False
2192,19.6,401.41,2.19,0.8,14.71,73.26,62.08,-124.81,False
2193,14.44,328.4,2.0,0.7,12.96,73.17,63.73,-80.21,False
2194,19.7,402.92,2.19,0.8,14.75,73.26,62.05,-125.73,False
2195,12.36,298.9,1.92,0.66,12.26,73.14,64.4,-62.19,False
2196,14.92,335.12,2.01,0.71,13.12,73.18,63.58,-84.31,False
2197,15.25,339.8,2.03,0.71,13.24,73.19,63.48,-87.17,False
2198,13.21,310.97,1.95,0.67,12.54,73.15,64.13,-69.56,False
2199,13.26,311.62,1.95,0.67,12.56,73.15,64.11,-69.96,False
2200,14.11,323.75,1.98,0.69,12.85,73.17,63.84,-77.37,False
2201,18.46,385.33,2.15,0.77,14.33,73.24,62.45,-114.98,False
2202,19.09,394.21,2.17,0.79,14.54,73.25,62.24,-120.41,False
2203,14.15,324.28,1.99,0.69,12.86,73.17,63.83,-77.69,False
2204,14.48,328.86,2.0,0.7,12.97,73.17,63.72,-80.49,False
2205,19.54,400.57,2.19,0.79,14.69,73.26,62.1,-124.29,False
2206,17.73,374.91,2.12,0.76,14.08,73.23,62.68,-108.62,False
2207,14.31,326.47,1.99,0.69,12.92,73.17,63.78,-79.03,False
2208,13.46,314.47,1.96,0.68,12.63,73.16,64.05,-71.7,False
2209,15.89,348.89,2.05,0.72,13.45,73.2,63.27,-92.72,False
2210,15.12,338.06,2.02,0.71,13.19,73.18,63.51,-86.11,False
2211,17.58,372.77,2.11,0.76,14.03,73.23,62.73,-107.31,False
2212,19.46,399.5,2.19,0.79,14.67,73.26,62.12,-123.64,False
2213,12.36,298.91,1.92,0.66,12.26,73.14,64.4,-62.2,False
2214,18.04,379.37,2.13,0.77,14.19,73.23,62.58,-111.35,False
2215,15.53,343.75,2.04,0.72,13.33,73.19,63.39,-89.58,False
2216,18.68,388.47,2.16,0.78,14.4,73.24,62.37,-116.9,False
2217,15.11,337.81,2.02,0.71,13.19,73.18,63.52,-85.95,False
2218,18.95,392.27,2.17,0.78,14.49,73.25,62.29,-119.23,False
2219,16.02,350.7,2.06,0.73,13.5,73.2,63.23,-93.83,False
2220,15.01,336.37,2.02,0.71,13.15,73.18,63.55,-85.08,False
2221,17.65,373.79,2.12,0.76,14.05,73.23,62.71,-107.93,False
2222,13.4,313.64,1.96,0.68,12.61,73.15,64.07,-71.19,False
2223,16.46,356.99,2.07,0.73,13.65,73.21,63.09,-97.67,False
2224,15.81,347.72,2.05,0.72,13.43,73.2,63.3,-92.01,False
2225,17.8,375.9,2.12,0.76,14.1,73.23,62.66,-109.22,False
2226,15.7,346.25,2.04,0.72,13.39,73.19,63.33,-91.11,False
2227,16.68,360.07,2.08,0.74,13.72,73.21,63.02,-99.55,False
2228,19.18,395.45,2.17,0.79,14.57,73.25,62.22,-121.17,False
2229,15.57,344.35,2.04,0.72,13.35,73.19,63.37,-89.95,False
2230,16.23,353.66,2.06,0.73,13.57,73.2,63.16,-95.64,False
2231,13.4,313.59,1.96,0.68,12.61,73.15,64.07,-71.16,False
2232,15.64,345.29,2.04,0.72,13.37,73.19,63.35,-90.53,False
2233,15.74,346.75,2.05,0.72,13.4,73.19,63.32,-91.42,False
2234,12.4,299.4,1.92,0.66,12.27,73.14,64.39,-62.5,False
2235,16.23,353.7,2.06,0.73,13.57,73.2,63.16,-95.66,False
2236,18.8,390.1,2.16,0.78,14.44,73.25,62.34,-117.9,False
2237,14.41,328.0,2.0,0.7,12.95,73.17,63.74,-79.96,False
2238,14.9,334.87,2.01,0.7,13.12,73.18,63.59,-84.16,False
2239,12.69,303.51,1.93,0.66,12.37,73.14,64.3,-65.0,False
