,nuc,arexp,ent,ndev,age,asexp,la,ld,target
0,1751.0,201.5,0.72,28.5,0.0,1.13,5.0,0.0,True
1,1839.5,202.5,0.76,28.5,7.5,1.13,9.0,0.0,False
2,1755.0,255.67,0.13,28.5,38.0,1.0,35.0,22.0,True
3,1987.5,1169.83,0.5,30.5,3.5,1.66,19.0,8.0,True
4,1851.5,1174.83,0.86,30.0,1.0,1.66,7.0,0.0,True
5,1967.0,764.0,0.86,30.0,0.5,0.94,7.0,0.0,True
6,1793.0,768.5,0.72,30.0,3.0,0.94,5.0,0.0,True
7,1812.0,237.5,0.92,30.0,2.5,1.13,2.0,1.0,True
8,2184.5,250.33,0.59,31.5,0.0,1.0,4.0,3.0,True
9,1777.5,56.0,0.21,30.0,3.0,1.07,7.0,23.0,True
10,1822.0,158.0,0.92,30.0,3.0,1.34,2.0,1.0,True
11,1790.5,1172.17,0.19,30.0,1.5,1.66,13.0,21.0,True
12,1890.0,255.33,0.92,31.5,2.5,1.0,1.0,2.0,True
13,1781.5,205.0,0.34,30.0,4.0,1.67,12.0,4.0,True
14,1796.5,1240.13,0.1,30.5,3.0,0.2,51.0,23.0,True
15,2196.5,1242.93,0.5,31.5,0.0,0.2,9.0,0.0,True
16,1836.5,205.5,0.35,30.0,6.5,1.67,12.0,3.0,True
17,1846.0,2.0,0.4,31.5,0.0,1.5,20.0,5.0,True
18,1801.0,2.0,0.11,32.0,6.0,1.25,34.0,34.0,True
19,2215.5,1252.17,0.92,34.0,7.5,0.2,2.0,1.0,True
20,2216.5,1254.17,0.32,34.0,0.0,0.2,16.0,1.0,True
21,1846.0,207.5,0.81,32.5,5.5,1.67,4.0,0.0,False
22,1811.5,263.33,0.65,33.5,15.0,1.0,5.0,1.0,True
23,1821.5,0.0,0.5,35.5,15.5,0.0,18.0,0.0,False
24,1820.0,2253.52,0.81,36.0,28.0,0.12,3.0,1.0,True
25,1825.0,768.5,0.59,36.0,133.0,0.94,7.0,0.0,False
26,1832.5,771.5,0.05,36.0,7.5,0.94,78.0,109.0,True
27,1831.5,87.5,0.32,37.5,21.0,1.03,15.0,2.0,True
28,1944.5,93.5,0.41,38.5,0.0,1.03,11.0,1.0,True
29,1838.0,279.5,0.52,38.0,13.0,1.13,16.0,1.0,False
30,1847.0,1231.15,0.74,38.5,4.5,0.2,6.0,13.0,True
31,1844.5,295.5,0.25,39.0,3.5,1.13,33.0,15.0,True
32,1901.0,40.0,0.47,39.5,8.0,1.38,8.0,2.0,True
33,1977.5,2190.17,0.59,39.0,0.5,0.12,7.0,0.0,True
34,1870.0,0.0,0.41,39.0,122.5,0.0,11.0,1.0,False
35,1915.5,96.5,0.32,40.0,0.0,1.03,17.0,0.0,True
36,1878.5,4.0,0.59,39.5,0.0,1.38,5.0,2.0,True
37,2296.5,0.0,0.65,41.5,2.0,0.0,4.0,2.0,True
38,2299.5,2124.38,0.65,40.5,2.0,0.12,4.0,2.0,True
39,2107.5,2113.73,1.0,40.5,6.0,0.12,3.0,1.0,True
40,1877.5,2105.3,0.92,40.0,31.0,0.12,2.0,1.0,True
41,2112.5,14.0,0.32,40.5,0.5,2.0,16.0,1.0,True
42,1893.5,35.0,0.81,40.0,16.5,0.96,4.0,0.0,False
43,1882.5,94.0,0.06,40.0,47.5,1.07,83.0,74.0,True
44,1905.5,1086.75,0.72,40.0,17.5,1.66,3.0,2.0,True
45,2134.5,62.0,0.18,40.5,0.5,1.38,24.0,12.0,True
46,1912.5,68.0,0.65,40.5,0.0,1.38,6.0,0.0,True
47,1931.0,1071.0,0.18,40.5,144.0,1.66,34.0,3.0,True
48,1587.67,18.0,1.08,28.0,7.0,2.0,61.0,0.0,False
49,2020.0,6.0,0.24,42.0,3.5,1.7,26.0,0.0,True
50,1374.67,1.0,1.06,29.67,0.0,0.5,46.0,80.0,True
51,1375.67,1198.02,1.19,30.0,1.0,0.2,24.0,3.0,True
52,1943.5,776.5,0.23,42.5,2.0,0.94,20.0,35.0,True
53,1297.67,132.0,1.3,29.0,5.0,1.07,8.0,0.0,True
54,1298.67,134.0,1.3,29.0,0.0,1.07,8.0,0.0,True
55,1983.5,1.0,0.92,44.0,4.0,1.0,3.0,0.0,False
56,1949.0,281.0,0.14,44.0,0.5,1.67,30.0,22.0,True
57,1287.33,8.0,1.08,29.33,32.33,1.41,30.0,22.0,False
58,1943.0,0.0,0.54,44.5,23.5,0.0,3.0,5.0,False
59,1942.5,1.0,0.92,45.5,3.0,1.0,3.0,0.0,False
60,1419.33,377.5,1.2,30.0,28.67,0.58,12.0,2.0,True
61,1994.5,768.33,0.92,46.0,2.0,0.94,1.0,2.0,True
62,1936.0,146.0,0.92,45.5,86.0,1.07,2.0,1.0,True
63,1946.5,159.0,0.92,45.5,0.0,1.07,3.0,0.0,True
64,2054.5,33.0,0.47,45.5,0.0,1.87,6.0,4.0,True
65,2380.0,185.0,0.39,46.0,0.5,1.07,12.0,1.0,True
66,1988.0,193.0,0.39,45.5,20.5,1.07,11.0,2.0,True
67,1405.67,1.0,0.98,33.33,13.33,1.0,39.0,0.0,False
68,2000.0,281.33,0.2,47.0,67.5,1.67,23.0,9.0,True
69,2008.5,1.0,0.81,47.0,24.5,0.0,8.0,0.0,False
70,870.0,26.0,0.0,37.0,54.0,24.0,28.0,6.0,True
71,1339.33,230.0,1.06,31.67,0.0,1.07,40.0,48.0,True
72,1969.5,64.62,0.81,48.0,44.5,0.03,4.0,0.0,False
73,1981.0,89.0,0.19,48.0,0.5,1.38,27.0,8.0,True
74,1418.0,249.0,1.18,32.0,0.67,0.51,15.0,7.0,True
75,2034.5,751.33,0.92,48.0,28.0,0.94,4.0,2.0,True
76,1992.5,26.5,0.32,48.0,32.0,2.0,15.0,2.0,False
77,2007.5,1148.02,0.92,49.0,0.0,0.2,2.0,1.0,True
78,2000.0,424.5,0.34,49.0,1.0,1.13,14.0,2.0,True
79,1992.5,8.5,0.59,49.0,8.0,1.68,7.0,0.0,False
80,2114.5,1.0,0.35,50.0,8.5,1.0,4.0,11.0,False
81,2435.5,56.0,0.65,50.5,3.5,1.87,6.0,0.0,True
82,2053.0,282.33,0.81,50.0,9.0,1.67,4.0,0.0,False
83,1334.0,1.0,1.06,33.33,12.67,0.33,20.0,6.0,False
84,1476.33,7.0,0.2,33.67,29.33,1.16,77.0,0.0,False
85,1337.0,2.0,1.07,33.67,0.0,0.67,67.0,8.0,True
86,1343.0,4.0,0.74,33.67,14.0,1.0,28.0,24.0,False
87,2147.0,262.0,0.24,50.5,3.5,1.07,18.0,7.0,True
88,2030.5,30.5,0.81,50.5,3.0,2.0,3.0,1.0,True
89,2171.0,11.0,0.97,51.0,81.0,1.97,5.0,0.0,False
90,2069.5,292.5,0.41,51.0,0.0,1.67,8.0,4.0,True
91,1707.33,1124.42,1.52,35.33,8.67,0.05,3.0,2.0,True
92,2453.5,1125.42,0.16,53.5,1.5,0.2,24.0,20.0,True
93,2453.5,1125.42,0.21,53.5,1.5,0.2,32.0,27.0,True
94,2453.5,1125.42,0.38,53.5,1.5,0.2,34.0,34.0,True
95,1349.0,26.0,1.14,34.0,111.67,1.39,59.0,26.0,False
96,2021.0,0.0,0.81,51.0,23.0,0.0,4.0,0.0,False
97,2019.5,1143.82,0.47,51.5,267.5,0.2,4.0,6.0,True
98,1373.0,298.83,1.19,34.67,21.67,1.67,12.0,0.0,False
99,1357.67,4.0,0.61,34.67,2.33,1.0,79.0,5.0,True
100,1446.33,1137.27,0.95,35.0,109.67,0.2,35.0,0.0,False
101,890.0,33.5,0.0,39.0,2.0,33.0,9.0,13.0,True
102,1410.33,0.5,1.52,35.0,17.33,1.0,3.0,2.0,True
103,1368.0,1.5,1.3,35.0,74.67,1.5,5.0,3.0,True
104,2035.0,296.58,0.54,52.0,15.5,1.0,8.0,0.0,False
105,2036.5,90.12,0.06,52.0,13.5,0.15,139.0,3.0,True
106,1701.33,309.0,0.61,36.67,3.67,1.67,17.0,1.0,True
107,2079.5,287.5,0.39,52.5,50.5,1.07,4.0,9.0,False
108,2095.5,310.0,0.92,52.5,6.0,1.67,3.0,0.0,False
109,2075.5,1113.93,0.21,53.0,60.5,0.2,30.0,0.0,False
110,1663.0,94.12,0.9,36.67,46.33,0.96,35.0,0.0,False
111,1394.67,3.0,0.67,35.0,12.0,1.38,5.0,11.0,False
112,1378.33,296.92,1.27,35.33,13.33,1.0,14.0,7.0,True
113,2085.0,1110.53,0.21,53.0,2.5,0.2,30.0,0.0,True
114,2175.0,312.5,0.92,52.5,1.5,1.67,2.0,1.0,True
115,1678.0,293.5,0.72,35.33,2.0,0.51,52.0,4.0,True
116,2071.5,29.0,0.72,53.0,56.5,1.98,5.0,0.0,False
117,2132.5,1106.77,0.3,53.0,2.5,0.2,10.0,9.0,True
118,1404.0,902.38,0.94,35.33,127.67,1.26,48.0,14.0,False
119,1769.33,1089.58,0.87,37.67,15.33,0.2,26.0,45.0,False
120,2525.0,306.5,0.2,54.5,2.5,1.07,19.0,14.0,True
121,2525.0,306.5,0.2,54.5,2.5,1.07,19.0,14.0,True
122,1735.33,312.83,0.61,38.0,5.0,1.67,1.0,17.0,True
123,2087.0,57.0,0.59,54.5,25.5,2.0,4.0,3.0,False
124,1775.0,316.83,0.43,36.67,4.67,1.67,20.0,23.0,False
125,2540.0,314.92,0.34,57.5,2.5,1.0,16.0,0.0,True
126,2107.5,14.0,0.12,55.5,3.0,1.02,30.0,32.0,True
127,1408.0,103.0,0.59,37.0,4.67,0.96,4.0,3.0,True
128,2241.5,139.52,0.81,55.5,1.5,0.96,4.0,0.0,True
129,2108.0,324.17,0.72,55.5,35.5,1.67,5.0,0.0,False
130,2099.0,326.17,0.44,55.5,38.5,1.67,11.0,0.0,False
131,1745.67,327.5,0.99,37.67,11.67,1.07,19.0,1.0,True
132,1407.67,32.0,1.07,37.33,14.33,1.39,35.0,3.0,True
133,2289.28,755.17,0.41,54.43,18.64,0.88,23.35,18.25,False
134,2430.61,1073.81,0.38,53.63,3.89,0.29,32.51,31.8,True
135,2128.45,392.57,0.43,55.33,35.43,1.55,12.91,2.82,False
136,2306.57,794.16,0.4,54.33,16.83,0.81,24.47,19.91,False
137,2261.79,693.2,0.41,54.58,21.51,0.99,21.56,15.61,False
138,2315.1,813.39,0.4,54.28,15.94,0.77,25.02,20.73,False
139,2126.1,387.27,0.43,55.35,35.67,1.56,12.76,2.6,False
140,2294.92,767.88,0.41,54.39,18.05,0.86,23.71,18.79,False
141,2320.74,826.1,0.4,54.25,15.36,0.75,25.39,21.27,False
142,2450.79,1119.3,0.38,53.52,1.78,0.21,33.82,33.74,True
143,2429.51,1071.33,0.38,53.64,4.0,0.3,32.44,31.7,True
144,2301.62,782.99,0.4,54.36,17.35,0.83,24.15,19.43,False
145,2299.74,778.75,0.41,54.37,17.55,0.84,24.02,19.25,False
146,2248.81,663.92,0.41,54.65,22.86,1.05,20.72,14.37,False
147,2298.49,775.94,0.41,54.37,17.68,0.84,23.94,19.13,False
148,2273.37,719.29,0.41,54.52,20.3,0.95,22.31,16.72,False
149,2233.32,628.99,0.42,54.74,24.48,1.11,19.71,12.88,False
150,2151.49,444.51,0.43,55.2,33.02,1.45,14.41,5.03,False
151,2173.39,493.88,0.43,55.08,30.74,1.36,15.83,7.13,False
152,2354.3,901.77,0.4,54.06,11.85,0.61,27.56,24.49,False
153,2245.51,656.48,0.41,54.67,23.21,1.06,20.51,14.05,False
154,2412.53,1033.05,0.39,53.73,5.78,0.37,31.34,30.07,False
155,2101.9,332.71,0.44,55.48,38.2,1.66,11.19,0.28,False
156,2336.86,862.44,0.4,54.16,13.67,0.68,26.43,22.81,False
157,2371.51,940.56,0.39,53.96,10.06,0.54,28.68,26.14,False
158,2312.17,806.78,0.4,54.3,16.25,0.78,24.83,20.45,False
159,2379.35,958.23,0.39,53.92,9.24,0.5,29.19,26.89,False
160,2213.02,583.23,0.42,54.86,26.6,1.2,18.4,10.94,False
161,2428.78,1069.68,0.38,53.64,4.08,0.3,32.4,31.63,True
162,2394.5,992.41,0.39,53.83,7.66,0.44,30.17,28.34,False
163,2296.75,772.01,0.41,54.38,17.86,0.85,23.83,18.97,False
164,2203.84,562.53,0.42,54.91,27.56,1.24,17.8,10.05,False
165,2344.32,879.26,0.4,54.12,12.9,0.65,26.92,23.53,False
166,2346.07,883.21,0.4,54.11,12.71,0.64,27.03,23.7,False
167,2158.37,460.02,0.43,55.17,32.3,1.43,14.85,5.69,False
168,2326.71,839.55,0.4,54.22,14.73,0.72,25.77,21.84,False
169,2433.2,1079.64,0.38,53.61,3.62,0.28,32.68,32.05,True
170,2214.51,586.59,0.42,54.85,26.44,1.19,18.49,11.08,False
171,2137.73,413.49,0.43,55.28,34.46,1.51,13.51,3.71,False
172,2336.99,862.74,0.4,54.16,13.66,0.68,26.44,22.83,False
173,2099.35,326.96,0.44,55.5,38.46,1.67,11.02,0.03,False
174,2135.05,407.44,0.43,55.3,34.74,1.52,13.34,3.46,False
175,2191.17,533.97,0.42,54.98,28.88,1.29,16.98,8.84,False
176,2207.52,570.83,0.42,54.89,27.17,1.22,18.04,10.41,False
177,2374.74,947.84,0.39,53.94,9.72,0.52,28.89,26.45,False
178,2308.58,798.67,0.4,54.32,16.63,0.8,24.6,20.1,False
179,2369.5,936.02,0.39,53.97,10.27,0.55,28.55,25.94,False
180,2286.38,748.64,0.41,54.44,18.94,0.89,23.16,17.97,False
181,2159.09,461.64,0.43,55.16,32.23,1.42,14.9,5.76,False
182,2211.88,580.67,0.42,54.86,26.72,1.2,18.32,10.83,False
183,2348.91,889.61,0.4,54.09,12.42,0.63,27.21,23.97,False
184,2348.69,889.12,0.4,54.09,12.44,0.63,27.2,23.95,False
185,2289.01,754.55,0.41,54.43,18.67,0.88,23.33,18.22,False
186,2335.81,860.07,0.4,54.16,13.78,0.69,26.36,22.71,False
187,2179.09,506.73,0.43,55.05,30.14,1.34,16.2,7.68,False
188,2421.91,1054.19,0.38,53.68,4.8,0.33,31.95,30.97,False
189,2129.85,395.72,0.43,55.33,35.28,1.54,13.0,2.96,False
190,2277.0,727.48,0.41,54.5,19.92,0.93,22.55,17.07,False
191,2179.83,508.4,0.43,55.04,30.06,1.34,16.24,7.75,False
192,2246.48,658.67,0.41,54.67,23.11,1.06,20.57,14.14,False
193,2412.63,1033.28,0.39,53.73,5.77,0.37,31.35,30.08,False
194,2165.93,477.07,0.43,55.12,31.51,1.39,15.34,6.42,False
195,2154.85,452.08,0.43,55.18,32.67,1.44,14.62,5.36,False
196,2108.18,346.87,0.44,55.45,37.54,1.63,11.6,0.88,True
197,2283.62,742.4,0.41,54.46,19.23,0.9,22.98,17.71,False
198,2447.79,1112.54,0.38,53.53,2.1,0.22,33.63,33.45,True
199,2297.25,773.14,0.41,54.38,17.81,0.85,23.86,19.01,False
200,2305.22,791.1,0.4,54.34,16.98,0.81,24.38,19.78,False
201,2396.37,996.6,0.39,53.82,7.46,0.43,30.29,28.52,False
202,2117.93,368.85,0.44,55.39,36.52,1.59,12.23,1.82,False
203,2221.69,602.77,0.42,54.81,25.69,1.16,18.96,11.77,False
204,2410.2,1027.78,0.39,53.74,6.02,0.38,31.19,29.85,False
205,2177.85,503.95,0.43,55.06,30.27,1.34,16.12,7.56,False
206,2231.41,624.7,0.42,54.75,24.68,1.12,19.59,12.7,False
207,2443.75,1103.44,0.38,53.55,2.52,0.24,33.37,33.07,True
208,2395.92,995.6,0.39,53.82,7.51,0.44,30.26,28.48,False
209,2311.87,806.11,0.4,54.3,16.28,0.79,24.81,20.42,False
210,2247.5,660.96,0.41,54.66,23.0,1.05,20.63,14.24,False
211,2193.66,539.58,0.42,54.97,28.62,1.28,17.14,9.08,False
212,2402.6,1010.65,0.39,53.79,6.81,0.41,30.7,29.12,False
213,2240.29,644.71,0.42,54.7,23.75,1.08,20.17,13.55,False
214,2430.12,1072.71,0.38,53.63,3.94,0.29,32.48,31.76,True
215,2221.42,602.17,0.42,54.81,25.72,1.16,18.94,11.74,False
216,2384.01,968.74,0.39,53.89,8.75,0.49,29.49,27.34,False
217,2127.35,390.08,0.43,55.34,35.54,1.55,12.84,2.72,False
218,2311.88,806.12,0.4,54.3,16.28,0.79,24.81,20.42,False
219,2171.29,489.15,0.43,55.09,30.95,1.37,15.69,6.93,False
220,2271.69,715.52,0.41,54.53,20.48,0.95,22.2,16.56,False
221,2439.44,1093.71,0.38,53.58,2.97,0.25,33.09,32.65,True
222,2099.58,327.48,0.44,55.5,38.44,1.67,11.04,0.06,False
223,2252.4,672.01,0.41,54.63,22.49,1.03,20.95,14.71,False
224,2309.61,801.01,0.4,54.31,16.52,0.8,24.66,20.2,False
225,2236.48,636.12,0.42,54.72,24.15,1.1,19.92,13.19,False
226,2177.95,504.16,0.43,55.05,30.26,1.34,16.12,7.57,False
227,2280.96,736.4,0.41,54.47,19.51,0.91,22.81,17.45,False
228,2314.63,812.33,0.4,54.28,15.99,0.77,24.99,20.68,False
229,2387.62,976.88,0.39,53.87,8.38,0.47,29.73,27.68,False
230,2313.88,810.62,0.4,54.29,16.07,0.78,24.94,20.61,False
231,2230.88,623.49,0.42,54.76,24.74,1.12,19.56,12.65,False
232,2130.18,396.47,0.43,55.32,35.25,1.54,13.02,2.99,False
233,2380.83,961.59,0.39,53.91,9.08,0.5,29.29,27.03,False
234,2348.49,888.66,0.4,54.09,12.46,0.63,27.19,23.93,False
235,2298.48,775.91,0.41,54.37,17.68,0.84,23.94,19.13,False
236,2170.71,487.84,0.43,55.1,31.02,1.37,15.65,6.88,False
237,2449.67,1116.78,0.38,53.52,1.9,0.21,33.75,33.63,True
238,2207.44,570.64,0.42,54.89,27.18,1.22,18.04,10.4,False
239,2313.97,810.84,0.4,54.29,16.06,0.78,24.95,20.62,False
240,2130.32,396.78,0.43,55.32,35.23,1.54,13.03,3.0,False
241,2161.97,468.13,0.43,55.14,31.93,1.41,15.09,6.04,False
242,2313.43,809.62,0.4,54.29,16.12,0.78,24.91,20.57,False
243,2218.57,595.74,0.42,54.83,26.02,1.17,18.76,11.47,False
244,2425.16,1061.53,0.38,53.66,4.46,0.31,32.16,31.28,True
245,2237.25,637.87,0.42,54.72,24.07,1.1,19.97,13.26,False
246,2360.46,915.65,0.39,54.02,11.21,0.58,27.96,25.08,False
247,2106.97,344.13,0.44,55.46,37.67,1.64,11.52,0.76,True
248,2276.5,726.36,0.41,54.5,19.97,0.93,22.52,17.02,False
249,2110.8,352.78,0.44,55.43,37.27,1.62,11.77,1.13,False
250,2302.74,785.51,0.4,54.35,17.24,0.82,24.22,19.54,False
251,2226.64,613.95,0.42,54.78,25.18,1.14,19.28,12.24,False
252,2110.35,351.75,0.44,55.44,37.32,1.63,11.74,1.09,False
253,2177.66,503.5,0.43,55.06,30.29,1.35,16.1,7.54,False
254,2393.42,989.95,0.39,53.84,7.77,0.45,30.1,28.24,False
255,2388.6,979.09,0.39,53.87,8.27,0.47,29.79,27.78,False
256,2136.3,410.26,0.43,55.29,34.61,1.52,13.42,3.58,False
257,2300.09,779.54,0.41,54.37,17.51,0.84,24.05,19.29,False
258,2391.82,986.35,0.39,53.85,7.94,0.45,30.0,28.08,False
259,2167.3,480.15,0.43,55.11,31.37,1.39,15.43,6.55,False
260,2371.61,940.79,0.39,53.96,10.05,0.54,28.69,26.15,False
261,2125.21,385.26,0.44,55.35,35.76,1.56,12.7,2.51,False
262,2264.98,700.39,0.41,54.56,21.18,0.98,21.77,15.92,False
263,2267.28,705.57,0.41,54.55,20.94,0.97,21.92,16.14,False
264,2373.33,944.67,0.39,53.95,9.87,0.53,28.8,26.31,False
265,2201.13,556.43,0.42,54.92,27.84,1.25,17.63,9.8,False
266,2445.21,1106.73,0.38,53.55,2.36,0.23,33.46,33.21,True
267,2303.06,786.24,0.4,54.35,17.2,0.82,24.24,19.57,False
268,2446.23,1109.04,0.38,53.54,2.26,0.23,33.53,33.3,True
269,2368.16,933.01,0.39,53.98,10.41,0.55,28.46,25.81,False
270,2310.77,803.62,0.4,54.31,16.4,0.79,24.74,20.31,False
271,2310.91,803.93,0.4,54.3,16.38,0.79,24.75,20.32,False
272,2407.93,1022.68,0.39,53.76,6.26,0.39,31.04,29.63,False
273,2284.91,745.32,0.41,54.45,19.1,0.9,23.06,17.83,False
274,2296.09,770.52,0.41,54.39,17.93,0.85,23.79,18.9,False
275,2206.02,567.45,0.42,54.9,27.33,1.23,17.94,10.26,False
276,2304.32,789.08,0.4,54.34,17.07,0.82,24.32,19.69,False
277,2182.05,513.4,0.43,55.03,29.83,1.33,16.39,7.96,False
278,2181.53,512.23,0.43,55.03,29.89,1.33,16.35,7.92,False
279,2395.55,994.76,0.39,53.83,7.55,0.44,30.24,28.44,False
280,2220.24,599.51,0.42,54.82,25.85,1.17,18.87,11.63,False
281,2378.38,956.05,0.39,53.92,9.34,0.51,29.13,26.79,False
282,2346.26,883.63,0.4,54.11,12.69,0.64,27.04,23.71,False
283,2388.81,979.56,0.39,53.86,8.25,0.47,29.8,27.8,False
284,2150.98,443.35,0.43,55.21,33.08,1.46,14.37,4.99,False
285,2387.69,977.05,0.39,53.87,8.37,0.47,29.73,27.69,False
286,2187.17,524.95,0.42,55.0,29.3,1.31,16.72,8.46,False
287,2316.15,815.76,0.4,54.27,15.84,0.77,25.09,20.83,False
288,2423.47,1057.71,0.38,53.67,4.63,0.32,32.05,31.12,False
289,2332.06,851.63,0.4,54.19,14.17,0.7,26.12,22.35,False
290,2240.12,644.33,0.42,54.7,23.77,1.08,20.16,13.53,False
291,2434.01,1081.47,0.38,53.61,3.53,0.28,32.74,32.13,True
292,2438.13,1090.77,0.38,53.59,3.1,0.26,33.0,32.53,True
293,2134.28,405.71,0.43,55.3,34.82,1.53,13.29,3.38,False
294,2124.27,383.13,0.44,55.36,35.86,1.57,12.64,2.42,True
295,2249.81,666.19,0.41,54.65,22.76,1.04,20.78,14.46,False
296,2245.12,655.62,0.41,54.68,23.25,1.06,20.48,14.01,False
297,2284.78,745.02,0.41,54.45,19.11,0.9,23.05,17.82,False
298,2368.48,933.73,0.39,53.98,10.37,0.55,28.48,25.85,False
299,2393.43,989.99,0.39,53.84,7.77,0.45,30.1,28.24,False
300,2396.54,997.0,0.39,53.82,7.44,0.43,30.3,28.54,False
301,2205.28,565.79,0.42,54.9,27.41,1.23,17.9,10.19,False
302,2196.9,546.9,0.42,54.95,28.28,1.26,17.35,9.39,False
303,2151.3,444.09,0.43,55.2,33.04,1.45,14.39,5.02,False
304,2106.27,342.57,0.44,55.46,37.74,1.64,11.47,0.7,True
305,2446.29,1109.15,0.38,53.54,2.25,0.23,33.53,33.31,True
306,2142.74,424.77,0.43,55.25,33.94,1.49,13.84,4.19,False
307,2403.48,1012.64,0.39,53.78,6.72,0.4,30.75,29.2,False
308,2292.87,763.27,0.41,54.41,18.27,0.87,23.58,18.59,False
309,2357.33,908.59,0.4,54.04,11.54,0.6,27.76,24.78,False
310,2259.58,688.2,0.41,54.59,21.74,1.0,21.42,15.4,False
311,2120.29,374.16,0.44,55.38,36.28,1.58,12.38,2.04,False
312,2270.93,713.79,0.41,54.53,20.56,0.96,22.15,16.49,False
313,2125.55,386.02,0.43,55.35,35.73,1.56,12.72,2.55,False
314,2288.47,753.35,0.41,54.43,18.72,0.88,23.29,18.17,False
315,2382.21,964.68,0.39,53.9,8.94,0.49,29.37,27.16,False
316,2174.86,497.19,0.43,55.07,30.58,1.36,15.92,7.28,False
317,2339.77,869.0,0.4,54.14,13.37,0.67,26.62,23.09,False
318,2433.07,1079.36,0.38,53.62,3.63,0.28,32.67,32.04,True
319,2185.81,521.88,0.42,55.01,29.44,1.31,16.63,8.33,False
320,2410.8,1029.14,0.39,53.74,5.96,0.37,31.23,29.9,False
321,2429.23,1070.71,0.38,53.64,4.03,0.3,32.43,31.67,True
322,2409.51,1026.24,0.39,53.75,6.09,0.38,31.15,29.78,False
323,2306.83,794.73,0.4,54.33,16.81,0.81,24.48,19.93,False
324,2193.64,539.53,0.42,54.97,28.62,1.28,17.14,9.08,False
325,2232.83,627.91,0.42,54.74,24.53,1.12,19.68,12.84,False
326,2149.79,440.68,0.43,55.21,33.2,1.46,14.3,4.87,False
327,2121.22,376.27,0.44,55.37,36.18,1.58,12.44,2.13,False
328,2248.28,662.73,0.41,54.66,22.92,1.05,20.69,14.32,False
329,2232.17,626.42,0.42,54.75,24.6,1.12,19.64,12.77,False
330,2181.17,511.44,0.43,55.04,29.92,1.33,16.33,7.88,False
331,2453.48,1125.37,0.38,53.5,1.5,0.2,34.0,34.0,True
332,2144.13,427.92,0.43,55.25,33.79,1.48,13.93,4.33,False
333,2108.28,347.08,0.44,55.45,37.53,1.63,11.6,0.89,True
334,2275.38,723.83,0.41,54.5,20.09,0.94,22.44,16.92,False
335,2251.57,670.16,0.41,54.64,22.58,1.04,20.9,14.63,False
336,2281.57,737.8,0.41,54.47,19.44,0.91,22.85,17.51,False
337,2265.64,701.87,0.41,54.56,21.11,0.98,21.81,15.98,False
338,2173.38,493.85,0.43,55.08,30.74,1.36,15.83,7.13,False
339,2303.3,786.77,0.4,54.35,17.18,0.82,24.25,19.59,False
340,2358.09,910.31,0.4,54.04,11.46,0.59,27.81,24.85,False
341,2371.71,941.02,0.39,53.96,10.04,0.54,28.69,26.16,False
342,2180.39,509.67,0.43,55.04,30.0,1.33,16.28,7.81,False
343,2172.57,492.03,0.43,55.08,30.82,1.37,15.77,7.06,False
344,2311.03,804.21,0.4,54.3,16.37,0.79,24.76,20.34,False
345,2320.81,826.26,0.4,54.25,15.35,0.75,25.39,21.27,False
346,2232.98,628.24,0.42,54.74,24.52,1.11,19.69,12.85,False
347,2115.47,363.3,0.44,55.41,36.78,1.6,12.07,1.58,False
348,2103.29,335.85,0.44,55.48,38.05,1.66,11.28,0.41,False
349,2341.95,873.91,0.4,54.13,13.14,0.66,26.76,23.3,False
350,2209.17,574.56,0.42,54.88,27.0,1.21,18.15,10.57,False
351,2123.52,381.44,0.44,55.36,35.94,1.57,12.59,2.35,False
352,2207.86,571.6,0.42,54.89,27.14,1.22,18.06,10.44,False
353,2347.77,887.05,0.4,54.1,12.53,0.64,27.14,23.86,False
354,2264.63,699.6,0.41,54.57,21.21,0.98,21.75,15.89,False
355,2152.22,446.15,0.43,55.2,32.95,1.45,14.45,5.1,False
356,2127.7,390.87,0.43,55.34,35.5,1.55,12.86,2.75,False
357,2166.08,477.4,0.43,55.12,31.5,1.39,15.35,6.43,False
358,2400.7,1006.37,0.39,53.8,7.01,0.42,30.57,28.94,False
359,2163.57,471.75,0.43,55.14,31.76,1.4,15.19,6.19,False
360,2263.11,696.17,0.41,54.57,21.37,0.99,21.65,15.74,False
361,2203.55,561.89,0.42,54.91,27.59,1.24,17.78,10.03,False
362,2291.63,760.46,0.41,54.41,18.39,0.87,23.5,18.47,False
363,2305.95,792.74,0.4,54.33,16.9,0.81,24.43,19.85,False
364,2141.49,421.97,0.43,55.26,34.07,1.5,13.76,4.08,False
365,2220.45,599.98,0.42,54.81,25.82,1.17,18.88,11.65,False
366,2266.28,703.31,0.41,54.56,21.04,0.98,21.85,16.04,False
367,2233.98,630.49,0.42,54.74,24.41,1.11,19.76,12.95,False
368,2230.2,621.97,0.42,54.76,24.81,1.13,19.51,12.58,False
369,2433.33,1079.93,0.38,53.61,3.61,0.28,32.69,32.07,True
370,2206.88,569.4,0.42,54.89,27.24,1.22,18.0,10.35,False
371,2142.58,424.43,0.43,55.25,33.95,1.49,13.83,4.18,False
372,2315.42,814.11,0.4,54.28,15.91,0.77,25.04,20.76,False
373,2181.14,511.36,0.43,55.04,29.93,1.33,16.33,7.88,False
374,2388.53,978.94,0.39,53.87,8.28,0.47,29.78,27.77,False
375,2185.03,520.13,0.42,55.01,29.52,1.31,16.58,8.25,False
376,2298.46,775.87,0.41,54.37,17.68,0.84,23.94,19.13,False
377,2316.63,816.83,0.4,54.27,15.79,0.77,25.12,20.87,False
378,2217.7,593.79,0.42,54.83,26.11,1.18,18.7,11.38,False
379,2381.88,963.94,0.39,53.9,8.98,0.49,29.35,27.13,False
380,2255.25,678.45,0.41,54.62,22.19,1.02,21.14,14.99,False
381,2336.24,861.04,0.4,54.16,13.74,0.68,26.39,22.75,False
382,2117.06,366.89,0.44,55.4,36.61,1.6,12.17,1.73,False
383,2440.32,1095.7,0.38,53.57,2.88,0.25,33.14,32.74,True
384,2251.28,669.49,0.41,54.64,22.61,1.04,20.88,14.6,False
385,2107.27,344.82,0.44,55.45,37.64,1.64,11.54,0.79,True
386,2111.64,354.66,0.44,55.43,37.18,1.62,11.82,1.21,False
387,2239.0,641.81,0.42,54.71,23.89,1.09,20.08,13.43,False
388,2138.72,415.73,0.43,55.28,34.35,1.51,13.58,3.81,False
389,2184.94,519.94,0.42,55.02,29.53,1.31,16.58,8.24,False
390,2257.87,684.35,0.41,54.6,21.92,1.01,21.31,15.24,False
391,2174.52,496.43,0.43,55.07,30.62,1.36,15.9,7.24,False
392,2308.21,797.86,0.4,54.32,16.66,0.8,24.57,20.07,False
393,2410.02,1027.38,0.39,53.75,6.04,0.38,31.18,29.83,False
394,2207.71,571.25,0.42,54.89,27.15,1.22,18.05,10.43,False
395,2175.55,498.76,0.43,55.07,30.51,1.35,15.97,7.34,False
396,2401.38,1007.91,0.39,53.79,6.94,0.41,30.62,29.0,False
397,2282.98,740.96,0.41,54.46,19.3,0.91,22.94,17.65,False
398,2165.06,475.1,0.43,55.13,31.61,1.4,15.29,6.34,False
399,2136.26,410.17,0.43,55.29,34.61,1.52,13.42,3.57,False
400,2407.32,1021.3,0.39,53.76,6.32,0.39,31.0,29.57,False
401,2152.86,447.61,0.43,55.2,32.88,1.45,14.49,5.17,False
402,2292.15,761.64,0.41,54.41,18.34,0.87,23.53,18.52,False
403,2241.31,647.02,0.42,54.7,23.65,1.08,20.23,13.65,False
404,2319.06,822.31,0.4,54.26,15.53,0.76,25.28,21.11,False
405,2170.53,487.43,0.43,55.1,31.03,1.37,15.64,6.86,False
406,2164.27,473.33,0.43,55.13,31.69,1.4,15.23,6.26,False
407,2356.32,906.32,0.4,54.05,11.64,0.6,27.7,24.68,False
408,2167.2,479.94,0.43,55.12,31.38,1.39,15.43,6.54,False
409,2342.85,875.94,0.4,54.12,13.05,0.66,26.82,23.39,False
410,2299.47,778.14,0.41,54.37,17.58,0.84,24.01,19.23,False
411,2371.49,940.52,0.39,53.96,10.06,0.54,28.68,26.13,False
412,2171.29,489.16,0.43,55.09,30.95,1.37,15.69,6.93,False
413,2300.95,781.48,0.41,54.36,17.42,0.83,24.1,19.37,False
414,2137.77,413.59,0.43,55.28,34.45,1.51,13.52,3.72,False
415,2398.32,1001.01,0.39,53.81,7.26,0.43,30.42,28.71,False
416,2141.09,421.07,0.43,55.26,34.11,1.5,13.73,4.04,False
417,2449.38,1116.13,0.38,53.52,1.93,0.21,33.73,33.6,True
418,2252.89,673.13,0.41,54.63,22.44,1.03,20.98,14.76,False
419,2432.04,1077.04,0.38,53.62,3.74,0.29,32.61,31.94,True
420,2301.37,782.43,0.4,54.36,17.38,0.83,24.13,19.41,False
421,2219.92,598.8,0.42,54.82,25.88,1.17,18.85,11.6,False
422,2364.84,925.53,0.39,54.0,10.75,0.57,28.25,25.5,False
423,2307.7,796.7,0.4,54.32,16.72,0.8,24.54,20.02,False
424,2204.65,564.36,0.42,54.9,27.47,1.23,17.85,10.13,False
425,2348.82,889.42,0.4,54.09,12.43,0.63,27.21,23.96,False
426,2285.03,745.59,0.41,54.45,19.08,0.9,23.07,17.84,False
427,2202.14,558.7,0.42,54.92,27.74,1.24,17.69,9.89,False
428,2255.19,678.3,0.41,54.62,22.2,1.02,21.13,14.98,False
429,2261.24,691.95,0.41,54.58,21.57,1.0,21.53,15.56,False
430,2339.93,869.36,0.4,54.14,13.35,0.67,26.63,23.11,False
431,2436.88,1087.95,0.38,53.59,3.23,0.27,32.92,32.41,True
432,2160.47,464.75,0.43,55.15,32.08,1.42,14.99,5.9,False
433,2344.81,880.37,0.4,54.11,12.84,0.65,26.95,23.58,False
434,2395.84,995.43,0.39,53.83,7.52,0.44,30.26,28.47,False
435,2167.66,480.96,0.43,55.11,31.33,1.39,15.45,6.59,False
436,2107.72,345.83,0.44,55.45,37.59,1.64,11.57,0.84,True
437,2215.84,589.59,0.42,54.84,26.31,1.19,18.58,11.21,False
438,2394.99,993.5,0.39,53.83,7.61,0.44,30.2,28.39,False
439,2227.0,614.76,0.42,54.78,25.14,1.14,19.3,12.28,False
440,2132.8,402.38,0.43,55.31,34.97,1.53,13.19,3.24,False
441,2283.05,741.12,0.41,54.46,19.29,0.91,22.94,17.65,False
442,2323.18,831.6,0.4,54.24,15.1,0.74,25.54,21.5,False
443,2289.24,755.07,0.41,54.43,18.64,0.88,23.34,18.25,False
444,2258.54,685.86,0.41,54.6,21.85,1.01,21.35,15.3,False
445,2158.0,459.18,0.43,55.17,32.34,1.43,14.83,5.66,False
446,2147.4,435.29,0.43,55.23,33.45,1.47,14.14,4.64,False
447,2226.36,613.32,0.42,54.78,25.21,1.14,19.26,12.22,False
448,2122.48,379.11,0.44,55.37,36.05,1.58,12.52,2.25,False
449,2220.13,599.26,0.42,54.82,25.86,1.17,18.86,11.62,False
450,2262.52,694.84,0.41,54.58,21.43,0.99,21.61,15.68,False
451,2371.93,941.5,0.39,53.96,10.01,0.54,28.71,26.18,False
452,2311.03,804.21,0.4,54.3,16.37,0.79,24.76,20.34,False
453,2361.15,917.2,0.39,54.02,11.14,0.58,28.01,25.14,False
454,2125.03,384.86,0.44,55.35,35.78,1.56,12.69,2.5,False
455,2442.46,1100.53,0.38,53.56,2.65,0.24,33.28,32.94,True
456,2407.11,1020.82,0.39,53.76,6.34,0.39,30.99,29.55,False
457,2381.9,964.0,0.39,53.9,8.97,0.49,29.35,27.13,False
458,2317.27,818.28,0.4,54.27,15.72,0.76,25.16,20.93,False
459,2401.73,1008.7,0.39,53.79,6.9,0.41,30.64,29.03,False
460,2385.01,971.0,0.39,53.89,8.65,0.48,29.56,27.43,False
461,2115.39,363.11,0.44,55.41,36.79,1.6,12.06,1.57,False
462,2401.65,1008.53,0.39,53.79,6.91,0.41,30.64,29.03,False
463,2261.63,692.82,0.41,54.58,21.53,1.0,21.55,15.6,False
464,2422.93,1056.49,0.38,53.67,4.69,0.32,32.02,31.07,False
465,2369.19,935.33,0.39,53.98,10.3,0.55,28.53,25.91,False
466,2248.04,662.19,0.41,54.66,22.94,1.05,20.67,14.29,False
467,2107.29,344.85,0.44,55.45,37.63,1.64,11.54,0.79,True
468,2105.92,341.76,0.44,55.46,37.78,1.64,11.45,0.66,True
469,2400.54,1006.0,0.39,53.8,7.03,0.42,30.56,28.92,False
470,2128.21,392.02,0.43,55.34,35.45,1.55,12.89,2.8,False
471,2380.21,960.18,0.39,53.91,9.15,0.5,29.25,26.97,False
472,2300.65,780.8,0.41,54.36,17.45,0.83,24.08,19.34,False
473,2228.55,618.24,0.42,54.77,24.98,1.13,19.41,12.42,False
474,2118.47,370.06,0.44,55.39,36.47,1.59,12.26,1.87,False
475,2199.17,552.01,0.42,54.93,28.04,1.26,17.5,9.61,False
476,2190.06,531.47,0.42,54.99,29.0,1.29,16.91,8.73,False
477,2369.45,935.92,0.39,53.97,10.27,0.55,28.55,25.94,False
478,2202.12,558.66,0.42,54.92,27.74,1.24,17.69,9.89,False
479,2395.02,993.57,0.39,53.83,7.6,0.44,30.21,28.39,False
480,2241.43,647.29,0.42,54.7,23.63,1.08,20.24,13.66,False
481,2111.76,354.94,0.44,55.43,37.17,1.62,11.83,1.22,False
482,2122.26,378.6,0.44,55.37,36.07,1.58,12.51,2.23,False
483,2115.12,362.51,0.44,55.41,36.82,1.61,12.05,1.55,False
484,2231.8,625.58,0.42,54.75,24.64,1.12,19.62,12.74,False
485,2140.73,420.25,0.43,55.26,34.14,1.5,13.71,4.0,False
486,2229.77,620.99,0.42,54.76,24.85,1.13,19.48,12.54,False
487,2440.25,1095.55,0.38,53.57,2.88,0.25,33.14,32.73,True
488,2200.29,554.54,0.42,54.93,27.93,1.25,17.57,9.72,False
489,2313.26,809.24,0.4,54.29,16.14,0.78,24.9,20.55,False
490,2405.03,1016.15,0.39,53.77,6.56,0.4,30.86,29.35,False
491,2149.17,439.27,0.43,55.22,33.26,1.46,14.25,4.81,False
492,2373.73,945.57,0.39,53.95,9.83,0.53,28.82,26.35,False
493,2232.01,626.04,0.42,54.75,24.62,1.12,19.63,12.76,False
494,2388.0,977.73,0.39,53.87,8.34,0.47,29.75,27.72,False
495,2239.85,643.72,0.42,54.71,23.8,1.09,20.14,13.51,False
496,2334.71,857.6,0.4,54.17,13.9,0.69,26.29,22.61,False
497,2245.71,656.93,0.41,54.67,23.19,1.06,20.52,14.07,False
498,2420.38,1050.75,0.38,53.69,4.96,0.33,31.85,30.82,False
499,2347.84,887.19,0.4,54.1,12.53,0.64,27.14,23.87,False
500,2353.06,898.96,0.4,54.07,11.98,0.61,27.48,24.37,False
501,2393.59,990.35,0.39,53.84,7.75,0.45,30.11,28.25,False
502,2208.55,573.15,0.42,54.88,27.07,1.22,18.11,10.51,False
503,2147.3,435.06,0.43,55.23,33.46,1.47,14.13,4.63,False
504,2178.85,506.2,0.43,55.05,30.17,1.34,16.18,7.66,False
505,2362.88,921.11,0.39,54.01,10.96,0.57,28.12,25.31,False
506,2405.32,1016.79,0.39,53.77,6.53,0.4,30.87,29.38,False
507,2440.13,1095.27,0.38,53.58,2.9,0.25,33.13,32.72,True
508,2192.34,536.61,0.42,54.97,28.76,1.28,17.06,8.95,False
509,2273.8,720.27,0.41,54.51,20.26,0.94,22.34,16.77,False
510,2259.06,687.04,0.41,54.6,21.79,1.01,21.38,15.35,False
511,2328.81,844.3,0.4,54.2,14.51,0.72,25.91,22.04,False
512,2257.21,682.86,0.41,54.61,21.99,1.01,21.26,15.17,False
513,2136.44,410.58,0.43,55.29,34.59,1.52,13.43,3.59,False
514,2358.65,911.57,0.4,54.04,11.4,0.59,27.85,24.9,False
515,2104.12,337.72,0.44,55.47,37.97,1.65,11.33,0.49,False
516,2405.24,1016.62,0.39,53.77,6.54,0.4,30.87,29.37,False
517,2168.79,483.5,0.43,55.11,31.22,1.38,15.53,6.69,False
518,2188.31,527.52,0.42,55.0,29.18,1.3,16.79,8.57,False
519,2356.59,906.92,0.4,54.05,11.61,0.6,27.71,24.71,False
520,2367.12,930.68,0.39,53.99,10.52,0.56,28.4,25.72,False
521,2205.64,566.59,0.42,54.9,27.37,1.23,17.92,10.23,False
522,2431.54,1075.9,0.38,53.62,3.79,0.29,32.58,31.89,True
523,2325.49,836.81,0.4,54.22,14.86,0.73,25.69,21.72,False
524,2356.67,907.11,0.4,54.05,11.61,0.6,27.72,24.71,False
525,2220.52,600.14,0.42,54.81,25.82,1.17,18.88,11.65,False
526,2145.78,431.65,0.43,55.24,33.62,1.48,14.04,4.49,False
527,2161.96,468.12,0.43,55.14,31.93,1.41,15.09,6.04,False
528,2283.4,741.91,0.41,54.46,19.25,0.9,22.96,17.69,False
529,2348.82,889.42,0.4,54.09,12.43,0.63,27.21,23.96,False
530,2434.87,1083.41,0.38,53.61,3.44,0.27,32.79,32.21,True
531,2193.78,539.86,0.42,54.97,28.61,1.28,17.15,9.09,False
532,2220.98,601.19,0.42,54.81,25.77,1.16,18.91,11.7,False
533,2181.2,511.49,0.43,55.04,29.92,1.33,16.33,7.88,False
534,2399.66,1004.03,0.39,53.8,7.12,0.42,30.51,28.84,False
535,2291.93,761.14,0.41,54.41,18.36,0.87,23.52,18.5,False
536,2383.61,967.85,0.39,53.89,8.79,0.49,29.47,27.3,False
537,2172.08,490.93,0.43,55.09,30.87,1.37,15.74,7.01,False
538,2319.19,822.61,0.4,54.26,15.52,0.76,25.29,21.12,False
539,2172.6,492.1,0.43,55.08,30.82,1.37,15.78,7.06,False
540,2264.06,698.31,0.41,54.57,21.27,0.99,21.71,15.83,False
541,2256.8,681.95,0.41,54.61,22.03,1.02,21.24,15.14,False
542,2106.43,342.91,0.44,55.46,37.72,1.64,11.48,0.71,True
543,2422.95,1056.54,0.38,53.67,4.69,0.32,32.02,31.07,False
544,2126.5,388.17,0.43,55.34,35.63,1.56,12.78,2.64,False
545,2341.81,873.6,0.4,54.13,13.16,0.66,26.75,23.29,False
546,2210.78,578.18,0.42,54.87,26.83,1.21,18.25,10.72,False
547,2211.58,579.98,0.42,54.86,26.75,1.2,18.3,10.8,False
548,2224.24,608.52,0.42,54.79,25.43,1.15,19.13,12.01,False
549,2373.71,945.53,0.39,53.95,9.83,0.53,28.82,26.35,False
550,2305.19,791.05,0.4,54.34,16.98,0.81,24.38,19.78,False
551,2181.12,511.3,0.43,55.04,29.93,1.33,16.33,7.88,False
552,2351.76,896.03,0.4,54.07,12.12,0.62,27.4,24.24,False
553,2382.22,964.71,0.39,53.9,8.94,0.49,29.38,27.16,False
554,2286.52,748.95,0.41,54.44,18.93,0.89,23.17,17.98,False
555,2269.9,711.47,0.41,54.54,20.66,0.96,22.09,16.39,False
556,2451.07,1119.93,0.38,53.51,1.75,0.21,33.84,33.77,True
557,2153.53,449.12,0.43,55.19,32.81,1.45,14.54,5.23,False
558,2102.75,334.62,0.44,55.48,38.11,1.66,11.24,0.36,False
559,2319.16,822.53,0.4,54.26,15.52,0.76,25.28,21.12,False
560,2348.42,888.52,0.4,54.09,12.47,0.63,27.18,23.92,False
561,2176.66,501.25,0.43,55.06,30.39,1.35,16.04,7.45,False
562,2298.04,774.92,0.41,54.38,17.73,0.84,23.91,19.09,False
563,2299.5,778.21,0.41,54.37,17.57,0.84,24.01,19.23,False
564,2204.39,563.77,0.42,54.91,27.5,1.23,17.84,10.11,False
565,2401.05,1007.16,0.39,53.8,6.97,0.41,30.6,28.97,False
566,2128.31,392.24,0.43,55.33,35.44,1.55,12.9,2.81,False
567,2429.66,1071.68,0.38,53.63,3.99,0.3,32.45,31.71,True
568,2327.24,840.76,0.4,54.21,14.68,0.72,25.81,21.89,False
569,2381.53,963.15,0.39,53.91,9.01,0.5,29.33,27.1,False
570,2417.59,1044.46,0.39,53.7,5.25,0.35,31.67,30.56,False
571,2393.64,990.46,0.39,53.84,7.75,0.45,30.12,28.26,False
572,2102.86,334.87,0.44,55.48,38.1,1.66,11.25,0.37,False
573,2125.73,386.43,0.43,55.35,35.71,1.56,12.73,2.56,False
574,2167.16,479.83,0.43,55.12,31.39,1.39,15.42,6.54,False
575,2404.0,1013.82,0.39,53.78,6.67,0.4,30.79,29.25,False
576,2259.26,687.48,0.41,54.6,21.77,1.01,21.4,15.37,False
577,2441.77,1098.97,0.38,53.57,2.72,0.24,33.24,32.87,True
578,2187.23,525.08,0.42,55.0,29.29,1.31,16.72,8.46,False
579,2303.05,786.22,0.4,54.35,17.2,0.82,24.24,19.57,False
580,2153.16,448.27,0.43,55.19,32.85,1.45,14.51,5.19,False
581,2273.0,718.47,0.41,54.52,20.34,0.95,22.29,16.69,False
582,2166.85,479.13,0.43,55.12,31.42,1.39,15.4,6.51,False
583,2155.29,453.08,0.43,55.18,32.62,1.44,14.65,5.4,False
584,2144.93,429.72,0.43,55.24,33.71,1.48,13.98,4.41,False
585,2190.88,533.31,0.42,54.98,28.91,1.29,16.96,8.81,False
586,2129.68,395.34,0.43,55.33,35.3,1.55,12.99,2.94,False
587,2338.67,866.52,0.4,54.15,13.49,0.67,26.55,22.99,False
588,2450.54,1118.75,0.38,53.52,1.81,0.21,33.81,33.72,True
589,2385.09,971.18,0.39,53.89,8.64,0.48,29.56,27.44,False
590,2287.28,750.67,0.41,54.44,18.85,0.89,23.22,18.06,False
591,2334.92,858.08,0.4,54.17,13.88,0.69,26.31,22.63,False
592,2283.77,742.74,0.41,54.46,19.22,0.9,22.99,17.72,False
593,2151.53,444.59,0.43,55.2,33.02,1.45,14.41,5.04,False
594,2268.49,708.29,0.41,54.54,20.81,0.97,22.0,16.26,False
595,2216.89,591.95,0.42,54.83,26.2,1.18,18.65,11.31,False
596,2109.86,350.65,0.44,55.44,37.37,1.63,11.7,1.04,True
597,2438.96,1092.62,0.38,53.58,3.02,0.26,33.06,32.61,True
598,2400.47,1005.86,0.39,53.8,7.03,0.42,30.56,28.91,False
599,2261.95,693.56,0.41,54.58,21.49,0.99,21.57,15.63,False
600,2244.64,654.53,0.41,54.68,23.3,1.07,20.45,13.97,False
601,2424.68,1060.45,0.38,53.66,4.51,0.32,32.13,31.24,False
602,2430.29,1073.09,0.38,53.63,3.92,0.29,32.49,31.77,True
603,2365.88,927.88,0.39,53.99,10.64,0.56,28.32,25.6,False
604,2358.29,910.76,0.4,54.04,11.44,0.59,27.82,24.87,False
605,2279.61,733.37,0.41,54.48,19.65,0.92,22.72,17.32,False
606,2128.74,393.22,0.43,55.33,35.4,1.55,12.93,2.85,False
607,2351.12,894.6,0.4,54.08,12.19,0.62,27.36,24.18,False
608,2418.09,1045.59,0.39,53.7,5.2,0.34,31.7,30.6,False
609,2156.38,455.53,0.43,55.18,32.51,1.43,14.72,5.5,False
610,2270.56,712.96,0.41,54.53,20.59,0.96,22.13,16.45,False
611,2246.57,658.87,0.41,54.67,23.1,1.06,20.57,14.15,False
612,2380.73,961.34,0.39,53.91,9.1,0.5,29.28,27.02,False
613,2256.59,681.46,0.41,54.61,22.05,1.02,21.22,15.11,False
614,2357.68,909.39,0.4,54.04,11.5,0.6,27.78,24.81,False
615,2370.53,938.36,0.39,53.97,10.16,0.54,28.62,26.04,False
616,2437.17,1088.6,0.38,53.59,3.2,0.26,32.94,32.43,True
617,2191.77,535.32,0.42,54.98,28.82,1.29,17.02,8.9,False
618,2183.77,517.3,0.43,55.02,29.65,1.32,16.5,8.13,False
619,2379.99,959.69,0.39,53.91,9.17,0.5,29.23,26.95,False
620,2106.07,342.11,0.44,55.46,37.76,1.64,11.46,0.68,True
621,2168.84,483.62,0.43,55.11,31.21,1.38,15.53,6.7,False
622,2157.0,456.94,0.43,55.17,32.45,1.43,14.76,5.56,False
623,2311.87,806.11,0.4,54.3,16.28,0.79,24.81,20.42,False
624,2237.98,639.5,0.42,54.72,23.99,1.09,20.02,13.33,False
625,2157.14,457.26,0.43,55.17,32.43,1.43,14.77,5.58,False
626,2327.82,842.05,0.4,54.21,14.62,0.72,25.85,21.95,False
627,2198.71,550.96,0.42,54.94,28.09,1.26,17.47,9.56,False
628,2326.31,838.65,0.4,54.22,14.78,0.73,25.75,21.8,False
629,2247.87,661.81,0.41,54.66,22.96,1.05,20.66,14.28,False
630,2122.94,380.15,0.44,55.36,36.0,1.57,12.55,2.3,False
631,2431.77,1076.41,0.38,53.62,3.77,0.29,32.59,31.92,True
632,2306.26,793.45,0.4,54.33,16.87,0.81,24.45,19.88,False
633,2431.58,1076.0,0.38,53.62,3.79,0.29,32.58,31.9,True
634,2271.43,714.92,0.41,54.53,20.5,0.95,22.19,16.54,False
635,2258.6,685.99,0.41,54.6,21.84,1.01,21.35,15.31,False
636,2390.81,984.08,0.39,53.85,8.04,0.46,29.93,27.99,False
637,2428.34,1068.69,0.38,53.64,4.13,0.3,32.37,31.59,True
638,2269.29,710.1,0.41,54.54,20.73,0.96,22.05,16.33,False
639,2376.07,950.84,0.39,53.94,9.58,0.52,28.98,26.57,False
640,2238.64,640.99,0.42,54.71,23.93,1.09,20.06,13.39,False
641,2154.13,450.46,0.43,55.19,32.75,1.44,14.58,5.29,False
642,2427.98,1067.88,0.38,53.64,4.16,0.3,32.34,31.55,True
643,2105.71,341.31,0.44,55.46,37.8,1.64,11.44,0.64,True
644,2299.85,779.0,0.41,54.37,17.54,0.84,24.03,19.26,False
645,2230.89,623.52,0.42,54.76,24.73,1.12,19.56,12.65,False
646,2347.54,886.52,0.4,54.1,12.56,0.64,27.13,23.84,False
647,2162.15,468.53,0.43,55.14,31.91,1.41,15.1,6.06,False
648,2233.09,628.49,0.42,54.74,24.5,1.11,19.7,12.86,False
649,2359.11,912.61,0.4,54.03,11.35,0.59,27.88,24.95,False
650,2211.04,578.78,0.42,54.87,26.81,1.21,18.27,10.75,False
651,2348.42,888.5,0.4,54.09,12.47,0.63,27.18,23.92,False
652,2408.96,1024.99,0.39,53.75,6.15,0.38,31.11,29.73,False
653,2272.41,717.13,0.41,54.52,20.4,0.95,22.25,16.63,False
654,2108.74,348.13,0.44,55.45,37.48,1.63,11.63,0.93,True
655,2406.08,1018.52,0.39,53.77,6.45,0.39,30.92,29.45,False
656,2324.21,833.92,0.4,54.23,14.99,0.73,25.61,21.6,False
657,2236.4,635.94,0.42,54.72,24.16,1.1,19.91,13.18,False
658,2319.52,823.34,0.4,54.26,15.48,0.75,25.31,21.15,False
659,2270.25,712.26,0.41,54.53,20.63,0.96,22.11,16.42,False
660,2131.42,399.26,0.43,55.32,35.12,1.54,13.1,3.11,False
661,2192.09,536.05,0.42,54.97,28.78,1.29,17.04,8.93,False
662,2421.57,1053.42,0.38,53.68,4.83,0.33,31.93,30.94,False
663,2235.16,633.14,0.42,54.73,24.29,1.11,19.83,13.06,False
664,2431.52,1075.86,0.38,53.62,3.79,0.29,32.57,31.89,True
665,2419.44,1048.63,0.38,53.69,5.05,0.34,31.79,30.73,False
666,2209.31,574.86,0.42,54.88,26.99,1.21,18.16,10.58,False
667,2370.22,937.66,0.39,53.97,10.19,0.54,28.6,26.01,False
668,2101.17,331.06,0.44,55.49,38.27,1.66,11.14,0.21,False
669,2402.16,1009.66,0.39,53.79,6.86,0.41,30.67,29.08,False
670,2294.92,767.88,0.41,54.39,18.05,0.86,23.71,18.79,False
671,2429.17,1070.55,0.38,53.64,4.04,0.3,32.42,31.67,True
672,2411.19,1030.02,0.39,53.74,5.92,0.37,31.25,29.94,False
673,2144.27,428.24,0.43,55.24,33.77,1.48,13.94,4.34,False
674,2147.87,436.35,0.43,55.22,33.4,1.47,14.17,4.69,False
675,2304.86,790.28,0.4,54.34,17.01,0.82,24.36,19.74,False
676,2334.27,856.61,0.4,54.17,13.94,0.69,26.26,22.57,False
677,2152.66,447.14,0.43,55.2,32.9,1.45,14.48,5.15,False
678,2117.25,367.31,0.44,55.4,36.6,1.6,12.18,1.75,False
679,2270.5,712.84,0.41,54.53,20.6,0.96,22.13,16.45,False
680,2246.16,657.96,0.41,54.67,23.14,1.06,20.55,14.11,False
681,2138.93,416.19,0.43,55.27,34.33,1.51,13.59,3.83,False
682,2318.69,821.49,0.4,54.26,15.57,0.76,25.25,21.07,False
683,2170.58,487.55,0.43,55.1,31.03,1.37,15.64,6.87,False
684,2145.03,429.95,0.43,55.24,33.7,1.48,13.99,4.42,False
685,2436.1,1086.18,0.38,53.6,3.32,0.27,32.87,32.33,True
686,2233.09,628.48,0.42,54.74,24.5,1.11,19.7,12.86,False
687,2424.59,1060.24,0.38,53.66,4.52,0.32,32.12,31.23,False
688,2136.47,410.66,0.43,55.29,34.59,1.52,13.43,3.59,False
689,2431.31,1075.38,0.38,53.63,3.82,0.29,32.56,31.87,True
690,2231.76,625.49,0.42,54.75,24.64,1.12,19.61,12.73,False
691,2451.29,1120.44,0.38,53.51,1.73,0.21,33.86,33.79,True
692,2426.38,1064.28,0.38,53.65,4.33,0.31,32.24,31.4,True
693,2406.05,1018.45,0.39,53.77,6.45,0.39,30.92,29.45,False
694,2163.76,472.17,0.43,55.13,31.74,1.4,15.2,6.21,False
695,2231.7,625.34,0.42,54.75,24.65,1.12,19.61,12.73,False
696,2206.85,569.33,0.42,54.89,27.24,1.22,18.0,10.34,False
697,2132.87,402.52,0.43,55.31,34.97,1.53,13.2,3.25,False
698,2151.38,444.26,0.43,55.2,33.03,1.45,14.4,5.02,False
699,2166.4,478.12,0.43,55.12,31.47,1.39,15.37,6.46,False
700,2353.84,900.73,0.4,54.06,11.9,0.61,27.53,24.44,False
701,2122.84,379.91,0.44,55.37,36.01,1.57,12.55,2.29,False
702,2307.05,795.24,0.4,54.33,16.78,0.81,24.5,19.95,False
703,2381.43,962.93,0.39,53.91,9.02,0.5,29.32,27.09,False
704,2225.59,611.58,0.42,54.79,25.29,1.15,19.21,12.14,False
705,2263.61,697.3,0.41,54.57,21.32,0.99,21.68,15.79,False
706,2277.1,727.71,0.41,54.5,19.91,0.93,22.56,17.08,False
707,2198.22,549.87,0.42,54.94,28.14,1.26,17.44,9.52,False
708,2195.73,544.26,0.42,54.95,28.4,1.27,17.28,9.28,False
709,2164.56,473.98,0.43,55.13,31.66,1.4,15.25,6.29,False
710,2342.47,875.1,0.4,54.13,13.09,0.66,26.8,23.35,False
711,2177.47,503.08,0.43,55.06,30.31,1.35,16.09,7.53,False
712,2174.17,495.64,0.43,55.08,30.65,1.36,15.88,7.21,False
713,2369.22,935.4,0.39,53.98,10.3,0.55,28.53,25.92,False
714,2250.91,668.66,0.41,54.64,22.64,1.04,20.86,14.57,False
715,2246.17,657.97,0.41,54.67,23.14,1.06,20.55,14.11,False
716,2343.24,876.83,0.4,54.12,13.01,0.66,26.85,23.43,False
717,2233.47,629.35,0.42,54.74,24.46,1.11,19.72,12.9,False
718,2160.11,463.95,0.43,55.16,32.12,1.42,14.96,5.86,False
719,2422.65,1055.87,0.38,53.67,4.72,0.32,32.0,31.04,False
720,2295.03,768.12,0.41,54.39,18.04,0.86,23.72,18.8,False
721,2390.07,982.41,0.39,53.86,8.12,0.46,29.88,27.92,False
722,2324.23,833.97,0.4,54.23,14.99,0.73,25.61,21.6,False
723,2351.36,895.13,0.4,54.08,12.16,0.62,27.37,24.2,False
724,2279.33,732.74,0.41,54.48,19.68,0.92,22.7,17.3,False
725,2441.62,1098.62,0.38,53.57,2.74,0.25,33.23,32.86,True
726,2445.46,1107.28,0.38,53.55,2.34,0.23,33.48,33.23,True
727,2371.12,939.69,0.39,53.96,10.1,0.54,28.66,26.1,False
728,2371.69,940.97,0.39,53.96,10.04,0.54,28.69,26.15,False
729,2179.41,507.45,0.43,55.05,30.11,1.34,16.22,7.71,False
730,2215.71,589.3,0.42,54.84,26.32,1.19,18.57,11.19,False
731,2323.35,831.98,0.4,54.23,15.08,0.74,25.56,21.52,False
732,2353.95,900.96,0.4,54.06,11.89,0.61,27.54,24.45,False
733,2164.46,473.75,0.43,55.13,31.67,1.4,15.25,6.28,False
734,2232.34,626.78,0.42,54.75,24.58,1.12,19.65,12.79,False
735,2174.99,497.5,0.43,55.07,30.57,1.36,15.93,7.29,False
736,2222.99,605.72,0.42,54.8,25.56,1.16,19.04,11.89,False
737,2403.96,1013.72,0.39,53.78,6.67,0.4,30.79,29.25,False
738,2158.3,459.86,0.43,55.17,32.31,1.43,14.85,5.69,False
739,2142.39,424.0,0.43,55.26,33.97,1.49,13.82,4.16,False
740,2118.74,370.68,0.44,55.39,36.44,1.59,12.28,1.89,False
741,2351.99,896.55,0.4,54.07,12.1,0.62,27.41,24.26,False
742,2320.59,825.77,0.4,54.25,15.37,0.75,25.38,21.25,False
743,2295.71,769.67,0.41,54.39,17.97,0.85,23.76,18.87,False
744,2218.37,595.3,0.42,54.83,26.04,1.18,18.74,11.45,False
745,2299.95,779.23,0.41,54.37,17.53,0.84,24.04,19.27,False
746,2103.37,336.03,0.44,55.48,38.04,1.65,11.28,0.42,False
747,2226.0,612.51,0.42,54.78,25.24,1.14,19.24,12.18,False
748,2269.96,711.62,0.41,54.54,20.66,0.96,22.09,16.4,False
749,2348.57,888.84,0.4,54.09,12.45,0.63,27.19,23.94,False
750,2138.68,415.63,0.43,55.28,34.36,1.51,13.57,3.81,False
751,2371.17,939.81,0.39,53.96,10.09,0.54,28.66,26.1,False
752,2240.6,645.42,0.42,54.7,23.72,1.08,20.19,13.58,False
753,2166.12,477.49,0.43,55.12,31.49,1.39,15.35,6.44,False
754,2198.16,549.73,0.42,54.94,28.15,1.26,17.43,9.51,False
755,2325.9,837.73,0.4,54.22,14.82,0.73,25.72,21.76,False
756,2190.21,531.8,0.42,54.99,28.98,1.29,16.92,8.75,False
757,2281.5,737.63,0.41,54.47,19.45,0.91,22.84,17.5,False
758,2393.97,991.2,0.39,53.84,7.71,0.44,30.14,28.29,False
759,2266.98,704.9,0.41,54.55,20.97,0.97,21.9,16.11,False
760,2406.34,1019.08,0.39,53.77,6.42,0.39,30.94,29.48,False
761,2220.47,600.03,0.42,54.81,25.82,1.17,18.88,11.65,False
762,2438.57,1091.76,0.38,53.58,3.06,0.26,33.03,32.57,True
763,2249.0,664.36,0.41,54.65,22.84,1.05,20.73,14.39,False
764,2366.81,929.97,0.39,53.99,10.55,0.56,28.38,25.69,False
765,2271.94,716.07,0.41,54.52,20.45,0.95,22.22,16.59,False
766,2314.11,811.14,0.4,54.29,16.05,0.78,24.96,20.63,False
767,2113.11,357.98,0.44,55.42,37.03,1.61,11.92,1.35,False
768,2179.79,508.31,0.43,55.04,30.07,1.34,16.24,7.75,False
769,2249.47,665.42,0.41,54.65,22.79,1.05,20.76,14.43,False
770,2320.71,826.02,0.4,54.25,15.36,0.75,25.38,21.26,False
771,2319.56,823.44,0.4,54.26,15.48,0.75,25.31,21.15,False
772,2326.12,838.23,0.4,54.22,14.79,0.73,25.74,21.78,False
773,2417.28,1043.75,0.39,53.7,5.28,0.35,31.65,30.53,False
774,2143.08,425.54,0.43,55.25,33.9,1.49,13.86,4.23,False
775,2347.74,886.97,0.4,54.1,12.54,0.64,27.14,23.86,False
776,2390.32,982.98,0.39,53.86,8.09,0.46,29.9,27.94,False
777,2202.84,560.29,0.42,54.91,27.66,1.24,17.74,9.96,False
778,2426.15,1063.76,0.38,53.65,4.35,0.31,32.23,31.38,True
779,2331.79,851.02,0.4,54.19,14.2,0.7,26.1,22.33,False
780,2227.9,616.78,0.42,54.77,25.05,1.14,19.36,12.36,False
781,2283.51,742.16,0.41,54.46,19.24,0.9,22.97,17.7,False
782,2374.42,947.13,0.39,53.95,9.75,0.53,28.87,26.42,False
783,2423.23,1057.18,0.38,53.67,4.66,0.32,32.04,31.1,False
784,2186.56,523.57,0.42,55.01,29.36,1.31,16.68,8.4,False
785,2322.01,828.95,0.4,54.24,15.22,0.74,25.47,21.39,False
786,2218.37,595.3,0.42,54.83,26.04,1.18,18.74,11.45,False
787,2350.57,893.36,0.4,54.08,12.24,0.62,27.32,24.13,False
788,2222.18,603.88,0.42,54.81,25.64,1.16,18.99,11.81,False
789,2112.77,357.22,0.44,55.42,37.06,1.62,11.89,1.32,False
790,2232.68,627.56,0.42,54.75,24.55,1.12,19.67,12.82,False
791,2420.78,1051.64,0.38,53.68,4.92,0.33,31.88,30.86,False
792,2405.83,1017.95,0.39,53.77,6.48,0.39,30.91,29.43,False
793,2301.11,781.84,0.4,54.36,17.41,0.83,24.11,19.38,False
794,2283.89,743.01,0.41,54.46,19.2,0.9,23.0,17.73,False
795,2241.22,646.81,0.42,54.7,23.66,1.08,20.23,13.64,False
796,2217.41,593.12,0.42,54.83,26.14,1.18,18.68,11.36,False
797,2327.57,841.49,0.4,54.21,14.64,0.72,25.83,21.92,False
798,2225.71,611.84,0.42,54.79,25.28,1.14,19.22,12.15,False
799,2359.42,913.3,0.4,54.03,11.32,0.59,27.9,24.98,False
800,2211.98,580.89,0.42,54.86,26.71,1.2,18.33,10.84,False
801,2333.53,854.93,0.4,54.18,14.02,0.7,26.22,22.49,False
802,2242.34,649.35,0.42,54.69,23.54,1.08,20.3,13.75,False
803,2126.41,387.97,0.43,55.35,35.64,1.56,12.78,2.63,False
804,2281.69,738.05,0.41,54.47,19.43,0.91,22.85,17.52,False
805,2347.03,885.38,0.4,54.1,12.61,0.64,27.09,23.79,False
806,2199.79,553.4,0.42,54.93,27.98,1.25,17.54,9.67,False
807,2313.12,808.92,0.4,54.29,16.15,0.78,24.89,20.54,False
808,2190.11,531.59,0.42,54.99,28.99,1.29,16.91,8.74,False
809,2146.55,433.37,0.43,55.23,33.54,1.47,14.09,4.56,False
810,2200.51,555.02,0.42,54.93,27.91,1.25,17.59,9.74,False
811,2111.43,354.19,0.44,55.43,37.2,1.62,11.81,1.19,False
812,2440.06,1095.11,0.38,53.58,2.9,0.25,33.13,32.71,True
813,2111.7,354.8,0.44,55.43,37.17,1.62,11.82,1.22,False
814,2439.03,1092.78,0.38,53.58,3.01,0.26,33.06,32.61,True
815,2112.67,356.99,0.44,55.42,37.07,1.62,11.89,1.31,False
816,2174.67,496.76,0.43,55.07,30.6,1.36,15.91,7.26,False
817,2226.97,614.69,0.42,54.78,25.14,1.14,19.3,12.27,False
818,2228.08,617.19,0.42,54.77,25.03,1.14,19.37,12.38,False
819,2248.21,662.58,0.41,54.66,22.93,1.05,20.68,14.31,False
820,2230.27,622.13,0.42,54.76,24.8,1.13,19.52,12.59,False
821,2165.96,477.13,0.43,55.12,31.51,1.39,15.34,6.42,False
822,2290.16,757.14,0.41,54.42,18.55,0.88,23.4,18.33,False
823,2382.29,964.87,0.39,53.9,8.93,0.49,29.38,27.17,False
824,2365.57,927.18,0.39,54.0,10.68,0.56,28.3,25.57,False
825,2188.64,528.26,0.42,54.99,29.14,1.3,16.82,8.6,False
826,2431.05,1074.79,0.38,53.63,3.84,0.29,32.54,31.85,True
827,2127.68,390.84,0.43,55.34,35.51,1.55,12.86,2.75,False
828,2287.04,750.12,0.41,54.44,18.87,0.89,23.2,18.03,False
829,2168.04,481.81,0.43,55.11,31.29,1.39,15.48,6.62,False
830,2220.89,600.98,0.42,54.81,25.78,1.17,18.91,11.69,False
831,2147.59,435.72,0.43,55.23,33.43,1.47,14.15,4.66,False
832,2409.68,1026.62,0.39,53.75,6.07,0.38,31.16,29.8,False
833,2165.32,475.68,0.43,55.13,31.58,1.4,15.3,6.36,False
834,2100.97,330.61,0.44,55.49,38.29,1.66,11.13,0.19,False
835,2294.29,766.47,0.41,54.4,18.12,0.86,23.67,18.73,False
836,2197.1,547.35,0.42,54.95,28.26,1.26,17.37,9.41,False
837,2366.41,929.07,0.39,53.99,10.59,0.56,28.35,25.65,False
838,2221.24,601.76,0.42,54.81,25.74,1.16,18.93,11.72,False
839,2361.6,918.23,0.39,54.02,11.09,0.58,28.04,25.19,False
840,2389.78,981.75,0.39,53.86,8.15,0.46,29.87,27.89,False
841,2161.07,466.12,0.43,55.15,32.02,1.41,15.03,5.95,False
842,2377.53,954.15,0.39,53.93,9.43,0.51,29.07,26.71,False
843,2268.54,708.42,0.41,54.54,20.8,0.97,22.0,16.26,False
844,2227.33,615.5,0.42,54.78,25.11,1.14,19.33,12.31,False
845,2219.96,598.88,0.42,54.82,25.88,1.17,18.85,11.6,False
846,2260.81,690.98,0.41,54.59,21.61,1.0,21.5,15.52,False
847,2430.26,1073.03,0.38,53.63,3.93,0.29,32.49,31.77,True
848,2295.94,770.18,0.41,54.39,17.94,0.85,23.78,18.89,False
849,2303.34,786.87,0.4,54.35,17.17,0.82,24.26,19.6,False
850,2246.71,659.18,0.41,54.67,23.08,1.06,20.58,14.17,False
851,2128.61,392.93,0.43,55.33,35.41,1.55,12.92,2.84,False
852,2396.88,997.77,0.39,53.82,7.41,0.43,30.33,28.57,False
853,2109.64,350.17,0.44,55.44,37.39,1.63,11.69,1.02,True
854,2245.58,656.64,0.41,54.67,23.2,1.06,20.51,14.06,False
855,2240.92,646.14,0.42,54.7,23.69,1.08,20.21,13.61,False
856,2254.62,677.01,0.41,54.62,22.26,1.02,21.1,14.93,False
857,2260.36,689.97,0.41,54.59,21.66,1.0,21.47,15.48,False
858,2335.53,859.45,0.4,54.17,13.81,0.69,26.35,22.69,False
859,2158.32,459.92,0.43,55.17,32.31,1.43,14.85,5.69,False
860,2208.91,573.97,0.42,54.88,27.03,1.21,18.13,10.54,False
861,2179.79,508.31,0.43,55.04,30.07,1.34,16.24,7.75,False
862,2269.87,711.41,0.41,54.54,20.67,0.96,22.09,16.39,False
863,2390.23,982.77,0.39,53.86,8.1,0.46,29.9,27.93,False
864,2139.98,418.56,0.43,55.27,34.22,1.5,13.66,3.93,False
865,2343.22,876.79,0.4,54.12,13.01,0.66,26.85,23.42,False
866,2340.99,871.75,0.4,54.13,13.24,0.66,26.7,23.21,False
867,2163.08,470.65,0.43,55.14,31.81,1.41,15.16,6.15,False
868,2358.06,910.25,0.4,54.04,11.46,0.59,27.81,24.85,False
869,2179.76,508.25,0.43,55.04,30.07,1.34,16.24,7.75,False
870,2233.19,628.72,0.42,54.74,24.49,1.11,19.71,12.87,False
871,2400.27,1005.41,0.39,53.8,7.06,0.42,30.55,28.89,False
872,2151.02,443.45,0.43,55.21,33.07,1.46,14.38,4.99,False
873,2263.47,696.99,0.41,54.57,21.33,0.99,21.67,15.77,False
874,2318.89,821.93,0.4,54.26,15.55,0.76,25.27,21.09,False
875,2231.19,624.21,0.42,54.75,24.7,1.12,19.58,12.68,False
876,2287.77,751.76,0.41,54.44,18.8,0.89,23.25,18.1,False
877,2412.74,1033.52,0.39,53.73,5.75,0.37,31.36,30.09,False
878,2286.68,749.3,0.41,54.44,18.91,0.89,23.18,18.0,False
879,2305.11,790.86,0.4,54.34,16.99,0.81,24.37,19.77,False
880,2245.66,656.83,0.41,54.67,23.19,1.06,20.52,14.07,False
881,2303.94,788.22,0.4,54.34,17.11,0.82,24.3,19.66,False
882,2329.19,845.16,0.4,54.2,14.47,0.71,25.93,22.08,False
883,2412.64,1033.29,0.39,53.73,5.77,0.37,31.35,30.08,False
884,2114.69,361.54,0.44,55.41,36.86,1.61,12.02,1.5,False
885,2305.06,790.75,0.4,54.34,16.99,0.81,24.37,19.76,False
886,2378.07,955.35,0.39,53.93,9.37,0.51,29.11,26.77,False
887,2146.41,433.05,0.43,55.23,33.55,1.48,14.08,4.55,False
888,2164.87,474.68,0.43,55.13,31.63,1.4,15.27,6.32,False
889,2297.68,774.11,0.41,54.38,17.76,0.85,23.89,19.06,False
890,2247.64,661.29,0.41,54.66,22.99,1.05,20.64,14.26,False
891,2273.75,720.15,0.41,54.51,20.26,0.94,22.34,16.76,False
892,2311.29,804.8,0.4,54.3,16.34,0.79,24.77,20.36,False
893,2293.88,765.54,0.41,54.4,18.16,0.86,23.64,18.69,False
894,2120.8,375.32,0.44,55.38,36.22,1.58,12.41,2.09,False
895,2260.5,690.29,0.41,54.59,21.64,1.0,21.48,15.49,False
896,2120.21,373.98,0.44,55.38,36.29,1.58,12.38,2.03,False
897,2451.83,1121.64,0.38,53.51,1.67,0.2,33.89,33.84,True
898,2369.74,936.57,0.39,53.97,10.24,0.54,28.57,25.97,False
899,2311.83,806.01,0.4,54.3,16.29,0.79,24.81,20.41,False
900,2139.88,418.34,0.43,55.27,34.23,1.5,13.65,3.92,False
901,2364.62,925.03,0.39,54.0,10.78,0.57,28.23,25.48,False
902,2382.25,964.79,0.39,53.9,8.94,0.49,29.38,27.17,False
903,2184.27,518.42,0.42,55.02,29.6,1.32,16.53,8.18,False
904,2261.1,691.63,0.41,54.59,21.58,1.0,21.52,15.55,False
905,2388.0,977.74,0.39,53.87,8.34,0.47,29.75,27.72,False
906,2157.89,458.94,0.43,55.17,32.35,1.43,14.82,5.65,False
907,2275.57,724.26,0.41,54.5,20.07,0.94,22.46,16.94,False
908,2117.74,368.43,0.44,55.39,36.54,1.59,12.22,1.8,False
909,2389.26,980.58,0.39,53.86,8.21,0.46,29.83,27.84,False
910,2312.19,806.83,0.4,54.3,16.25,0.78,24.83,20.45,False
911,2106.94,344.07,0.44,55.46,37.67,1.64,11.52,0.76,True
912,2426.49,1064.53,0.38,53.65,4.32,0.31,32.25,31.41,True
913,2264.96,700.34,0.41,54.56,21.18,0.98,21.77,15.92,False
914,2397.97,1000.23,0.39,53.81,7.3,0.43,30.4,28.67,False
915,2205.65,566.61,0.42,54.9,27.37,1.23,17.92,10.23,False
916,2104.29,338.1,0.44,55.47,37.95,1.65,11.34,0.51,True
917,2419.38,1048.49,0.38,53.69,5.06,0.34,31.79,30.73,False
918,2364.07,923.78,0.39,54.0,10.83,0.57,28.2,25.42,False
919,2408.72,1024.45,0.39,53.75,6.17,0.38,31.09,29.7,False
920,2110.12,351.24,0.44,55.44,37.34,1.63,11.72,1.07,False
921,2210.9,578.46,0.42,54.87,26.82,1.21,18.26,10.73,False
922,2249.48,665.43,0.41,54.65,22.79,1.05,20.76,14.43,False
923,2294.02,765.86,0.41,54.4,18.15,0.86,23.65,18.7,False
924,2155.48,453.5,0.43,55.18,32.61,1.44,14.66,5.42,False
925,2141.54,422.07,0.43,55.26,34.06,1.5,13.76,4.08,False
926,2120.39,374.39,0.44,55.38,36.27,1.58,12.39,2.05,False
927,2138.26,414.69,0.43,55.28,34.4,1.51,13.55,3.77,False
928,2280.51,735.38,0.41,54.48,19.56,0.92,22.78,17.41,False
929,2286.12,748.05,0.41,54.44,18.97,0.89,23.14,17.95,False
930,2179.39,507.42,0.43,55.05,30.11,1.34,16.22,7.71,False
931,2227.76,616.46,0.42,54.77,25.06,1.14,19.35,12.35,False
932,2395.95,995.67,0.39,53.82,7.51,0.44,30.27,28.48,False
933,2440.14,1095.3,0.38,53.58,2.89,0.25,33.13,32.72,True
934,2435.65,1085.17,0.38,53.6,3.36,0.27,32.84,32.29,True
935,2244.99,655.31,0.41,54.68,23.26,1.06,20.47,14.0,False
936,2345.26,881.37,0.4,54.11,12.8,0.65,26.98,23.62,False
937,2150.5,442.28,0.43,55.21,33.12,1.46,14.34,4.94,False
938,2148.01,436.67,0.43,55.22,33.38,1.47,14.18,4.7,False
939,2290.9,758.83,0.41,54.42,18.47,0.87,23.45,18.41,False
940,2129.14,394.12,0.43,55.33,35.35,1.55,12.96,2.89,False
941,2273.26,719.05,0.41,54.52,20.31,0.95,22.31,16.71,False
942,2312.83,808.26,0.4,54.29,16.18,0.78,24.87,20.51,False
943,2101.8,332.48,0.44,55.48,38.21,1.66,11.18,0.27,False
944,2401.43,1008.02,0.39,53.79,6.93,0.41,30.62,29.01,False
945,2226.64,613.93,0.42,54.78,25.18,1.14,19.28,12.24,False
946,2260.31,689.85,0.41,54.59,21.66,1.0,21.47,15.47,False
947,2410.1,1027.57,0.39,53.74,6.03,0.38,31.18,29.84,False
948,2216.7,591.54,0.42,54.84,26.22,1.18,18.64,11.29,False
949,2327.37,841.05,0.4,54.21,14.66,0.72,25.82,21.9,False
950,2258.13,684.94,0.41,54.6,21.89,1.01,21.32,15.26,False
951,2207.92,571.73,0.42,54.89,27.13,1.22,18.07,10.45,False
952,2356.68,907.13,0.4,54.05,11.61,0.6,27.72,24.71,False
953,2361.18,917.27,0.39,54.02,11.14,0.58,28.01,25.15,False
954,2357.74,909.51,0.4,54.04,11.5,0.59,27.79,24.82,False
955,2304.66,789.85,0.4,54.34,17.03,0.82,24.34,19.73,False
956,2429.8,1071.97,0.38,53.63,3.97,0.29,32.46,31.73,True
957,2413.72,1035.72,0.39,53.72,5.65,0.36,31.42,30.18,False
958,2358.25,910.67,0.4,54.04,11.44,0.59,27.82,24.86,False
959,2215.25,588.27,0.42,54.84,26.37,1.19,18.54,11.15,False
960,2249.46,665.4,0.41,54.65,22.8,1.05,20.76,14.43,False
961,2251.24,669.42,0.41,54.64,22.61,1.04,20.88,14.6,False
962,2414.99,1038.59,0.39,53.72,5.52,0.36,31.5,30.31,False
963,2225.76,611.97,0.42,54.78,25.27,1.14,19.22,12.16,False
964,2139.05,416.46,0.43,55.27,34.32,1.51,13.6,3.84,False
965,2284.42,744.21,0.41,54.45,19.15,0.9,23.03,17.78,False
966,2261.24,691.94,0.41,54.58,21.57,1.0,21.53,15.56,False
967,2286.15,748.11,0.41,54.44,18.97,0.89,23.14,17.95,False
968,2341.57,873.07,0.4,54.13,13.18,0.66,26.74,23.26,False
969,2421.96,1054.32,0.38,53.68,4.79,0.33,31.95,30.98,False
970,2343.77,878.01,0.4,54.12,12.95,0.65,26.88,23.48,False
971,2430.24,1072.97,0.38,53.63,3.93,0.29,32.49,31.77,True
972,2118.78,370.76,0.44,55.39,36.44,1.59,12.28,1.9,False
973,2159.1,461.67,0.43,55.16,32.23,1.42,14.9,5.76,False
974,2310.42,802.83,0.4,54.31,16.43,0.79,24.72,20.28,False
975,2328.12,842.75,0.4,54.21,14.59,0.72,25.87,21.98,False
976,2173.71,494.61,0.43,55.08,30.7,1.36,15.85,7.17,False
977,2344.43,879.52,0.4,54.12,12.88,0.65,26.92,23.54,False
978,2288.85,754.2,0.41,54.43,18.68,0.88,23.32,18.21,False
979,2291.67,760.55,0.41,54.41,18.39,0.87,23.5,18.48,False
980,2226.13,612.78,0.42,54.78,25.23,1.14,19.25,12.19,False
981,2296.28,770.95,0.41,54.39,17.91,0.85,23.8,18.92,False
982,2363.67,922.88,0.39,54.01,10.88,0.57,28.17,25.38,False
983,2217.19,592.63,0.42,54.83,26.16,1.18,18.67,11.34,False
984,2229.41,620.18,0.42,54.76,24.89,1.13,19.46,12.51,False
985,2158.59,460.53,0.43,55.16,32.28,1.42,14.87,5.72,False
986,2124.45,383.55,0.44,55.36,35.84,1.57,12.65,2.44,True
987,2301.51,782.73,0.4,54.36,17.36,0.83,24.14,19.42,False
988,2131.2,398.77,0.43,55.32,35.14,1.54,13.09,3.09,False
989,2253.47,674.42,0.41,54.63,22.38,1.03,21.02,14.81,False
990,2353.01,898.86,0.4,54.07,11.99,0.61,27.48,24.36,False
991,2122.0,378.02,0.44,55.37,36.1,1.58,12.49,2.21,False
992,2418.84,1047.28,0.38,53.7,5.12,0.34,31.75,30.68,False
993,2142.33,423.86,0.43,55.26,33.98,1.49,13.81,4.16,False
994,2331.21,849.71,0.4,54.19,14.26,0.71,26.07,22.27,False
995,2289.65,755.99,0.41,54.42,18.6,0.88,23.37,18.28,False
996,2197.63,548.53,0.42,54.94,28.21,1.26,17.4,9.46,False
997,2261.72,693.02,0.41,54.58,21.52,0.99,21.56,15.61,False
998,2381.39,962.83,0.39,53.91,9.03,0.5,29.32,27.08,False
999,2154.32,450.89,0.43,55.19,32.73,1.44,14.59,5.31,False
1000,2238.89,641.55,0.42,54.71,23.9,1.09,20.08,13.42,False
1001,2359.56,913.62,0.4,54.03,11.3,0.59,27.91,24.99,False
1002,2362.85,921.04,0.39,54.01,10.96,0.57,28.12,25.31,False
1003,2272.44,717.2,0.41,54.52,20.4,0.95,22.25,16.63,False
1004,2328.23,842.98,0.4,54.21,14.58,0.72,25.87,21.99,False
1005,2366.6,929.5,0.39,53.99,10.57,0.56,28.36,25.67,False
1006,2278.85,731.66,0.41,54.49,19.73,0.92,22.67,17.25,False
1007,2399.98,1004.75,0.39,53.8,7.09,0.42,30.53,28.87,False
1008,2409.41,1026.01,0.39,53.75,6.1,0.38,31.14,29.77,False
1009,2299.22,777.57,0.41,54.37,17.6,0.84,23.99,19.2,False
1010,2365.18,926.29,0.39,54.0,10.72,0.56,28.27,25.53,False
1011,2442.02,1099.54,0.38,53.56,2.7,0.24,33.26,32.9,True
1012,2283.22,741.51,0.41,54.46,19.27,0.91,22.95,17.67,False
1013,2394.56,992.54,0.39,53.83,7.65,0.44,30.18,28.35,False
1014,2142.42,424.05,0.43,55.26,33.97,1.49,13.82,4.16,False
1015,2236.59,636.37,0.42,54.72,24.14,1.1,19.93,13.2,False
1016,2334.74,857.66,0.4,54.17,13.9,0.69,26.29,22.61,False
1017,2284.48,744.35,0.41,54.45,19.14,0.9,23.03,17.79,False
1018,2201.97,558.33,0.42,54.92,27.75,1.24,17.68,9.88,False
1019,2172.01,490.76,0.43,55.09,30.88,1.37,15.74,7.0,False
1020,2269.14,709.75,0.41,54.54,20.74,0.96,22.04,16.32,False
1021,2101.29,331.32,0.44,55.49,38.26,1.66,11.15,0.22,False
1022,2312.39,807.27,0.4,54.3,16.23,0.78,24.84,20.47,False
1023,2126.12,387.31,0.43,55.35,35.67,1.56,12.76,2.6,False
1024,2127.78,391.06,0.43,55.34,35.5,1.55,12.87,2.76,False
1025,2361.2,917.32,0.39,54.02,11.13,0.58,28.01,25.15,False
1026,2349.39,890.7,0.4,54.09,12.37,0.63,27.25,24.02,False
1027,2400.28,1005.43,0.39,53.8,7.05,0.42,30.55,28.9,False
1028,2342.19,874.45,0.4,54.13,13.12,0.66,26.78,23.32,False
1029,2222.07,603.63,0.42,54.81,25.66,1.16,18.98,11.8,False
1030,2268.04,707.28,0.41,54.55,20.86,0.97,21.97,16.21,False
1031,2309.03,799.71,0.4,54.32,16.58,0.8,24.63,20.14,False
1032,2240.69,645.61,0.42,54.7,23.71,1.08,20.19,13.59,False
1033,2430.81,1074.26,0.38,53.63,3.87,0.29,32.53,31.82,True
1034,2246.61,658.97,0.41,54.67,23.09,1.06,20.58,14.16,False
1035,2269.77,711.18,0.41,54.54,20.68,0.96,22.08,16.38,False
1036,2143.31,426.07,0.43,55.25,33.87,1.49,13.88,4.25,False
1037,2121.35,376.57,0.44,55.37,36.17,1.58,12.45,2.14,False
1038,2119.43,372.24,0.44,55.38,36.37,1.59,12.33,1.96,False
1039,2117.58,368.05,0.44,55.4,36.56,1.6,12.21,1.78,False
1040,2435.82,1085.56,0.38,53.6,3.35,0.27,32.85,32.3,True
1041,2260.06,689.3,0.41,54.59,21.69,1.0,21.45,15.45,False
1042,2237.37,638.13,0.42,54.72,24.06,1.1,19.98,13.27,False
1043,2283.83,742.88,0.41,54.46,19.21,0.9,22.99,17.73,False
1044,2216.73,591.6,0.42,54.84,26.21,1.18,18.64,11.29,False
1045,2197.68,548.64,0.42,54.94,28.2,1.26,17.4,9.46,False
1046,2195.42,543.56,0.42,54.96,28.44,1.27,17.26,9.25,False
1047,2283.92,743.07,0.41,54.46,19.2,0.9,23.0,17.74,False
1048,2177.1,502.25,0.43,55.06,30.35,1.35,16.07,7.49,False
1049,2274.78,722.48,0.41,54.51,20.15,0.94,22.4,16.86,False
1050,2341.69,873.33,0.4,54.13,13.17,0.66,26.75,23.28,False
1051,2446.05,1108.62,0.38,53.54,2.28,0.23,33.52,33.29,True
1052,2435.08,1083.89,0.38,53.6,3.42,0.27,32.8,32.23,True
1053,2321.75,828.37,0.4,54.24,15.25,0.74,25.45,21.36,False
1054,2140.55,419.84,0.43,55.27,34.16,1.5,13.7,3.98,False
1055,2182.52,514.47,0.43,55.03,29.78,1.32,16.42,8.01,False
1056,2228.66,618.51,0.42,54.77,24.97,1.13,19.41,12.44,False
1057,2147.31,435.09,0.43,55.23,33.46,1.47,14.13,4.63,False
1058,2280.89,736.25,0.41,54.47,19.52,0.92,22.8,17.44,False
1059,2212.62,582.32,0.42,54.86,26.64,1.2,18.37,10.9,False
1060,2235.94,634.92,0.42,54.73,24.21,1.1,19.88,13.13,False
1061,2336.51,861.64,0.4,54.16,13.71,0.68,26.41,22.78,False
1062,2322.87,830.89,0.4,54.24,15.13,0.74,25.52,21.47,False
1063,2432.98,1079.15,0.38,53.62,3.64,0.28,32.67,32.03,True
1064,2138.61,415.47,0.43,55.28,34.37,1.51,13.57,3.8,False
1065,2308.57,798.65,0.4,54.32,16.63,0.8,24.6,20.1,False
1066,2286.12,748.04,0.41,54.44,18.97,0.89,23.14,17.95,False
1067,2282.76,740.48,0.41,54.46,19.32,0.91,22.92,17.62,False
1068,2389.88,981.97,0.39,53.86,8.14,0.46,29.87,27.9,False
1069,2236.53,636.24,0.42,54.72,24.15,1.1,19.92,13.19,False
1070,2348.96,889.73,0.4,54.09,12.41,0.63,27.22,23.97,False
1071,2187.57,525.85,0.42,55.0,29.26,1.3,16.75,8.49,False
1072,2115.75,363.94,0.44,55.41,36.75,1.6,12.09,1.61,False
1073,2388.88,979.71,0.39,53.86,8.25,0.47,29.81,27.8,False
1074,2237.22,637.81,0.42,54.72,24.07,1.1,19.97,13.26,False
1075,2320.88,826.4,0.4,54.25,15.34,0.75,25.4,21.28,False
1076,2290.3,757.46,0.41,54.42,18.53,0.88,23.41,18.35,False
1077,2190.77,533.07,0.42,54.98,28.92,1.29,16.95,8.8,False
1078,2344.84,880.43,0.4,54.11,12.84,0.65,26.95,23.58,False
1079,2273.96,720.63,0.41,54.51,20.24,0.94,22.35,16.78,False
1080,2184.01,517.82,0.42,55.02,29.63,1.32,16.52,8.15,False
1081,2257.14,682.7,0.41,54.61,21.99,1.01,21.26,15.17,False
1082,2397.29,998.69,0.39,53.82,7.37,0.43,30.35,28.61,False
1083,2427.9,1067.7,0.38,53.64,4.17,0.3,32.34,31.54,True
1084,2165.58,476.27,0.43,55.12,31.55,1.4,15.32,6.39,False
1085,2444.14,1104.32,0.38,53.55,2.48,0.23,33.39,33.1,True
1086,2371.81,941.24,0.39,53.96,10.03,0.54,28.7,26.16,False
1087,2139.79,418.14,0.43,55.27,34.24,1.5,13.65,3.91,False
1088,2383.62,967.86,0.39,53.89,8.79,0.49,29.47,27.3,False
1089,2349.22,890.3,0.4,54.09,12.38,0.63,27.23,24.0,False
1090,2140.94,420.73,0.43,55.26,34.12,1.5,13.72,4.02,False
1091,2328.66,843.96,0.4,54.2,14.53,0.72,25.9,22.03,False
1092,2399.42,1003.48,0.39,53.81,7.14,0.42,30.49,28.81,False
1093,2266.87,704.64,0.41,54.55,20.98,0.97,21.89,16.1,False
1094,2102.17,333.31,0.44,55.48,38.17,1.66,11.21,0.3,False
1095,2109.87,350.67,0.44,55.44,37.37,1.63,11.71,1.04,True
1096,2186.07,522.48,0.42,55.01,29.41,1.31,16.65,8.35,False
1097,2241.44,647.31,0.42,54.7,23.63,1.08,20.24,13.66,False
1098,2215.02,587.75,0.42,54.85,26.39,1.19,18.53,11.13,False
1099,2367.69,931.95,0.39,53.98,10.46,0.55,28.43,25.77,False
1100,2153.18,448.31,0.43,55.19,32.85,1.45,14.52,5.2,False
1101,2342.74,875.69,0.4,54.12,13.06,0.66,26.81,23.38,False
1102,2113.08,357.91,0.44,55.42,37.03,1.61,11.91,1.35,False
1103,2355.87,905.3,0.4,54.05,11.69,0.6,27.67,24.64,False
1104,2175.71,499.12,0.43,55.07,30.49,1.35,15.98,7.36,False
1105,2129.76,395.51,0.43,55.33,35.29,1.54,13.0,2.95,False
1106,2124.17,382.91,0.44,55.36,35.87,1.57,12.63,2.41,True
1107,2433.12,1079.46,0.38,53.61,3.63,0.28,32.68,32.05,True
1108,2389.53,981.18,0.39,53.86,8.18,0.46,29.85,27.86,False
1109,2447.92,1112.83,0.38,53.53,2.08,0.22,33.64,33.46,True
1110,2144.63,429.05,0.43,55.24,33.74,1.48,13.96,4.38,False
1111,2151.09,443.61,0.43,55.21,33.06,1.46,14.38,5.0,False
1112,2204.44,563.9,0.42,54.91,27.49,1.23,17.84,10.11,False
1113,2334.03,856.06,0.4,54.17,13.97,0.69,26.25,22.54,False
1114,2226.76,614.21,0.42,54.78,25.17,1.14,19.29,12.25,False
1115,2190.66,532.82,0.42,54.98,28.93,1.29,16.95,8.79,False
1116,2299.63,778.5,0.41,54.37,17.56,0.84,24.02,19.24,False
1117,2114.26,360.58,0.44,55.41,36.91,1.61,11.99,1.46,False
1118,2298.63,776.25,0.41,54.37,17.66,0.84,23.95,19.15,False
1119,2370.92,939.24,0.39,53.97,10.12,0.54,28.64,26.08,False
1120,2341.6,873.13,0.4,54.13,13.18,0.66,26.74,23.27,False
1121,2453.47,1125.34,0.38,53.5,1.5,0.2,34.0,34.0,True
1122,2144.01,427.64,0.43,55.25,33.8,1.49,13.92,4.32,False
1123,2353.71,900.42,0.4,54.06,11.92,0.61,27.53,24.43,False
1124,2181.03,511.12,0.43,55.04,29.94,1.33,16.32,7.87,False
1125,2316.78,817.18,0.4,54.27,15.77,0.77,25.13,20.89,False
1126,2362.39,920.0,0.39,54.01,11.01,0.58,28.09,25.26,False
1127,2272.69,717.76,0.41,54.52,20.37,0.95,22.27,16.66,False
1128,2432.06,1077.07,0.38,53.62,3.74,0.29,32.61,31.94,True
1129,2384.93,970.83,0.39,53.89,8.66,0.48,29.55,27.42,False
1130,2250.45,667.63,0.41,54.65,22.69,1.04,20.83,14.53,False
1131,2264.58,699.47,0.41,54.57,21.22,0.98,21.74,15.88,False
1132,2188.06,526.96,0.42,55.0,29.2,1.3,16.78,8.54,False
1133,2647.24,801.67,0.66,67.68,24.04,0.73,-14.71,-45.24,False
1134,2695.27,721.41,0.73,71.19,29.62,0.86,-26.78,-64.89,False
1135,2629.42,831.45,0.64,66.37,21.96,0.68,-10.23,-37.95,False
1136,2719.25,681.33,0.77,72.95,32.41,0.93,-32.81,-74.7,False
1137,2707.81,700.45,0.75,72.11,31.08,0.9,-29.94,-70.01,False
1138,2712.87,692.0,0.76,72.48,31.67,0.91,-31.21,-72.08,False
1139,2711.84,693.73,0.76,72.4,31.55,0.91,-30.95,-71.66,False
1140,2675.46,754.51,0.7,69.74,27.32,0.81,-21.8,-56.78,False
1141,2629.21,831.8,0.64,66.36,21.94,0.68,-10.17,-37.87,False
1142,2637.55,817.86,0.65,66.97,22.91,0.7,-12.27,-41.28,False
1143,2645.03,805.36,0.66,67.51,23.78,0.72,-14.15,-44.34,False
1144,2635.06,822.02,0.65,66.79,22.62,0.7,-11.65,-40.26,False
1145,2700.75,712.24,0.74,71.59,30.26,0.88,-28.16,-67.13,False
1146,2686.56,735.96,0.72,70.55,28.61,0.84,-24.59,-61.32,False
1147,2715.63,687.39,0.76,72.68,31.99,0.92,-31.9,-73.21,False
1148,2675.59,754.29,0.71,69.75,27.33,0.81,-21.84,-56.84,False
1149,2689.8,730.56,0.73,70.79,28.99,0.85,-25.41,-62.65,False
1150,2610.34,863.33,0.61,64.98,19.74,0.63,-5.43,-30.15,False
1151,2689.97,730.27,0.73,70.8,29.01,0.85,-25.45,-62.72,False
1152,2603.39,874.95,0.6,64.47,18.94,0.61,-3.68,-27.3,False
1153,2701.77,710.55,0.74,71.67,30.38,0.88,-28.42,-67.54,False
1154,2649.42,798.02,0.67,67.84,24.29,0.73,-15.26,-46.13,False
1155,2587.87,900.88,0.58,63.33,17.13,0.57,0.22,-20.96,False
1156,2709.26,698.02,0.75,72.21,31.25,0.9,-30.3,-70.61,False
1157,2701.97,710.21,0.74,71.68,30.4,0.88,-28.47,-67.63,False
1158,2619.74,847.62,0.62,65.66,20.84,0.65,-7.79,-33.99,False
1159,2685.89,737.08,0.72,70.5,28.53,0.84,-24.42,-61.05,False
1160,2648.94,798.83,0.67,67.8,24.23,0.73,-15.13,-45.94,False
1161,2704.66,705.71,0.75,71.88,30.72,0.89,-29.14,-68.73,False
1162,2718.18,683.12,0.77,72.87,32.29,0.92,-32.54,-74.26,False
1163,2628.51,832.97,0.64,66.31,21.86,0.68,-10.0,-37.58,False
1164,2640.54,812.87,0.65,67.19,23.26,0.71,-13.02,-42.5,False
1165,2693.4,724.53,0.73,71.05,29.41,0.86,-26.31,-64.12,False
1166,2694.73,722.32,0.73,71.15,29.56,0.86,-26.65,-64.66,False
1167,2607.56,867.97,0.61,64.77,19.42,0.62,-4.73,-29.01,False
1168,2713.58,690.81,0.76,72.53,31.75,0.91,-31.39,-72.38,False
1169,2608.07,867.12,0.61,64.81,19.48,0.62,-4.86,-29.22,False
1170,2597.78,884.32,0.59,64.06,18.28,0.59,-2.27,-25.01,False
1171,2707.21,701.45,0.75,72.06,31.01,0.89,-29.79,-69.77,False
1172,2632.67,826.02,0.64,66.61,22.34,0.69,-11.04,-39.28,False
1173,2630.11,830.3,0.64,66.42,22.04,0.68,-10.4,-38.23,False
1174,2598.01,883.94,0.59,64.07,18.31,0.59,-2.33,-25.1,False
1175,2628.33,833.27,0.64,66.29,21.84,0.68,-9.95,-37.51,False
1176,2683.17,741.62,0.72,70.31,28.22,0.83,-23.74,-59.94,False
1177,2661.89,777.19,0.69,68.75,25.74,0.77,-18.39,-51.23,False
1178,2668.16,766.72,0.69,69.21,26.47,0.79,-19.97,-53.8,False
1179,2691.44,727.82,0.73,70.91,29.18,0.85,-25.82,-63.32,False
1180,2718.89,681.93,0.77,72.92,32.37,0.93,-32.72,-74.55,False
1181,2619.51,848.01,0.62,65.65,20.81,0.65,-7.74,-33.9,False
1182,2663.46,774.57,0.69,68.86,25.92,0.77,-18.78,-51.87,False
1183,2698.45,716.1,0.74,71.42,29.99,0.87,-27.58,-66.18,False
1184,2644.7,805.91,0.66,67.49,23.74,0.72,-14.07,-44.2,False
1185,2690.71,729.03,0.73,70.86,29.09,0.85,-25.64,-63.02,False
1186,2616.66,852.77,0.62,65.44,20.48,0.64,-7.02,-32.73,False
1187,2690.55,729.3,0.73,70.85,29.07,0.85,-25.6,-62.95,False
1188,2672.93,758.74,0.7,69.56,27.02,0.8,-21.17,-55.75,False
1189,2601.97,877.31,0.6,64.36,18.77,0.6,-3.33,-26.73,False
1190,2604.45,873.18,0.6,64.54,19.06,0.61,-3.95,-27.74,False
1191,2702.05,710.08,0.74,71.69,30.41,0.88,-28.49,-67.66,False
1192,2633.93,823.9,0.64,66.7,22.49,0.69,-11.36,-39.8,False
1193,2642.23,810.04,0.66,67.31,23.45,0.72,-13.45,-43.19,False
1194,2640.69,812.62,0.65,67.2,23.27,0.71,-13.06,-42.56,False
1195,2673.44,757.89,0.7,69.59,27.08,0.8,-21.29,-55.96,False
1196,2705.53,704.27,0.75,71.94,30.82,0.89,-29.36,-69.08,False
1197,2705.57,704.2,0.75,71.94,30.82,0.89,-29.37,-69.1,False
1198,2693.72,724.0,0.73,71.08,29.44,0.86,-26.39,-64.25,False
1199,2640.46,812.99,0.65,67.18,23.25,0.71,-13.0,-42.47,False
1200,2633.63,824.42,0.64,66.68,22.45,0.69,-11.28,-39.67,False
1201,2646.33,803.2,0.66,67.61,23.93,0.73,-14.48,-44.87,False
1202,2692.39,726.22,0.73,70.98,29.29,0.85,-26.06,-63.71,False
1203,2600.5,879.78,0.59,64.26,18.6,0.6,-2.96,-26.12,False
1204,2717.41,684.42,0.77,72.81,32.2,0.92,-32.35,-73.94,False
1205,2684.18,739.93,0.72,70.38,28.33,0.83,-24.0,-60.35,False
1206,2602.51,876.41,0.6,64.4,18.83,0.61,-3.46,-26.95,False
1207,2624.37,839.89,0.63,66.0,21.38,0.67,-8.96,-35.89,False
1208,2693.61,724.18,0.73,71.07,29.43,0.86,-26.37,-64.21,False
1209,2643.55,807.84,0.66,67.41,23.61,0.72,-13.78,-43.73,False
1210,2629.69,830.99,0.64,66.39,22.0,0.68,-10.3,-38.06,False
1211,2649.6,797.72,0.67,67.85,24.31,0.74,-15.3,-46.21,False
1212,2637.59,817.79,0.65,66.97,22.91,0.7,-12.28,-41.29,False
1213,2705.79,703.83,0.75,71.96,30.85,0.89,-29.43,-69.19,False
1214,2610.44,863.17,0.61,64.98,19.76,0.63,-5.46,-30.19,False
1215,2645.44,804.68,0.66,67.54,23.83,0.72,-14.25,-44.5,False
1216,2688.43,732.85,0.72,70.69,28.83,0.84,-25.06,-62.09,False
1217,2653.58,791.08,0.67,68.14,24.77,0.75,-16.3,-47.83,False
1218,2614.1,857.04,0.61,65.25,20.18,0.64,-6.38,-31.69,False
1219,2602.3,876.77,0.6,64.39,18.81,0.61,-3.41,-26.86,False
1220,2617.22,851.84,0.62,65.48,20.54,0.65,-7.16,-32.96,False
1221,2688.34,733.0,0.72,70.68,28.82,0.84,-25.04,-62.05,False
1222,2654.02,790.33,0.67,68.17,24.83,0.75,-16.41,-48.02,False
1223,2599.98,880.65,0.59,64.22,18.54,0.6,-2.82,-25.91,False
1224,2666.5,769.48,0.69,69.09,26.28,0.78,-19.55,-53.12,False
1225,2593.47,891.52,0.58,63.74,17.78,0.58,-1.19,-23.25,False
1226,2645.19,805.1,0.66,67.53,23.8,0.72,-14.19,-44.4,False
1227,2623.84,840.76,0.63,65.96,21.31,0.66,-8.83,-35.67,False
1228,2697.9,717.01,0.74,71.38,29.93,0.87,-27.44,-65.96,False
1229,2618.36,849.93,0.62,65.56,20.68,0.65,-7.45,-33.43,False
1230,2702.47,709.37,0.74,71.72,30.46,0.88,-28.59,-67.83,False
1231,2683.61,740.89,0.72,70.34,28.27,0.83,-23.85,-60.12,False
1232,2628.34,833.25,0.64,66.29,21.84,0.68,-9.96,-37.51,False
1233,2653.78,790.74,0.67,68.15,24.8,0.75,-16.35,-47.92,False
1234,2590.54,896.41,0.58,63.53,17.44,0.57,-0.45,-22.05,False
1235,2590.11,897.13,0.58,63.5,17.39,0.57,-0.35,-21.88,False
1236,2656.36,786.42,0.68,68.34,25.1,0.75,-17.0,-48.97,False
1237,2642.91,808.9,0.66,67.36,23.53,0.72,-13.62,-43.47,False
1238,2706.01,703.45,0.75,71.98,30.87,0.89,-29.48,-69.28,False
1239,2618.21,850.17,0.62,65.55,20.66,0.65,-7.41,-33.37,False
1240,2641.05,812.01,0.65,67.22,23.32,0.71,-13.15,-42.71,False
1241,2660.91,778.83,0.68,68.68,25.63,0.77,-18.14,-50.83,False
1242,2627.4,834.83,0.63,66.22,21.73,0.67,-9.72,-37.12,False
1243,2626.5,836.32,0.63,66.16,21.62,0.67,-9.49,-36.76,False
1244,2669.39,764.66,0.7,69.3,26.61,0.79,-20.28,-54.3,False
1245,2591.3,895.15,0.58,63.58,17.53,0.57,-0.64,-22.36,False
1246,2599.06,882.18,0.59,64.15,18.43,0.6,-2.6,-25.54,False
1247,2693.23,724.81,0.73,71.04,29.39,0.86,-26.27,-64.05,False
1248,2634.23,823.41,0.64,66.72,22.52,0.69,-11.44,-39.92,False
1249,2679.23,748.21,0.71,70.02,27.76,0.82,-22.75,-58.33,False
1250,2693.95,723.61,0.73,71.09,29.47,0.86,-26.45,-64.35,False
1251,2648.9,798.9,0.67,67.8,24.23,0.73,-15.12,-45.92,False
1252,2593.7,891.14,0.58,63.76,17.81,0.58,-1.25,-23.34,False
1253,2615.84,854.14,0.62,65.38,20.38,0.64,-6.81,-32.4,False
1254,2699.22,714.8,0.74,71.48,30.08,0.87,-27.78,-66.5,False
1255,2659.45,781.27,0.68,68.57,25.46,0.76,-17.78,-50.23,False
1256,2669.75,764.05,0.7,69.32,26.66,0.79,-20.37,-54.45,False
1257,2681.16,744.98,0.71,70.16,27.98,0.82,-23.24,-59.12,False
1258,2676.44,752.87,0.71,69.81,27.43,0.81,-22.05,-57.19,False
1259,2600.19,880.3,0.59,64.23,18.56,0.6,-2.88,-26.0,False
1260,2604.2,873.59,0.6,64.53,19.03,0.61,-3.89,-27.64,False
1261,2606.99,868.92,0.6,64.73,19.35,0.62,-4.59,-28.78,False
1262,2680.36,746.32,0.71,70.1,27.89,0.82,-23.04,-58.79,False
1263,2611.25,861.8,0.61,65.04,19.85,0.63,-5.66,-30.52,False
1264,2605.88,870.78,0.6,64.65,19.23,0.62,-4.31,-28.32,False
1265,2633.14,825.23,0.64,66.64,22.4,0.69,-11.16,-39.47,False
1266,2689.51,731.03,0.73,70.77,28.95,0.85,-25.34,-62.53,False
1267,2589.63,897.94,0.58,63.46,17.33,0.57,-0.22,-21.68,False
1268,2615.48,854.73,0.62,65.35,20.34,0.64,-6.72,-32.25,False
1269,2668.91,765.46,0.7,69.26,26.56,0.79,-20.15,-54.1,False
1270,2646.21,803.39,0.66,67.6,23.92,0.73,-14.45,-44.82,False
1271,2712.28,692.98,0.76,72.44,31.6,0.91,-31.06,-71.84,False
1272,2692.14,726.64,0.73,70.96,29.26,0.85,-26.0,-63.61,False
1273,2680.42,746.22,0.71,70.1,27.9,0.82,-23.05,-58.81,False
1274,2611.26,861.79,0.61,65.04,19.85,0.63,-5.66,-30.53,False
1275,2657.16,785.1,0.68,68.4,25.19,0.76,-17.2,-49.3,False
1276,2719.72,680.56,0.77,72.98,32.47,0.93,-32.93,-74.88,False
1277,2690.01,730.2,0.73,70.81,29.01,0.85,-25.46,-62.73,False
1278,2698.53,715.96,0.74,71.43,30.0,0.87,-27.6,-66.22,False
1279,2670.52,762.77,0.7,69.38,26.74,0.79,-20.56,-54.76,False
1280,2644.46,806.31,0.66,67.47,23.71,0.72,-14.01,-44.11,False
1281,2670.58,762.67,0.7,69.38,26.75,0.79,-20.58,-54.79,False
1282,2592.86,892.54,0.58,63.7,17.71,0.58,-1.04,-23.0,False
1283,2673.74,757.38,0.7,69.62,27.12,0.8,-21.37,-56.08,False
1284,2706.06,703.39,0.75,71.98,30.88,0.89,-29.49,-69.3,False
1285,2701.87,710.39,0.74,71.67,30.39,0.88,-28.44,-67.58,False
1286,2630.57,829.52,0.64,66.46,22.1,0.68,-10.52,-38.42,False
1287,2606.49,869.76,0.6,64.69,19.3,0.62,-4.46,-28.57,False
1288,2693.46,724.44,0.73,71.06,29.41,0.86,-26.33,-64.14,False
1289,2714.71,688.92,0.76,72.61,31.88,0.91,-31.67,-72.84,False
1290,2676.28,753.14,0.71,69.8,27.41,0.81,-22.01,-57.12,False
1291,2707.11,701.62,0.75,72.06,31.0,0.89,-29.76,-69.73,False
1292,2645.92,803.87,0.66,67.58,23.88,0.73,-14.38,-44.7,False
1293,2699.19,714.85,0.74,71.48,30.08,0.87,-27.77,-66.49,False
1294,2706.0,703.48,0.75,71.98,30.87,0.89,-29.48,-69.27,False
1295,2630.75,829.22,0.64,66.47,22.12,0.68,-10.56,-38.5,False
1296,2708.83,698.75,0.75,72.18,31.2,0.9,-30.19,-70.43,False
1297,2676.4,752.94,0.71,69.81,27.43,0.81,-22.04,-57.17,False
1298,2604.05,873.85,0.6,64.52,19.01,0.61,-3.85,-27.57,False
1299,2649.96,797.12,0.67,67.88,24.35,0.74,-15.39,-46.35,False
1300,2626.01,837.14,0.63,66.12,21.57,0.67,-9.37,-36.56,False
1301,2633.7,824.3,0.64,66.69,22.46,0.69,-11.3,-39.7,False
1302,2648.74,799.16,0.67,67.79,24.21,0.73,-15.08,-45.85,False
1303,2695.07,721.74,0.73,71.18,29.6,0.86,-26.73,-64.8,False
1304,2719.69,680.61,0.77,72.98,32.46,0.93,-32.92,-74.87,False
1305,2632.58,826.17,0.64,66.6,22.33,0.69,-11.02,-39.24,False
1306,2670.32,763.1,0.7,69.36,26.72,0.79,-20.51,-54.68,False
1307,2662.59,776.01,0.69,68.8,25.82,0.77,-18.57,-51.52,False
1308,2684.61,739.23,0.72,70.41,28.38,0.83,-24.1,-60.52,False
1309,2703.35,707.91,0.75,71.78,30.56,0.88,-28.81,-68.19,False
1310,2606.69,869.42,0.6,64.71,19.32,0.62,-4.51,-28.66,False
1311,2619.92,847.32,0.62,65.68,20.86,0.65,-7.84,-34.07,False
1312,2716.07,686.65,0.76,72.71,32.04,0.92,-32.01,-73.39,False
1313,2691.05,728.46,0.73,70.88,29.13,0.85,-25.72,-63.16,False
1314,2719.98,680.12,0.77,73.0,32.5,0.93,-32.99,-74.99,False
1315,2605.53,871.36,0.6,64.62,19.18,0.61,-4.22,-28.18,False
1316,2606.63,869.54,0.6,64.7,19.31,0.62,-4.5,-28.63,False
1317,2669.45,764.56,0.7,69.3,26.62,0.79,-20.29,-54.32,False
1318,2609.17,865.28,0.61,64.89,19.61,0.62,-5.14,-29.67,False
1319,2625.4,838.16,0.63,66.08,21.5,0.67,-9.22,-36.31,False
1320,2606.98,868.94,0.6,64.73,19.35,0.62,-4.59,-28.78,False
1321,2626.93,835.61,0.63,66.19,21.67,0.67,-9.6,-36.93,False
1322,2688.24,733.15,0.72,70.68,28.81,0.84,-25.02,-62.01,False
1323,2627.55,834.57,0.63,66.24,21.75,0.67,-9.76,-37.19,False
1324,2682.7,742.42,0.72,70.27,28.16,0.83,-23.62,-59.74,False
1325,2656.35,786.45,0.68,68.34,25.1,0.75,-17.0,-48.97,False
1326,2704.77,705.53,0.75,71.89,30.73,0.89,-29.17,-68.77,False
1327,2646.69,802.59,0.66,67.64,23.97,0.73,-14.57,-45.02,False
1328,2591.92,894.11,0.58,63.63,17.6,0.58,-0.8,-22.62,False
1329,2681.35,744.66,0.71,70.17,28.0,0.82,-23.28,-59.19,False
1330,2668.17,766.69,0.69,69.21,26.47,0.79,-19.97,-53.8,False
1331,2587.77,901.04,0.58,63.32,17.12,0.57,0.24,-20.92,False
1332,2607.72,867.7,0.61,64.78,19.44,0.62,-4.77,-29.08,False
1333,2607.28,868.45,0.6,64.75,19.39,0.62,-4.66,-28.9,False
1334,2659.16,781.75,0.68,68.55,25.42,0.76,-17.7,-50.12,False
1335,2638.05,817.03,0.65,67.0,22.97,0.7,-12.4,-41.48,False
1336,2676.16,753.35,0.71,69.79,27.4,0.81,-21.98,-57.07,False
1337,2715.44,687.71,0.76,72.67,31.97,0.92,-31.85,-73.13,False
1338,2706.18,703.17,0.75,71.99,30.89,0.89,-29.53,-69.35,False
1339,2657.69,784.21,0.68,68.44,25.25,0.76,-17.33,-49.51,False
1340,2595.01,888.95,0.59,63.85,17.96,0.59,-1.58,-23.88,False
1341,2696.32,719.66,0.74,71.27,29.75,0.86,-27.05,-65.31,False
1342,2630.64,829.41,0.64,66.46,22.1,0.68,-10.53,-38.45,False
1343,2663.45,774.59,0.69,68.86,25.92,0.77,-18.78,-51.87,False
1344,2602.16,877.0,0.6,64.38,18.79,0.6,-3.37,-26.8,False
1345,2672.9,758.79,0.7,69.55,27.02,0.8,-21.16,-55.74,False
1346,2669.93,763.76,0.7,69.34,26.68,0.79,-20.41,-54.52,False
1347,2609.35,864.98,0.61,64.9,19.63,0.62,-5.18,-29.75,False
1348,2606.29,870.11,0.6,64.68,19.27,0.62,-4.41,-28.49,False
1349,2591.35,895.07,0.58,63.59,17.53,0.58,-0.66,-22.38,False
1350,2598.0,883.95,0.59,64.07,18.31,0.59,-2.33,-25.1,False
1351,2659.18,781.72,0.68,68.55,25.43,0.76,-17.71,-50.12,False
1352,2660.99,778.69,0.68,68.68,25.64,0.77,-18.17,-50.87,False
1353,2647.24,801.67,0.66,67.68,24.04,0.73,-14.71,-45.24,False
1354,2701.26,711.39,0.74,71.63,30.32,0.88,-28.29,-67.34,False
1355,2692.27,726.42,0.73,70.97,29.27,0.85,-26.03,-63.66,False
1356,2687.05,735.15,0.72,70.59,28.67,0.84,-24.71,-61.52,False
1357,2661.1,778.5,0.68,68.69,25.65,0.77,-18.19,-50.91,False
1358,2659.51,781.17,0.68,68.57,25.46,0.76,-17.79,-50.26,False
1359,2645.52,804.55,0.66,67.55,23.84,0.72,-14.27,-44.54,False
1360,2600.67,879.5,0.6,64.27,18.62,0.6,-3.0,-26.19,False
1361,2667.33,768.1,0.69,69.15,26.37,0.78,-19.76,-53.46,False
1362,2632.1,826.97,0.64,66.57,22.28,0.69,-10.9,-39.05,False
1363,2600.62,879.57,0.6,64.27,18.61,0.6,-2.99,-26.17,False
1364,2668.33,766.42,0.69,69.22,26.49,0.79,-20.01,-53.87,False
1365,2609.0,865.57,0.61,64.88,19.59,0.62,-5.09,-29.6,False
1366,2602.73,876.05,0.6,64.42,18.86,0.61,-3.52,-27.03,False
1367,2631.79,827.48,0.64,66.55,22.24,0.69,-10.82,-38.92,False
1368,2665.67,770.86,0.69,69.02,26.18,0.78,-19.34,-52.78,False
1369,2686.7,735.72,0.72,70.56,28.63,0.84,-24.63,-61.38,False
1370,2713.48,690.98,0.76,72.52,31.74,0.91,-31.36,-72.33,False
1371,2594.42,889.93,0.59,63.81,17.89,0.58,-1.43,-23.64,False
1372,2683.11,741.72,0.72,70.3,28.21,0.83,-23.73,-59.91,False
1373,2691.75,727.28,0.73,70.93,29.21,0.85,-25.9,-63.45,False
1374,2660.97,778.73,0.68,68.68,25.63,0.77,-18.16,-50.85,False
1375,2697.03,718.47,0.74,71.32,29.83,0.87,-27.22,-65.6,False
1376,2648.29,799.92,0.67,67.75,24.16,0.73,-14.97,-45.67,False
1377,2710.19,696.48,0.76,72.28,31.36,0.9,-30.53,-70.99,False
1378,2699.41,714.48,0.74,71.49,30.11,0.87,-27.82,-66.58,False
1379,2659.5,781.18,0.68,68.57,25.46,0.76,-17.79,-50.26,False
1380,2668.87,765.53,0.7,69.26,26.55,0.79,-20.14,-54.09,False
1381,2655.48,787.9,0.68,68.28,24.99,0.75,-16.78,-48.61,False
1382,2717.19,684.77,0.77,72.79,32.17,0.92,-32.29,-73.85,False
1383,2716.24,686.37,0.76,72.72,32.06,0.92,-32.05,-73.46,False
1384,2616.38,853.25,0.62,65.42,20.45,0.64,-6.95,-32.62,False
1385,2658.74,782.45,0.68,68.52,25.37,0.76,-17.6,-49.94,False
1386,2675.48,754.47,0.71,69.74,27.32,0.81,-21.81,-56.79,False
1387,2681.95,743.67,0.71,70.22,28.07,0.82,-23.43,-59.44,False
1388,2706.93,701.92,0.75,72.04,30.98,0.89,-29.72,-69.66,False
1389,2594.03,890.59,0.59,63.78,17.85,0.58,-1.33,-23.48,False
1390,2610.23,863.51,0.61,64.97,19.73,0.63,-5.4,-30.1,False
1391,2629.42,831.44,0.64,66.37,21.96,0.68,-10.23,-37.95,False
1392,2642.93,808.87,0.66,67.36,23.54,0.72,-13.62,-43.48,False
1393,2702.55,709.24,0.74,71.72,30.47,0.88,-28.61,-67.86,False
1394,2615.65,854.46,0.62,65.36,20.36,0.64,-6.77,-32.32,False
1395,2644.49,806.26,0.66,67.48,23.72,0.72,-14.02,-44.12,False
1396,2667.02,768.61,0.69,69.12,26.34,0.78,-19.68,-53.33,False
1397,2687.22,734.85,0.72,70.6,28.69,0.84,-24.76,-61.59,False
1398,2651.72,794.19,0.67,68.0,24.56,0.74,-15.83,-47.07,False
1399,2715.69,687.29,0.76,72.68,32.0,0.92,-31.92,-73.24,False
1400,2711.09,694.97,0.76,72.35,31.46,0.9,-30.76,-71.36,False
1401,2596.86,885.85,0.59,63.99,18.18,0.59,-2.04,-24.64,False
1402,2680.22,746.55,0.71,70.09,27.87,0.82,-23.0,-58.73,False
1403,2698.14,716.61,0.74,71.4,29.96,0.87,-27.51,-66.06,False
1404,2704.52,705.95,0.75,71.87,30.7,0.89,-29.11,-68.67,False
1405,2599.5,881.45,0.59,64.18,18.48,0.6,-2.7,-25.71,False
1406,2686.02,736.86,0.72,70.51,28.55,0.84,-24.46,-61.1,False
1407,2710.22,696.42,0.76,72.28,31.36,0.9,-30.54,-71.0,False
1408,2672.56,759.36,0.7,69.53,26.98,0.8,-21.07,-55.6,False
1409,2679.92,747.06,0.71,70.07,27.84,0.82,-22.92,-58.61,False
1410,2613.02,858.86,0.61,65.17,20.06,0.63,-6.1,-31.24,False
1411,2636.28,819.99,0.65,66.87,22.76,0.7,-11.95,-40.76,False
1412,2685.24,738.16,0.72,70.46,28.46,0.83,-24.26,-60.78,False
1413,2683.6,740.91,0.72,70.34,28.27,0.83,-23.85,-60.11,False
1414,2648.11,800.21,0.66,67.74,24.14,0.73,-14.93,-45.6,False
1415,2710.68,695.66,0.76,72.32,31.42,0.9,-30.66,-71.19,False
1416,2695.85,720.44,0.73,71.23,29.69,0.86,-26.93,-65.12,False
1417,2682.49,742.76,0.72,70.26,28.14,0.83,-23.57,-59.66,False
1418,2690.05,730.13,0.73,70.81,29.02,0.85,-25.47,-62.75,False
1419,2634.94,822.23,0.65,66.78,22.61,0.7,-11.61,-40.21,False
1420,2706.47,702.69,0.75,72.01,30.93,0.89,-29.6,-69.47,False
1421,2707.38,701.18,0.75,72.08,31.03,0.89,-29.83,-69.84,False
1422,2680.39,746.27,0.71,70.1,27.89,0.82,-23.04,-58.8,False
1423,2699.36,714.57,0.74,71.49,30.1,0.87,-27.81,-66.56,False
1424,2670.13,763.42,0.7,69.35,26.7,0.79,-20.46,-54.6,False
1425,2646.6,802.73,0.66,67.63,23.96,0.73,-14.55,-44.98,False
1426,2650.25,796.64,0.67,67.9,24.39,0.74,-15.46,-46.47,False
1427,2666.82,768.94,0.69,69.11,26.31,0.78,-19.63,-53.25,False
1428,2674.48,756.15,0.7,69.67,27.21,0.8,-21.56,-56.38,False
1429,2650.47,796.27,0.67,67.91,24.41,0.74,-15.52,-46.56,False
1430,2692.21,726.52,0.73,70.97,29.27,0.85,-26.01,-63.64,False
1431,2630.96,828.87,0.64,66.48,22.14,0.68,-10.61,-38.58,False
1432,2674.9,755.44,0.7,69.7,27.25,0.81,-21.66,-56.56,False
1433,2683.67,740.8,0.72,70.34,28.27,0.83,-23.87,-60.14,False
1434,2588.52,899.78,0.58,63.38,17.21,0.57,0.05,-21.23,False
1435,2588.82,899.29,0.58,63.4,17.24,0.57,-0.02,-21.35,False
1436,2636.83,819.06,0.65,66.91,22.83,0.7,-12.09,-40.98,False
1437,2609.62,864.54,0.61,64.92,19.66,0.63,-5.25,-29.85,False
1438,2600.53,879.72,0.59,64.26,18.6,0.6,-2.97,-26.14,False
1439,2668.86,765.54,0.7,69.26,26.55,0.79,-20.14,-54.08,False
1440,2684.13,740.02,0.72,70.38,28.33,0.83,-23.98,-60.33,False
1441,2676.38,752.97,0.71,69.81,27.43,0.81,-22.03,-57.16,False
1442,2620.12,846.99,0.62,65.69,20.88,0.65,-7.89,-34.15,False
1443,2636.46,819.69,0.65,66.89,22.78,0.7,-12.0,-40.83,False
1444,2633.77,824.17,0.64,66.69,22.47,0.69,-11.32,-39.73,False
1445,2681.91,743.74,0.71,70.21,28.07,0.82,-23.42,-59.42,False
1446,2707.79,700.49,0.75,72.11,31.08,0.9,-29.93,-70.0,False
1447,2687.55,734.3,0.72,70.63,28.73,0.84,-24.84,-61.73,False
1448,2711.77,693.83,0.76,72.4,31.54,0.91,-30.93,-71.64,False
1449,2610.58,862.94,0.61,64.99,19.77,0.63,-5.49,-30.24,False
1450,2600.06,880.51,0.59,64.22,18.55,0.6,-2.85,-25.94,False
1451,2612.71,859.37,0.61,65.15,20.02,0.63,-6.03,-31.12,False
1452,2606.58,869.61,0.6,64.7,19.31,0.62,-4.49,-28.61,False
1453,2673.2,758.3,0.7,69.58,27.06,0.8,-21.23,-55.86,False
1454,2702.43,709.44,0.74,71.71,30.46,0.88,-28.58,-67.81,False
1455,2615.96,853.93,0.62,65.39,20.4,0.64,-6.84,-32.45,False
1456,2713.39,691.12,0.76,72.52,31.73,0.91,-31.34,-72.3,False
1457,2642.54,809.53,0.66,67.33,23.49,0.72,-13.53,-43.32,False
1458,2633.82,824.09,0.64,66.69,22.48,0.69,-11.33,-39.75,False
1459,2627.14,835.26,0.63,66.21,21.7,0.67,-9.65,-37.02,False
1460,2603.44,874.86,0.6,64.47,18.94,0.61,-3.7,-27.33,False
1461,2627.61,834.47,0.63,66.24,21.75,0.67,-9.77,-37.21,False
1462,2685.0,738.57,0.72,70.44,28.43,0.83,-24.2,-60.68,False
1463,2651.61,794.37,0.67,68.0,24.54,0.74,-15.81,-47.03,False
1464,2627.17,835.21,0.63,66.21,21.7,0.67,-9.66,-37.03,False
1465,2588.86,899.22,0.58,63.4,17.25,0.57,-0.03,-21.37,False
1466,2657.66,784.26,0.68,68.44,25.25,0.76,-17.33,-49.5,False
1467,2593.42,891.61,0.58,63.74,17.78,0.58,-1.18,-23.23,False
1468,2698.46,716.07,0.74,71.42,29.99,0.87,-27.59,-66.19,False
1469,2696.87,718.74,0.74,71.31,29.81,0.87,-27.18,-65.54,False
1470,2713.33,691.22,0.76,72.51,31.72,0.91,-31.32,-72.27,False
1471,2673.95,757.04,0.7,69.63,27.14,0.8,-21.42,-56.17,False
1472,2659.31,781.49,0.68,68.56,25.44,0.76,-17.74,-50.18,False
1473,2619.58,847.89,0.62,65.65,20.82,0.65,-7.75,-33.93,False
1474,2592.69,892.82,0.58,63.68,17.69,0.58,-0.99,-22.93,False
1475,2631.77,827.53,0.64,66.54,22.24,0.69,-10.82,-38.91,False
1476,2612.68,859.42,0.61,65.15,20.02,0.63,-6.02,-31.11,False
1477,2620.48,846.39,0.62,65.72,20.92,0.66,-7.98,-34.29,False
1478,2676.45,752.85,0.71,69.81,27.43,0.81,-22.05,-57.19,False
1479,2665.04,771.92,0.69,68.98,26.11,0.78,-19.18,-52.52,False
1480,2626.3,836.66,0.63,66.14,21.6,0.67,-9.44,-36.68,False
1481,2698.29,716.37,0.74,71.41,29.97,0.87,-27.54,-66.12,False
1482,2668.62,765.94,0.69,69.24,26.52,0.79,-20.08,-53.99,False
1483,2699.52,714.31,0.74,71.5,30.12,0.87,-27.85,-66.62,False
1484,2698.6,715.85,0.74,71.43,30.01,0.87,-27.62,-66.25,False
1485,2709.06,698.36,0.75,72.2,31.23,0.9,-30.25,-70.53,False
1486,2587.18,902.03,0.58,63.28,17.05,0.56,0.39,-20.68,False
1487,2695.58,720.9,0.73,71.21,29.66,0.86,-26.86,-65.01,False
1488,2711.02,695.09,0.76,72.34,31.46,0.9,-30.74,-71.33,False
1489,2704.75,705.57,0.75,71.88,30.73,0.89,-29.17,-68.76,False
1490,2603.38,874.96,0.6,64.47,18.93,0.61,-3.68,-27.3,False
1491,2646.24,803.34,0.66,67.6,23.92,0.73,-14.46,-44.83,False
1492,2665.8,770.66,0.69,69.03,26.19,0.78,-19.37,-52.83,False
1493,2656.4,786.36,0.68,68.35,25.1,0.75,-17.01,-48.99,False
1494,2717.21,684.75,0.77,72.8,32.18,0.92,-32.3,-73.86,False
1495,2682.88,742.11,0.72,70.28,28.18,0.83,-23.67,-59.82,False
1496,2697.37,717.9,0.74,71.34,29.87,0.87,-27.31,-65.74,False
1497,2671.79,760.65,0.7,69.47,26.89,0.8,-20.88,-55.28,False
1498,2708.38,699.49,0.75,72.15,31.15,0.9,-30.08,-70.25,False
1499,2613.35,858.31,0.61,65.2,20.09,0.64,-6.19,-31.38,False
1500,2599.44,881.54,0.59,64.18,18.48,0.6,-2.69,-25.69,False
1501,2648.48,799.6,0.67,67.77,24.18,0.73,-15.02,-45.75,False
1502,2706.2,703.14,0.75,71.99,30.89,0.89,-29.53,-69.36,False
1503,2621.96,843.91,0.63,65.83,21.1,0.66,-8.35,-34.9,False
1504,2616.12,853.67,0.62,65.4,20.42,0.64,-6.88,-32.51,False
1505,2626.53,836.27,0.63,66.16,21.63,0.67,-9.5,-36.77,False
1506,2672.04,760.23,0.7,69.49,26.92,0.8,-20.94,-55.38,False
1507,2688.06,733.45,0.72,70.66,28.78,0.84,-24.97,-61.94,False
1508,2617.8,850.87,0.62,65.52,20.61,0.65,-7.31,-33.2,False
1509,2667.11,768.47,0.69,69.13,26.35,0.78,-19.7,-53.37,False
1510,2617.05,852.12,0.62,65.47,20.52,0.65,-7.12,-32.89,False
1511,2640.67,812.66,0.65,67.2,23.27,0.71,-13.05,-42.55,False
1512,2708.0,700.13,0.75,72.12,31.1,0.9,-29.98,-70.09,False
1513,2685.69,737.41,0.72,70.49,28.51,0.83,-24.38,-60.97,False
1514,2619.07,848.74,0.62,65.61,20.76,0.65,-7.63,-33.72,False
1515,2674.77,755.66,0.7,69.69,27.24,0.8,-21.63,-56.5,False
1516,2715.77,687.15,0.76,72.69,32.01,0.92,-31.94,-73.27,False
1517,2719.46,680.98,0.77,72.96,32.44,0.93,-32.87,-74.78,False
1518,2681.6,744.25,0.71,70.19,28.03,0.82,-23.35,-59.29,False
1519,2703.11,708.3,0.75,71.76,30.54,0.88,-28.75,-68.09,False
1520,2594.69,889.49,0.59,63.83,17.92,0.58,-1.5,-23.75,False
1521,2617.56,851.26,0.62,65.5,20.58,0.65,-7.25,-33.1,False
1522,2710.05,696.71,0.76,72.27,31.34,0.9,-30.5,-70.93,False
1523,2620.74,845.95,0.62,65.74,20.95,0.66,-8.05,-34.4,False
1524,2610.53,863.01,0.61,64.99,19.77,0.63,-5.48,-30.23,False
1525,2609.45,864.82,0.61,64.91,19.64,0.62,-5.21,-29.78,False
1526,2599.74,881.05,0.59,64.2,18.51,0.6,-2.76,-25.81,False
1527,2714.86,688.68,0.76,72.62,31.9,0.92,-31.71,-72.9,False
1528,2661.31,778.15,0.68,68.71,25.67,0.77,-18.25,-51.0,False
1529,2635.71,820.94,0.65,66.83,22.7,0.7,-11.81,-40.52,False
1530,2707.5,700.97,0.75,72.09,31.05,0.89,-29.86,-69.89,False
1531,2670.64,762.56,0.7,69.39,26.76,0.79,-20.59,-54.81,False
1532,2589.77,897.7,0.58,63.47,17.35,0.57,-0.26,-21.74,False
1533,2718.34,682.86,0.77,72.88,32.31,0.92,-32.58,-74.32,False
1534,2655.09,788.55,0.68,68.25,24.95,0.75,-16.68,-48.45,False
1535,2621.22,845.14,0.63,65.77,21.01,0.66,-8.17,-34.6,False
1536,2711.83,693.73,0.76,72.4,31.55,0.91,-30.95,-71.66,False
1537,2692.26,726.43,0.73,70.97,29.27,0.85,-26.03,-63.66,False
1538,2694.57,722.58,0.73,71.14,29.54,0.86,-26.61,-64.6,False
1539,2633.87,824.01,0.64,66.7,22.48,0.69,-11.35,-39.77,False
1540,2630.47,829.69,0.64,66.45,22.09,0.68,-10.49,-38.38,False
1541,2637.37,818.16,0.65,66.95,22.89,0.7,-12.23,-41.2,False
1542,2603.62,874.57,0.6,64.48,18.96,0.61,-3.74,-27.4,False
1543,2672.11,760.1,0.7,69.5,26.93,0.8,-20.96,-55.41,False
1544,2601.69,877.79,0.6,64.34,18.74,0.6,-3.26,-26.61,False
1545,2675.79,753.95,0.71,69.77,27.36,0.81,-21.89,-56.92,False
1546,2675.5,754.45,0.71,69.74,27.32,0.81,-21.81,-56.8,False
1547,2664.95,772.08,0.69,68.97,26.1,0.78,-19.16,-52.48,False
1548,2702.18,709.86,0.74,71.7,30.43,0.88,-28.52,-67.71,False
1549,2696.46,719.41,0.74,71.28,29.76,0.86,-27.08,-65.37,False
1550,2702.03,710.12,0.74,71.68,30.41,0.88,-28.48,-67.65,False
1551,2685.92,737.04,0.72,70.51,28.54,0.84,-24.43,-61.06,False
1552,2716.58,685.79,0.77,72.75,32.1,0.92,-32.14,-73.6,False
1553,2681.21,744.9,0.71,70.16,27.99,0.82,-23.25,-59.14,False
1554,2703.4,707.82,0.75,71.79,30.57,0.88,-28.83,-68.21,False
1555,2596.83,885.91,0.59,63.99,18.17,0.59,-2.03,-24.62,False
1556,2651.86,793.94,0.67,68.01,24.57,0.74,-15.87,-47.13,False
1557,2616.42,853.16,0.62,65.42,20.45,0.64,-6.96,-32.64,False
1558,2629.82,830.78,0.64,66.4,22.01,0.68,-10.33,-38.11,False
1559,2608.9,865.74,0.61,64.87,19.58,0.62,-5.07,-29.56,False
1560,2704.0,706.83,0.75,71.83,30.64,0.89,-28.98,-68.45,False
1561,2656.64,785.97,0.68,68.36,25.13,0.75,-17.07,-49.08,False
1562,2665.8,770.65,0.69,69.03,26.2,0.78,-19.37,-52.83,False
1563,2705.95,703.56,0.75,71.97,30.87,0.89,-29.47,-69.25,False
1564,2680.81,745.57,0.71,70.13,27.94,0.82,-23.15,-58.97,False
1565,2628.93,832.26,0.64,66.34,21.91,0.68,-10.11,-37.75,False
1566,2664.78,772.36,0.69,68.96,26.08,0.78,-19.12,-52.41,False
1567,2613.88,857.41,0.61,65.24,20.16,0.64,-6.32,-31.6,False
1568,2593.1,892.14,0.58,63.71,17.74,0.58,-1.1,-23.1,False
1569,2688.9,732.06,0.72,70.72,28.88,0.84,-25.18,-62.28,False
1570,2588.17,900.37,0.58,63.35,17.17,0.57,0.14,-21.08,False
1571,2637.28,818.31,0.65,66.95,22.88,0.7,-12.2,-41.17,False
1572,2665.16,771.73,0.69,68.99,26.12,0.78,-19.21,-52.57,False
1573,2591.92,894.12,0.58,63.63,17.6,0.58,-0.8,-22.61,False
1574,2598.95,882.37,0.59,64.14,18.42,0.6,-2.57,-25.49,False
1575,2612.47,859.77,0.61,65.13,19.99,0.63,-5.97,-31.02,False
1576,2683.79,740.59,0.72,70.35,28.29,0.83,-23.9,-60.19,False
1577,2674.8,755.61,0.7,69.69,27.24,0.8,-21.64,-56.51,False
1578,2624.05,840.42,0.63,65.98,21.34,0.67,-8.88,-35.76,False
1579,2682.67,742.47,0.72,70.27,28.16,0.83,-23.61,-59.73,False
1580,2637.15,818.53,0.65,66.94,22.86,0.7,-12.17,-41.11,False
1581,2636.59,819.47,0.65,66.9,22.8,0.7,-12.03,-40.88,False
1582,2715.68,687.29,0.76,72.68,32.0,0.92,-31.92,-73.23,False
1583,2693.58,724.24,0.73,71.07,29.43,0.86,-26.36,-64.19,False
1584,2678.2,749.93,0.71,69.94,27.64,0.81,-22.49,-57.91,False
1585,2677.14,751.7,0.71,69.86,27.51,0.81,-22.22,-57.47,False
1586,2627.57,834.54,0.63,66.24,21.75,0.67,-9.76,-37.19,False
1587,2698.66,715.75,0.74,71.44,30.02,0.87,-27.63,-66.27,False
1588,2702.69,709.02,0.74,71.73,30.49,0.88,-28.65,-67.92,False
1589,2713.78,690.48,0.76,72.54,31.78,0.91,-31.44,-72.46,False
1590,2700.65,712.42,0.74,71.58,30.25,0.88,-28.13,-67.08,False
1591,2606.99,868.93,0.6,64.73,19.35,0.62,-4.59,-28.78,False
1592,2596.41,886.61,0.59,63.96,18.12,0.59,-1.93,-24.45,False
1593,2669.09,765.16,0.7,69.27,26.58,0.79,-20.2,-54.18,False
1594,2696.6,719.19,0.74,71.29,29.78,0.86,-27.12,-65.43,False
1595,2673.85,757.2,0.7,69.62,27.13,0.8,-21.4,-56.13,False
1596,2658.77,782.4,0.68,68.52,25.38,0.76,-17.61,-49.96,False
1597,2686.56,735.97,0.72,70.55,28.61,0.84,-24.59,-61.32,False
1598,2641.4,811.43,0.65,67.25,23.36,0.71,-13.24,-42.85,False
1599,2647.04,802.0,0.66,67.66,24.01,0.73,-14.66,-45.16,False
1600,2658.38,783.05,0.68,68.49,25.33,0.76,-17.51,-49.8,False
1601,2695.6,720.86,0.73,71.21,29.66,0.86,-26.87,-65.02,False
1602,2673.68,757.49,0.7,69.61,27.11,0.8,-21.35,-56.05,False
1603,2647.28,801.6,0.66,67.68,24.04,0.73,-14.72,-45.26,False
1604,2628.85,832.39,0.64,66.33,21.9,0.68,-10.08,-37.72,False
1605,2680.84,745.52,0.71,70.13,27.95,0.82,-23.16,-58.98,False
1606,2709.17,698.18,0.75,72.21,31.24,0.9,-30.28,-70.57,False
1607,2628.92,832.28,0.64,66.34,21.91,0.68,-10.1,-37.75,False
1608,2648.38,799.77,0.67,67.76,24.17,0.73,-14.99,-45.71,False
1609,2655.17,788.41,0.68,68.26,24.96,0.75,-16.7,-48.49,False
1610,2662.3,776.51,0.69,68.78,25.79,0.77,-18.49,-51.4,False
1611,2675.28,754.81,0.7,69.73,27.3,0.81,-21.76,-56.71,False
1612,2622.18,843.54,0.63,65.84,21.12,0.66,-8.41,-34.99,False
1613,2661.62,777.63,0.68,68.73,25.71,0.77,-18.32,-51.12,False
1614,2593.61,891.29,0.58,63.75,17.8,0.58,-1.22,-23.31,False
1615,2648.56,799.46,0.67,67.77,24.19,0.73,-15.04,-45.78,False
1616,2693.99,723.55,0.73,71.1,29.47,0.86,-26.46,-64.36,False
1617,2716.07,686.64,0.76,72.71,32.04,0.92,-32.01,-73.39,False
1618,2683.62,740.87,0.72,70.34,28.27,0.83,-23.85,-60.12,False
1619,2673.83,757.24,0.7,69.62,27.13,0.8,-21.39,-56.11,False
1620,2613.2,858.56,0.61,65.19,20.08,0.64,-6.15,-31.32,False
1621,2621.4,844.84,0.63,65.79,21.03,0.66,-8.21,-34.67,False
1622,2634.41,823.1,0.64,66.74,22.54,0.69,-11.48,-39.99,False
1623,2628.93,832.26,0.64,66.34,21.91,0.68,-10.11,-37.75,False
1624,2630.09,830.32,0.64,66.42,22.04,0.68,-10.4,-38.23,False
1625,2652.51,792.87,0.67,68.06,24.65,0.74,-16.03,-47.4,False
1626,2662.73,775.78,0.69,68.81,25.84,0.77,-18.6,-51.58,False
1627,2696.87,718.73,0.74,71.31,29.81,0.87,-27.19,-65.54,False
1628,2717.62,684.06,0.77,72.83,32.22,0.92,-32.4,-74.03,False
1629,2589.95,897.4,0.58,63.48,17.37,0.57,-0.3,-21.81,False
1630,2612.32,860.03,0.61,65.12,19.97,0.63,-5.93,-30.96,False
1631,2619.01,848.84,0.62,65.61,20.75,0.65,-7.61,-33.7,False
1632,2661.2,778.34,0.68,68.7,25.66,0.77,-18.22,-50.95,False
1633,2652.21,793.37,0.67,68.04,24.61,0.74,-15.96,-47.27,False
1634,2662.11,776.82,0.69,68.76,25.77,0.77,-18.45,-51.32,False
1635,2643.59,807.76,0.66,67.41,23.61,0.72,-13.79,-43.75,False
1636,2695.45,721.11,0.73,71.2,29.64,0.86,-26.83,-64.96,False
1637,2589.11,898.8,0.58,63.42,17.27,0.57,-0.09,-21.47,False
1638,2636.01,820.44,0.65,66.85,22.73,0.7,-11.88,-40.65,False
1639,2704.6,705.81,0.75,71.87,30.71,0.89,-29.13,-68.7,False
1640,2694.9,722.02,0.73,71.16,29.58,0.86,-26.69,-64.74,False
1641,2618.21,850.19,0.62,65.55,20.66,0.65,-7.41,-33.37,False
1642,2653.35,791.46,0.67,68.12,24.75,0.75,-16.24,-47.74,False
1643,2617.59,851.21,0.62,65.51,20.59,0.65,-7.25,-33.12,False
1644,2673.98,756.99,0.7,69.63,27.15,0.8,-21.43,-56.18,False
1645,2671.8,760.62,0.7,69.47,26.89,0.8,-20.88,-55.29,False
1646,2624.24,840.11,0.63,65.99,21.36,0.67,-8.92,-35.83,False
1647,2613.01,858.88,0.61,65.17,20.05,0.63,-6.1,-31.24,False
1648,2666.58,769.36,0.69,69.09,26.29,0.78,-19.57,-53.15,False
1649,2650.88,795.59,0.67,67.94,24.46,0.74,-15.62,-46.73,False
1650,2705.09,705.0,0.75,71.91,30.77,0.89,-29.25,-68.9,False
1651,2600.66,879.51,0.6,64.27,18.62,0.6,-3.0,-26.19,False
1652,2631.27,828.35,0.64,66.51,22.18,0.68,-10.69,-38.71,False
1653,2645.38,804.78,0.66,67.54,23.82,0.72,-14.24,-44.48,False
1654,2623.76,840.91,0.63,65.96,21.3,0.66,-8.8,-35.64,False
1655,2712.9,691.94,0.76,72.48,31.67,0.91,-31.22,-72.1,False
1656,2624.56,839.57,0.63,66.02,21.4,0.67,-9.01,-35.96,False
1657,2602.82,875.9,0.6,64.43,18.87,0.61,-3.54,-27.07,False
1658,2713.45,691.03,0.76,72.52,31.74,0.91,-31.35,-72.32,False
1659,2636.13,820.24,0.65,66.86,22.74,0.7,-11.91,-40.69,False
1660,2687.76,733.95,0.72,70.64,28.75,0.84,-24.9,-61.82,False
1661,2702.31,709.65,0.74,71.71,30.44,0.88,-28.55,-67.76,False
1662,2613.49,858.06,0.61,65.21,20.11,0.64,-6.22,-31.44,False
1663,2591.51,894.8,0.58,63.6,17.55,0.58,-0.7,-22.45,False
1664,2628.76,832.56,0.64,66.32,21.89,0.68,-10.06,-37.68,False
1665,2699.63,714.12,0.74,71.51,30.13,0.87,-27.88,-66.67,False
1666,2604.84,872.53,0.6,64.57,19.1,0.61,-4.05,-27.9,False
1667,2634.59,822.81,0.64,66.75,22.56,0.69,-11.53,-40.07,False
1668,2669.59,764.33,0.7,69.31,26.64,0.79,-20.33,-54.38,False
1669,2634.37,823.17,0.64,66.73,22.54,0.69,-11.47,-39.98,False
1670,2688.57,732.6,0.72,70.7,28.84,0.84,-25.1,-62.15,False
1671,2687.3,734.72,0.72,70.61,28.7,0.84,-24.78,-61.63,False
1672,2678.32,749.73,0.71,69.95,27.65,0.81,-22.52,-57.95,False
1673,2622.27,843.4,0.63,65.85,21.13,0.66,-8.43,-35.03,False
1674,2611.81,860.88,0.61,65.08,19.91,0.63,-5.8,-30.75,False
1675,2711.23,694.73,0.76,72.36,31.48,0.91,-30.8,-71.41,False
1676,2609.15,865.32,0.61,64.89,19.61,0.62,-5.13,-29.66,False
1677,2597.48,884.82,0.59,64.04,18.25,0.59,-2.2,-24.89,False
1678,2656.68,785.9,0.68,68.37,25.13,0.75,-17.08,-49.1,False
1679,2626.11,836.98,0.63,66.13,21.58,0.67,-9.39,-36.6,False
1680,2618.72,849.33,0.62,65.59,20.72,0.65,-7.54,-33.57,False
1681,2698.07,716.73,0.74,71.4,29.95,0.87,-27.49,-66.03,False
1682,2616.44,853.14,0.62,65.42,20.45,0.64,-6.96,-32.64,False
1683,2592.32,893.44,0.58,63.66,17.65,0.58,-0.9,-22.78,False
1684,2624.65,839.42,0.63,66.02,21.41,0.67,-9.03,-36.0,False
1685,2587.2,902.0,0.58,63.28,17.05,0.56,0.39,-20.68,False
1686,2704.32,706.28,0.75,71.85,30.68,0.89,-29.06,-68.59,False
1687,2669.16,765.03,0.7,69.28,26.59,0.79,-20.22,-54.21,False
1688,2652.31,793.2,0.67,68.05,24.63,0.74,-15.98,-47.31,False
1689,2672.73,759.08,0.7,69.54,27.0,0.8,-21.12,-55.67,False
1690,2661.39,778.03,0.68,68.71,25.68,0.77,-18.26,-51.03,False
1691,2617.91,850.68,0.62,65.53,20.62,0.65,-7.33,-33.24,False
1692,2597.94,884.06,0.59,64.07,18.3,0.59,-2.31,-25.08,False
1693,2683.67,740.8,0.72,70.34,28.27,0.83,-23.87,-60.14,False
1694,2672.3,759.8,0.7,69.51,26.95,0.8,-21.01,-55.49,False
1695,2658.56,782.75,0.68,68.5,25.35,0.76,-17.55,-49.87,False
1696,2672.44,759.56,0.7,69.52,26.97,0.8,-21.04,-55.55,False
1697,2661.54,777.78,0.68,68.72,25.7,0.77,-18.3,-51.09,False
1698,2600.0,880.61,0.59,64.22,18.54,0.6,-2.83,-25.92,False
1699,2655.48,787.9,0.68,68.28,24.99,0.75,-16.78,-48.61,False
1700,2599.96,880.67,0.59,64.22,18.54,0.6,-2.82,-25.9,False
1701,2658.78,782.39,0.68,68.52,25.38,0.76,-17.61,-49.96,False
1702,2613.8,857.56,0.61,65.23,20.15,0.64,-6.3,-31.56,False
1703,2609.87,864.11,0.61,64.94,19.69,0.63,-5.31,-29.96,False
1704,2641.13,811.87,0.65,67.23,23.33,0.71,-13.17,-42.74,False
1705,2625.88,837.36,0.63,66.11,21.55,0.67,-9.34,-36.51,False
1706,2684.28,739.78,0.72,70.39,28.34,0.83,-24.02,-60.39,False
1707,2689.0,731.89,0.72,70.73,28.89,0.84,-25.21,-62.32,False
1708,2595.61,887.94,0.59,63.9,18.03,0.59,-1.73,-24.12,False
1709,2717.83,683.7,0.77,72.84,32.25,0.92,-32.46,-74.11,False
1710,2716.09,686.62,0.76,72.71,32.05,0.92,-32.02,-73.4,False
1711,2704.32,706.29,0.75,71.85,30.68,0.89,-29.06,-68.59,False
1712,2675.08,755.15,0.7,69.71,27.27,0.81,-21.71,-56.63,False
1713,2629.05,832.07,0.64,66.35,21.92,0.68,-10.13,-37.8,False
1714,2676.23,753.22,0.71,69.8,27.41,0.81,-22.0,-57.1,False
1715,2598.64,882.89,0.59,64.12,18.38,0.6,-2.49,-25.36,False
1716,2654.47,789.58,0.67,68.21,24.88,0.75,-16.53,-48.2,False
1717,2598.37,883.34,0.59,64.1,18.35,0.59,-2.42,-25.25,False
1718,2647.97,800.45,0.66,67.73,24.12,0.73,-14.89,-45.54,False
1719,2627.89,834.01,0.64,66.26,21.79,0.68,-9.84,-37.33,False
1720,2645.12,805.21,0.66,67.52,23.79,0.72,-14.17,-44.37,False
1721,2636.43,819.73,0.65,66.89,22.78,0.7,-11.99,-40.82,False
1722,2682.7,742.41,0.72,70.27,28.16,0.83,-23.62,-59.74,False
1723,2715.4,687.77,0.76,72.66,31.96,0.92,-31.84,-73.12,False
1724,2712.13,693.23,0.76,72.42,31.59,0.91,-31.02,-71.78,False
1725,2684.21,739.88,0.72,70.38,28.34,0.83,-24.0,-60.36,False
1726,2677.45,751.18,0.71,69.89,27.55,0.81,-22.3,-57.6,False
1727,2590.44,896.58,0.58,63.52,17.43,0.57,-0.43,-22.01,False
1728,2588.06,900.55,0.58,63.35,17.15,0.57,0.17,-21.04,False
1729,2682.82,742.22,0.72,70.28,28.17,0.83,-23.65,-59.79,False
1730,2670.64,762.57,0.7,69.39,26.76,0.79,-20.59,-54.81,False
1731,2692.06,726.77,0.73,70.96,29.25,0.85,-25.98,-63.57,False
1732,2668.87,765.52,0.7,69.26,26.55,0.79,-20.15,-54.09,False
1733,2692.76,725.61,0.73,71.01,29.33,0.85,-26.15,-63.86,False
1734,2670.11,763.45,0.7,69.35,26.7,0.79,-20.46,-54.59,False
1735,2668.19,766.66,0.69,69.21,26.47,0.79,-19.97,-53.81,False
1736,2648.94,798.83,0.67,67.8,24.23,0.73,-15.14,-45.94,False
1737,2707.53,700.92,0.75,72.09,31.05,0.89,-29.87,-69.9,False
1738,2647.02,802.03,0.66,67.66,24.01,0.73,-14.65,-45.15,False
1739,2628.43,833.1,0.64,66.3,21.85,0.68,-9.98,-37.55,False
1740,2715.81,687.08,0.76,72.69,32.01,0.92,-31.95,-73.29,False
1741,2612.24,860.15,0.61,65.12,19.97,0.63,-5.91,-30.93,False
1742,2697.03,718.47,0.74,71.32,29.83,0.87,-27.22,-65.6,False
1743,2630.24,830.08,0.64,66.43,22.06,0.68,-10.43,-38.29,False
1744,2670.3,763.13,0.7,69.36,26.72,0.79,-20.51,-54.67,False
1745,2690.06,730.12,0.73,70.81,29.02,0.85,-25.47,-62.75,False
1746,2668.23,766.59,0.69,69.21,26.48,0.79,-19.99,-53.83,False
1747,2616.49,853.05,0.62,65.43,20.46,0.64,-6.98,-32.66,False
1748,2603.22,875.23,0.6,64.46,18.92,0.61,-3.64,-27.24,False
1749,2596.57,886.35,0.59,63.97,18.14,0.59,-1.97,-24.51,False
1750,2600.92,879.07,0.6,64.29,18.65,0.6,-3.06,-26.3,False
1751,2594.03,890.58,0.59,63.78,17.85,0.58,-1.33,-23.48,False
1752,2659.17,781.73,0.68,68.55,25.42,0.76,-17.71,-50.12,False
1753,2685.57,737.62,0.72,70.48,28.49,0.83,-24.34,-60.92,False
1754,2597.59,884.63,0.59,64.04,18.26,0.59,-2.23,-24.93,False
1755,2709.7,697.29,0.76,72.25,31.3,0.9,-30.41,-70.79,False
1756,2714.75,688.86,0.76,72.62,31.89,0.91,-31.68,-72.85,False
1757,2627.29,835.0,0.63,66.22,21.72,0.67,-9.69,-37.08,False
1758,2587.35,901.76,0.58,63.29,17.07,0.56,0.35,-20.74,False
1759,2702.38,709.53,0.74,71.71,30.45,0.88,-28.57,-67.79,False
1760,2669.35,764.72,0.7,69.29,26.61,0.79,-20.27,-54.29,False
1761,2631.68,827.67,0.64,66.54,22.23,0.69,-10.8,-38.88,False
1762,2673.81,757.28,0.7,69.62,27.13,0.8,-21.39,-56.11,False
1763,2672.35,759.71,0.7,69.51,26.96,0.8,-21.02,-55.51,False
1764,2718.61,682.4,0.77,72.9,32.34,0.93,-32.65,-74.43,False
1765,2681.12,745.05,0.71,70.16,27.98,0.82,-23.23,-59.1,False
1766,2614.56,856.28,0.62,65.29,20.24,0.64,-6.49,-31.88,False
1767,2597.72,884.42,0.59,64.05,18.28,0.59,-2.26,-24.99,False
1768,2616.2,853.54,0.62,65.4,20.43,0.64,-6.9,-32.54,False
1769,2593.2,891.98,0.58,63.72,17.75,0.58,-1.12,-23.14,False
1770,2682.84,742.18,0.72,70.28,28.18,0.83,-23.66,-59.8,False
1771,2624.31,839.98,0.63,66.0,21.37,0.67,-8.94,-35.86,False
1772,2619.66,847.75,0.62,65.66,20.83,0.65,-7.77,-33.96,False
1773,2679.14,748.37,0.71,70.01,27.75,0.82,-22.73,-58.29,False
1774,2616.96,852.26,0.62,65.46,20.51,0.65,-7.1,-32.86,False
1775,2712.82,692.08,0.76,72.47,31.67,0.91,-31.2,-72.06,False
1776,2707.44,701.06,0.75,72.08,31.04,0.89,-29.84,-69.86,False
1777,2670.21,763.28,0.7,69.36,26.71,0.79,-20.48,-54.64,False
1778,2707.85,700.38,0.75,72.11,31.09,0.9,-29.95,-70.03,False
1779,2712.18,693.15,0.76,72.43,31.59,0.91,-31.03,-71.8,False
1780,2703.53,707.6,0.75,71.8,30.58,0.88,-28.86,-68.26,False
1781,2707.02,701.78,0.75,72.05,30.99,0.89,-29.74,-69.69,False
1782,2626.69,836.0,0.63,66.17,21.65,0.67,-9.54,-36.84,False
1783,2670.08,763.5,0.7,69.35,26.69,0.79,-20.45,-54.58,False
1784,2707.67,700.69,0.75,72.1,31.07,0.9,-29.9,-69.96,False
1785,2711.14,694.88,0.76,72.35,31.47,0.9,-30.77,-71.38,False
1786,2638.73,815.9,0.65,67.05,23.05,0.71,-12.57,-41.76,False
1787,2716.88,685.29,0.77,72.77,32.14,0.92,-32.22,-73.73,False
1788,2668.47,766.2,0.69,69.23,26.51,0.79,-20.04,-53.92,False
1789,2685.98,736.94,0.72,70.51,28.54,0.84,-24.45,-61.08,False
1790,2682.13,743.37,0.71,70.23,28.09,0.82,-23.48,-59.51,False
1791,2639.15,815.19,0.65,67.08,23.09,0.71,-12.67,-41.93,False
1792,2677.08,751.81,0.71,69.86,27.51,0.81,-22.21,-57.44,False
1793,2677.24,751.54,0.71,69.87,27.53,0.81,-22.25,-57.51,False
1794,2710.04,696.73,0.76,72.27,31.34,0.9,-30.5,-70.93,False
1795,2609.39,864.92,0.61,64.91,19.63,0.62,-5.19,-29.76,False
1796,2600.82,879.25,0.6,64.28,18.64,0.6,-3.04,-26.25,False
1797,2587.19,902.01,0.58,63.28,17.05,0.56,0.39,-20.68,False
1798,2652.67,792.6,0.67,68.07,24.67,0.74,-16.07,-47.46,False
1799,2608.23,866.85,0.61,64.82,19.5,0.62,-4.9,-29.29,False
1800,2694.33,722.98,0.73,71.12,29.51,0.86,-26.55,-64.5,False
1801,2704.09,706.67,0.75,71.84,30.65,0.89,-29.0,-68.49,False
1802,2715.59,687.45,0.76,72.68,31.99,0.92,-31.89,-73.2,False
1803,2700.36,712.91,0.74,71.56,30.22,0.88,-28.06,-66.97,False
1804,2646.8,802.4,0.66,67.64,23.99,0.73,-14.6,-45.06,False
1805,2597.82,884.25,0.59,64.06,18.29,0.59,-2.28,-25.03,False
1806,2641.09,811.95,0.65,67.23,23.32,0.71,-13.16,-42.72,False
1807,2592.47,893.19,0.58,63.67,17.67,0.58,-0.94,-22.84,False
1808,2677.86,750.5,0.71,69.92,27.6,0.81,-22.41,-57.76,False
1809,2671.09,761.81,0.7,69.42,26.81,0.79,-20.7,-55.0,False
1810,2656.9,785.53,0.68,68.38,25.16,0.76,-17.14,-49.19,False
1811,2631.19,828.5,0.64,66.5,22.17,0.68,-10.67,-38.67,False
1812,2646.21,803.39,0.66,67.6,23.92,0.73,-14.45,-44.82,False
1813,2700.55,712.59,0.74,71.58,30.24,0.88,-28.11,-67.04,False
1814,2694.76,722.26,0.73,71.15,29.56,0.86,-26.66,-64.68,False
1815,2669.3,764.81,0.7,69.29,26.6,0.79,-20.25,-54.26,False
1816,2698.25,716.43,0.74,71.41,29.97,0.87,-27.53,-66.1,False
1817,2693.41,724.51,0.73,71.05,29.41,0.86,-26.32,-64.13,False
1818,2616.12,853.67,0.62,65.4,20.42,0.64,-6.88,-32.51,False
1819,2663.64,774.27,0.69,68.88,25.94,0.77,-18.83,-51.95,False
1820,2649.07,798.61,0.67,67.81,24.25,0.73,-15.17,-45.99,False
1821,2675.75,754.03,0.71,69.76,27.35,0.81,-21.87,-56.9,False
1822,2621.83,844.13,0.63,65.82,21.08,0.66,-8.32,-34.85,False
1823,2626.95,835.57,0.63,66.19,21.68,0.67,-9.61,-36.94,False
1824,2661.74,777.43,0.68,68.74,25.72,0.77,-18.35,-51.17,False
1825,2663.46,774.56,0.69,68.86,25.92,0.77,-18.79,-51.88,False
1826,2650.65,795.96,0.67,67.93,24.43,0.74,-15.57,-46.64,False
1827,2618.26,850.1,0.62,65.56,20.67,0.65,-7.42,-33.39,False
1828,2613.06,858.78,0.61,65.18,20.06,0.63,-6.12,-31.26,False
1829,2675.81,753.92,0.71,69.77,27.36,0.81,-21.89,-56.93,False
1830,2630.02,830.44,0.64,66.42,22.03,0.68,-10.38,-38.2,False
1831,2697.13,718.3,0.74,71.33,29.84,0.87,-27.25,-65.65,False
1832,2647.3,801.57,0.66,67.68,24.04,0.73,-14.72,-45.26,False
1833,2649.9,797.23,0.67,67.87,24.35,0.74,-15.38,-46.33,False
1834,2684.94,738.67,0.72,70.43,28.42,0.83,-24.19,-60.66,False
1835,2697.0,718.51,0.74,71.32,29.82,0.87,-27.22,-65.59,False
1836,2655.28,788.24,0.68,68.26,24.97,0.75,-16.73,-48.53,False
1837,2632.41,826.45,0.64,66.59,22.31,0.69,-10.98,-39.17,False
1838,2631.84,827.41,0.64,66.55,22.24,0.69,-10.84,-38.94,False
1839,2623.25,841.76,0.63,65.92,21.25,0.66,-8.68,-35.43,False
1840,2652.25,793.3,0.67,68.04,24.62,0.74,-15.97,-47.29,False
1841,2610.35,863.32,0.61,64.98,19.75,0.63,-5.43,-30.15,False
1842,2706.94,701.9,0.75,72.04,30.98,0.89,-29.72,-69.66,False
1843,2605.04,872.19,0.6,64.59,19.13,0.61,-4.1,-27.98,False
1844,2711.66,694.03,0.76,72.39,31.53,0.91,-30.9,-71.59,False
1845,2676.12,753.41,0.71,69.79,27.4,0.81,-21.97,-57.05,False
1846,2696.84,718.78,0.74,71.31,29.81,0.87,-27.18,-65.53,False
1847,2594.4,889.97,0.59,63.81,17.89,0.58,-1.42,-23.63,False
1848,2673.74,757.39,0.7,69.61,27.12,0.8,-21.37,-56.08,False
1849,2696.51,719.34,0.74,71.28,29.77,0.86,-27.09,-65.39,False
1850,2595.1,888.8,0.59,63.86,17.97,0.59,-1.6,-23.91,False
1851,2638.49,816.29,0.65,67.04,23.02,0.7,-12.51,-41.66,False
1852,2707.71,700.61,0.75,72.1,31.07,0.9,-29.91,-69.97,False
1853,2626.51,836.32,0.63,66.16,21.62,0.67,-9.49,-36.76,False
1854,2643.02,808.72,0.66,67.37,23.55,0.72,-13.65,-43.52,False
1855,2595.39,888.3,0.59,63.88,18.01,0.59,-1.67,-24.04,False
1856,2684.45,739.5,0.72,70.4,28.36,0.83,-24.06,-60.46,False
1857,2619.63,847.8,0.62,65.66,20.83,0.65,-7.77,-33.95,False
1858,2674.7,755.78,0.7,69.69,27.23,0.8,-21.61,-56.47,False
1859,2706.51,702.62,0.75,72.01,30.93,0.89,-29.61,-69.48,False
1860,2662.63,775.95,0.69,68.8,25.83,0.77,-18.58,-51.53,False
1861,2654.54,789.47,0.67,68.21,24.89,0.75,-16.54,-48.23,False
1862,2646.54,802.83,0.66,67.63,23.96,0.73,-14.53,-44.96,False
1863,2701.85,710.42,0.74,71.67,30.39,0.88,-28.44,-67.57,False
1864,2628.59,832.84,0.64,66.31,21.87,0.68,-10.02,-37.61,False
1865,2620.56,846.25,0.62,65.72,20.93,0.66,-8.0,-34.33,False
1866,2616.21,853.53,0.62,65.41,20.43,0.64,-6.91,-32.55,False
1867,2633.24,825.07,0.64,66.65,22.41,0.69,-11.19,-39.51,False
1868,2688.38,732.93,0.72,70.69,28.82,0.84,-25.05,-62.07,False
1869,2689.52,731.02,0.73,70.77,28.95,0.85,-25.34,-62.53,False
1870,2642.25,810.0,0.66,67.31,23.46,0.72,-13.45,-43.2,False
1871,2625.22,838.47,0.63,66.06,21.47,0.67,-9.17,-36.23,False
1872,2683.58,740.95,0.72,70.33,28.26,0.83,-23.84,-60.1,False
1873,2660.68,779.22,0.68,68.66,25.6,0.77,-18.09,-50.74,False
1874,2680.05,746.83,0.71,70.08,27.85,0.82,-22.96,-58.66,False
1875,2627.66,834.39,0.63,66.24,21.76,0.68,-9.79,-37.23,False
1876,2690.78,728.91,0.73,70.86,29.1,0.85,-25.65,-63.05,False
1877,2600.75,879.36,0.6,64.27,18.63,0.6,-3.02,-26.22,False
1878,2618.55,849.6,0.62,65.58,20.7,0.65,-7.5,-33.51,False
1879,2661.71,777.49,0.68,68.73,25.72,0.77,-18.35,-51.16,False
1880,2641.57,811.15,0.66,67.26,23.38,0.71,-13.28,-42.92,False
1881,2596.27,886.84,0.59,63.95,18.11,0.59,-1.89,-24.39,False
1882,2681.13,745.04,0.71,70.16,27.98,0.82,-23.23,-59.1,False
1883,2592.72,892.78,0.58,63.69,17.69,0.58,-1.0,-22.94,False
1884,2635.5,821.29,0.65,66.82,22.67,0.7,-11.76,-40.44,False
1885,2690.43,729.5,0.73,70.84,29.06,0.85,-25.57,-62.91,False
1886,2689.4,731.21,0.73,70.76,28.94,0.84,-25.31,-62.49,False
1887,2612.92,859.02,0.61,65.16,20.04,0.63,-6.08,-31.2,False
1888,2610.91,862.37,0.61,65.02,19.81,0.63,-5.58,-30.38,False
1889,2643.81,807.41,0.66,67.42,23.64,0.72,-13.84,-43.84,False
1890,2689.03,731.84,0.72,70.73,28.9,0.84,-25.21,-62.33,False
1891,2674.49,756.13,0.7,69.67,27.21,0.8,-21.56,-56.39,False
1892,2676.31,753.09,0.71,69.8,27.42,0.81,-22.02,-57.13,False
1893,2643.13,808.54,0.66,67.38,23.56,0.72,-13.67,-43.56,False
1894,2633.2,825.13,0.64,66.65,22.4,0.69,-11.18,-39.5,False
1895,2596.76,886.03,0.59,63.98,18.16,0.59,-2.02,-24.59,False
1896,2711.1,694.96,0.76,72.35,31.46,0.9,-30.76,-71.36,False
1897,2624.19,840.18,0.63,65.99,21.36,0.67,-8.91,-35.81,False
1898,2690.36,729.61,0.73,70.83,29.05,0.85,-25.55,-62.88,False
1899,2670.02,763.61,0.7,69.34,26.69,0.79,-20.43,-54.56,False
1900,2719.05,681.66,0.77,72.93,32.39,0.93,-32.76,-74.61,False
1901,2623.97,840.56,0.63,65.97,21.33,0.66,-8.86,-35.72,False
1902,2643.41,808.07,0.66,67.4,23.59,0.72,-13.74,-43.67,False
1903,2688.59,732.58,0.72,70.7,28.85,0.84,-25.1,-62.15,False
1904,2668.2,766.64,0.69,69.21,26.47,0.79,-19.98,-53.81,False
1905,2709.67,697.34,0.76,72.24,31.3,0.9,-30.4,-70.78,False
1906,2625.61,837.81,0.63,66.09,21.52,0.67,-9.27,-36.39,False
1907,2692.13,726.65,0.73,70.96,29.26,0.85,-25.99,-63.6,False
1908,2637.41,818.1,0.65,66.96,22.89,0.7,-12.24,-41.22,False
1909,2590.77,896.03,0.58,63.54,17.47,0.57,-0.51,-22.14,False
1910,2684.62,739.2,0.72,70.41,28.39,0.83,-24.11,-60.53,False
1911,2716.1,686.59,0.76,72.71,32.05,0.92,-32.02,-73.41,False
1912,2669.94,763.73,0.7,69.34,26.68,0.79,-20.42,-54.53,False
1913,2642.27,809.98,0.66,67.31,23.46,0.72,-13.46,-43.21,False
1914,2596.69,886.15,0.59,63.98,18.16,0.59,-2.0,-24.56,False
1915,2702.25,709.75,0.74,71.7,30.43,0.88,-28.54,-67.74,False
1916,2664.2,773.33,0.69,68.92,26.01,0.78,-18.97,-52.18,False
1917,2703.8,707.15,0.75,71.81,30.62,0.88,-28.93,-68.38,False
1918,2698.49,716.03,0.74,71.43,30.0,0.87,-27.59,-66.2,False
1919,2622.02,843.81,0.63,65.83,21.1,0.66,-8.37,-34.93,False
1920,2621.93,843.96,0.63,65.82,21.09,0.66,-8.34,-34.89,False
1921,2711.27,694.67,0.76,72.36,31.48,0.91,-30.81,-71.43,False
1922,2676.74,752.37,0.71,69.83,27.47,0.81,-22.12,-57.31,False
1923,2669.91,763.78,0.7,69.33,26.67,0.79,-20.41,-54.51,False
1924,2623.94,840.6,0.63,65.97,21.33,0.66,-8.85,-35.71,False
1925,2619.56,847.93,0.62,65.65,20.82,0.65,-7.75,-33.92,False
1926,2718.94,681.86,0.77,72.92,32.38,0.93,-32.73,-74.56,False
1927,2600.45,879.86,0.59,64.25,18.59,0.6,-2.94,-26.1,False
1928,2677.48,751.14,0.71,69.89,27.55,0.81,-22.31,-57.61,False
1929,2653.79,790.72,0.67,68.16,24.8,0.75,-16.35,-47.92,False
1930,2604.24,873.53,0.6,64.53,19.03,0.61,-3.9,-27.65,False
1931,2661.06,778.58,0.68,68.69,25.64,0.77,-18.18,-50.89,False
1932,2664.19,773.34,0.69,68.92,26.01,0.78,-18.97,-52.17,False
1933,2589.13,898.77,0.58,63.42,17.28,0.57,-0.1,-21.47,False
1934,2669.58,764.34,0.7,69.31,26.63,0.79,-20.32,-54.38,False
1935,2673.67,757.5,0.7,69.61,27.11,0.8,-21.35,-56.05,False
1936,2701.24,711.43,0.74,71.63,30.32,0.88,-28.28,-67.33,False
1937,2601.36,878.34,0.6,64.32,18.7,0.6,-3.17,-26.47,False
1938,2706.69,702.33,0.75,72.03,30.95,0.89,-29.65,-69.56,False
1939,2633.68,824.32,0.64,66.68,22.46,0.69,-11.3,-39.7,False
1940,2671.62,760.93,0.7,69.46,26.87,0.8,-20.84,-55.21,False
1941,2678.27,749.82,0.71,69.95,27.65,0.81,-22.51,-57.93,False
1942,2643.9,807.25,0.66,67.43,23.65,0.72,-13.87,-43.88,False
1943,2712.74,692.22,0.76,72.47,31.66,0.91,-31.17,-72.03,False
1944,2676.15,753.35,0.71,69.79,27.4,0.81,-21.98,-57.07,False
1945,2690.11,730.04,0.73,70.81,29.02,0.85,-25.48,-62.77,False
1946,2712.7,692.28,0.76,72.47,31.65,0.91,-31.17,-72.02,False
1947,2632.97,825.51,0.64,66.63,22.38,0.69,-11.12,-39.41,False
1948,2689.31,731.37,0.73,70.75,28.93,0.84,-25.28,-62.45,False
1949,2595.76,887.69,0.59,63.91,18.05,0.59,-1.77,-24.19,False
1950,2616.51,853.01,0.62,65.43,20.46,0.64,-6.98,-32.67,False
1951,2672.96,758.69,0.7,69.56,27.03,0.8,-21.17,-55.76,False
1952,2692.1,726.71,0.73,70.96,29.25,0.85,-25.98,-63.59,False
1953,2657.7,784.2,0.68,68.44,25.25,0.76,-17.34,-49.52,False
1954,2634.73,822.57,0.65,66.76,22.58,0.69,-11.56,-40.12,False
1955,2608.06,867.15,0.61,64.81,19.48,0.62,-4.86,-29.21,False
1956,2714.33,689.55,0.76,72.59,31.84,0.91,-31.58,-72.68,False
1957,2703.12,708.29,0.75,71.77,30.54,0.88,-28.76,-68.1,False
1958,2656.14,786.79,0.68,68.33,25.07,0.75,-16.95,-48.88,False
1959,2627.12,835.29,0.63,66.2,21.7,0.67,-9.65,-37.01,False
1960,2594.94,889.06,0.59,63.85,17.95,0.59,-1.56,-23.85,False
1961,2710.26,696.36,0.76,72.29,31.37,0.9,-30.55,-71.02,False
1962,2588.33,900.11,0.58,63.37,17.18,0.57,0.1,-21.15,False
1963,2617.28,851.73,0.62,65.48,20.55,0.65,-7.18,-32.99,False
1964,2641.87,810.64,0.66,67.28,23.41,0.71,-13.36,-43.04,False
1965,2712.41,692.76,0.76,72.44,31.62,0.91,-31.09,-71.9,False
1966,2696.89,718.7,0.74,71.31,29.81,0.87,-27.19,-65.55,False
1967,2607.16,868.64,0.6,64.74,19.37,0.62,-4.63,-28.85,False
1968,2593.76,891.04,0.58,63.76,17.82,0.58,-1.26,-23.37,False
1969,2622.9,842.34,0.63,65.9,21.21,0.66,-8.59,-35.29,False
1970,2653.33,791.49,0.67,68.12,24.75,0.75,-16.24,-47.73,False
1971,2623.68,841.04,0.63,65.95,21.3,0.66,-8.78,-35.6,False
1972,2716.39,686.12,0.77,72.74,32.08,0.92,-32.09,-73.52,False
1973,2633.88,824.0,0.64,66.7,22.48,0.69,-11.35,-39.78,False
1974,2588.16,900.39,0.58,63.35,17.16,0.57,0.14,-21.08,False
1975,2624.49,839.69,0.63,66.01,21.39,0.67,-8.99,-35.94,False
1976,2611.58,861.26,0.61,65.07,19.89,0.63,-5.74,-30.66,False
1977,2599.62,881.24,0.59,64.19,18.5,0.6,-2.74,-25.77,False
1978,2691.73,727.32,0.73,70.93,29.21,0.85,-25.89,-63.44,False
1979,2697.16,718.25,0.74,71.33,29.84,0.87,-27.26,-65.66,False
1980,2685.38,737.93,0.72,70.47,28.47,0.83,-24.3,-60.84,False
1981,2708.36,699.53,0.75,72.15,31.15,0.9,-30.07,-70.24,False
1982,2687.7,734.06,0.72,70.64,28.74,0.84,-24.88,-61.79,False
1983,2677.45,751.19,0.71,69.89,27.55,0.81,-22.3,-57.59,False
1984,2628.08,833.69,0.64,66.27,21.81,0.68,-9.89,-37.4,False
1985,2629.76,830.88,0.64,66.4,22.0,0.68,-10.31,-38.09,False
1986,2614.52,856.35,0.62,65.28,20.23,0.64,-6.48,-31.86,False
1987,2659.08,781.89,0.68,68.54,25.41,0.76,-17.68,-50.08,False
1988,2599.62,881.25,0.59,64.19,18.5,0.6,-2.73,-25.76,False
1989,2691.56,727.61,0.73,70.92,29.19,0.85,-25.85,-63.37,False
1990,2680.37,746.31,0.71,70.1,27.89,0.82,-23.04,-58.79,False
1991,2707.32,701.27,0.75,72.07,31.02,0.89,-29.81,-69.81,False
1992,2644.78,805.78,0.66,67.5,23.75,0.72,-14.09,-44.24,False
1993,2614.31,856.7,0.62,65.27,20.21,0.64,-6.43,-31.77,False
1994,2606.57,869.63,0.6,64.7,19.31,0.62,-4.48,-28.61,False
1995,2599.71,881.1,0.59,64.2,18.51,0.6,-2.76,-25.8,False
1996,2658.52,782.81,0.68,68.5,25.35,0.76,-17.54,-49.86,False
1997,2662.16,776.73,0.69,68.77,25.77,0.77,-18.46,-51.35,False
1998,2644.74,805.84,0.66,67.49,23.75,0.72,-14.08,-44.22,False
1999,2683.01,741.9,0.72,70.29,28.2,0.83,-23.7,-59.87,False
2000,2637.31,818.25,0.65,66.95,22.88,0.7,-12.21,-41.18,False
2001,2625.01,838.82,0.63,66.05,21.45,0.67,-9.12,-36.15,False
2002,2587.26,901.9,0.58,63.29,17.06,0.56,0.37,-20.71,False
2003,2597.51,884.77,0.59,64.04,18.25,0.59,-2.21,-24.9,False
2004,2706.13,703.25,0.75,71.99,30.89,0.89,-29.51,-69.33,False
2005,2652.45,792.97,0.67,68.06,24.64,0.74,-16.02,-47.37,False
2006,2667.23,768.26,0.69,69.14,26.36,0.78,-19.73,-53.42,False
2007,2593.42,891.6,0.58,63.74,17.78,0.58,-1.18,-23.23,False
2008,2700.93,711.95,0.74,71.6,30.28,0.88,-28.21,-67.2,False
2009,2629.86,830.71,0.64,66.4,22.01,0.68,-10.34,-38.13,False
2010,2683.03,741.86,0.72,70.29,28.2,0.83,-23.71,-59.88,False
2011,2622.97,842.22,0.63,65.9,21.21,0.66,-8.61,-35.31,False
2012,2705.57,704.2,0.75,71.94,30.82,0.89,-29.37,-69.1,False
2013,2709.96,696.86,0.76,72.27,31.33,0.9,-30.48,-70.89,False
2014,2586.93,902.46,0.57,63.26,17.02,0.56,0.46,-20.57,False
2015,2648.67,799.28,0.67,67.78,24.2,0.73,-15.07,-45.82,False
2016,2712.62,692.42,0.76,72.46,31.64,0.91,-31.14,-71.98,False
2017,2657.1,785.2,0.68,68.4,25.18,0.76,-17.19,-49.27,False
2018,2629.01,832.13,0.64,66.34,21.92,0.68,-10.12,-37.78,False
2019,2607.9,867.4,0.61,64.8,19.46,0.62,-4.82,-29.15,False
2020,2646.57,802.78,0.66,67.63,23.96,0.73,-14.54,-44.97,False
2021,2593.2,891.97,0.58,63.72,17.75,0.58,-1.12,-23.14,False
2022,2627.94,833.91,0.64,66.26,21.79,0.68,-9.86,-37.35,False
2023,2669.96,763.7,0.7,69.34,26.68,0.79,-20.42,-54.53,False
2024,2692.82,725.49,0.73,71.01,29.34,0.85,-26.17,-63.89,False
2025,2692.19,726.55,0.73,70.97,29.27,0.85,-26.01,-63.63,False
2026,2594.37,890.02,0.59,63.81,17.89,0.58,-1.42,-23.62,False
2027,2678.98,748.63,0.71,70.0,27.73,0.82,-22.69,-58.22,False
2028,2689.75,730.63,0.73,70.79,28.98,0.85,-25.39,-62.63,False
2029,2604.83,872.54,0.6,64.57,19.1,0.61,-4.04,-27.89,False
2030,2650.95,795.48,0.67,67.95,24.47,0.74,-15.64,-46.76,False
2031,2612.95,858.97,0.61,65.17,20.05,0.63,-6.09,-31.22,False
2032,2658.86,782.26,0.68,68.53,25.39,0.76,-17.63,-49.99,False
2033,2679.29,748.11,0.71,70.02,27.76,0.82,-22.77,-58.35,False
2034,2614.61,856.19,0.62,65.29,20.24,0.64,-6.5,-31.9,False
2035,2636.12,820.25,0.65,66.86,22.74,0.7,-11.91,-40.69,False
2036,2606.77,869.3,0.6,64.71,19.33,0.62,-4.53,-28.69,False
2037,2708.37,699.51,0.75,72.15,31.15,0.9,-30.08,-70.24,False
2038,2598.03,883.89,0.59,64.08,18.31,0.59,-2.34,-25.12,False
2039,2651.36,794.78,0.67,67.98,24.52,0.74,-15.74,-46.93,False
2040,2594.26,890.19,0.59,63.8,17.87,0.58,-1.39,-23.57,False
2041,2604.22,873.55,0.6,64.53,19.03,0.61,-3.89,-27.65,False
2042,2615.64,854.47,0.62,65.36,20.36,0.64,-6.76,-32.32,False
2043,2618.54,849.63,0.62,65.58,20.7,0.65,-7.49,-33.5,False
2044,2649.71,797.54,0.67,67.86,24.32,0.74,-15.33,-46.25,False
2045,2680.91,745.4,0.71,70.14,27.95,0.82,-23.17,-59.01,False
2046,2591.66,894.55,0.58,63.61,17.57,0.58,-0.73,-22.51,False
2047,2718.94,681.85,0.77,72.92,32.38,0.93,-32.73,-74.57,False
2048,2630.33,829.93,0.64,66.44,22.07,0.68,-10.46,-38.32,False
2049,2684.31,739.73,0.72,70.39,28.35,0.83,-24.03,-60.4,False
2050,2641.77,810.81,0.66,67.28,23.4,0.71,-13.33,-43.0,False
2051,2587.8,900.99,0.58,63.33,17.12,0.57,0.23,-20.93,False
2052,2624.77,839.21,0.63,66.03,21.42,0.67,-9.06,-36.05,False
2053,2655.05,788.62,0.68,68.25,24.94,0.75,-16.67,-48.43,False
2054,2604.58,872.96,0.6,64.55,19.07,0.61,-3.98,-27.79,False
2055,2630.12,830.27,0.64,66.42,22.05,0.68,-10.4,-38.24,False
2056,2708.69,698.99,0.75,72.17,31.18,0.9,-30.16,-70.37,False
2057,2610.75,862.65,0.61,65.01,19.79,0.63,-5.53,-30.32,False
2058,2705.05,705.07,0.75,71.91,30.76,0.89,-29.24,-68.88,False
2059,2701.96,710.23,0.74,71.68,30.4,0.88,-28.46,-67.62,False
2060,2603.47,874.81,0.6,64.47,18.94,0.61,-3.7,-27.34,False
2061,2597.92,884.09,0.59,64.07,18.3,0.59,-2.31,-25.07,False
2062,2631.17,828.52,0.64,66.5,22.17,0.68,-10.67,-38.67,False
2063,2650.64,795.98,0.67,67.93,24.43,0.74,-15.56,-46.63,False
2064,2664.7,772.49,0.69,68.95,26.07,0.78,-19.1,-52.38,False
2065,2709.79,697.15,0.76,72.25,31.31,0.9,-30.43,-70.82,False
2066,2636.55,819.54,0.65,66.89,22.79,0.7,-12.02,-40.87,False
2067,2608.08,867.11,0.61,64.81,19.48,0.62,-4.86,-29.22,False
2068,2635.29,821.63,0.65,66.8,22.65,0.7,-11.7,-40.35,False
2069,2698.53,715.96,0.74,71.43,30.0,0.87,-27.6,-66.22,False
2070,2662.51,776.15,0.69,68.79,25.81,0.77,-18.55,-51.49,False
2071,2644.69,805.94,0.66,67.49,23.74,0.72,-14.07,-44.2,False
2072,2659.71,780.83,0.68,68.59,25.49,0.76,-17.84,-50.34,False
2073,2639.87,813.99,0.65,67.14,23.18,0.71,-12.85,-42.22,False
2074,2627.25,835.07,0.63,66.21,21.71,0.67,-9.68,-37.06,False
2075,2705.96,703.55,0.75,71.97,30.87,0.89,-29.47,-69.26,False
2076,2626.22,836.79,0.63,66.14,21.59,0.67,-9.42,-36.64,False
2077,2658.97,782.07,0.68,68.53,25.4,0.76,-17.66,-50.04,False
2078,2593.22,891.94,0.58,63.72,17.75,0.58,-1.13,-23.15,False
2079,2587.29,901.85,0.58,63.29,17.06,0.56,0.36,-20.72,False
2080,2709.12,698.26,0.75,72.2,31.23,0.9,-30.26,-70.55,False
2081,2715.32,687.9,0.76,72.66,31.96,0.92,-31.82,-73.09,False
2082,2656.88,785.56,0.68,68.38,25.16,0.76,-17.13,-49.18,False
2083,2692.57,725.92,0.73,70.99,29.31,0.85,-26.1,-63.78,False
2084,2592.7,892.81,0.58,63.69,17.69,0.58,-1.0,-22.93,False
2085,2605.33,871.71,0.6,64.61,19.16,0.61,-4.17,-28.1,False
2086,2661.77,777.38,0.68,68.74,25.73,0.77,-18.36,-51.18,False
2087,2681.83,743.87,0.71,70.21,28.06,0.82,-23.4,-59.39,False
2088,2710.52,695.93,0.76,72.31,31.4,0.9,-30.62,-71.12,False
2089,2686.06,736.79,0.72,70.52,28.55,0.84,-24.47,-61.12,False
2090,2597.51,884.78,0.59,64.04,18.25,0.59,-2.2,-24.9,False
2091,2648.25,799.98,0.67,67.75,24.15,0.73,-14.96,-45.65,False
2092,2717.02,685.06,0.77,72.78,32.15,0.92,-32.25,-73.78,False
2093,2639.06,815.34,0.65,67.08,23.08,0.71,-12.65,-41.89,False
2094,2663.29,774.84,0.69,68.85,25.9,0.77,-18.74,-51.81,False
2095,2587.85,900.92,0.58,63.33,17.13,0.57,0.22,-20.95,False
2096,2713.16,691.51,0.76,72.5,31.7,0.91,-31.28,-72.2,False
2097,2716.43,686.05,0.77,72.74,32.08,0.92,-32.1,-73.54,False
2098,2602.53,876.39,0.6,64.4,18.84,0.61,-3.47,-26.95,False
2099,2665.41,771.3,0.69,69.01,26.15,0.78,-19.28,-52.67,False
2100,2611.56,861.3,0.61,65.07,19.89,0.63,-5.74,-30.65,False
2101,2634.99,822.13,0.65,66.78,22.61,0.7,-11.63,-40.23,False
2102,2681.62,744.22,0.71,70.19,28.04,0.82,-23.35,-59.3,False
2103,2663.7,774.16,0.69,68.88,25.95,0.77,-18.85,-51.97,False
2104,2669.39,764.66,0.7,69.3,26.61,0.79,-20.28,-54.3,False
2105,2697.44,717.79,0.74,71.35,29.88,0.87,-27.33,-65.77,False
2106,2659.48,781.21,0.68,68.57,25.46,0.76,-17.79,-50.25,False
2107,2665.66,770.89,0.69,69.02,26.18,0.78,-19.34,-52.78,False
2108,2610.06,863.79,0.61,64.96,19.71,0.63,-5.36,-30.04,False
2109,2659.31,781.51,0.68,68.56,25.44,0.76,-17.74,-50.18,False
2110,2613.97,857.26,0.61,65.24,20.17,0.64,-6.34,-31.63,False
2111,2660.77,779.06,0.68,68.67,25.61,0.77,-18.11,-50.77,False
2112,2712.78,692.14,0.76,72.47,31.66,0.91,-31.19,-72.05,False
2113,2593.72,891.1,0.58,63.76,17.81,0.58,-1.25,-23.35,False
2114,2630.2,830.15,0.64,66.43,22.05,0.68,-10.42,-38.27,False
2115,2624.21,840.15,0.63,65.99,21.36,0.67,-8.92,-35.82,False
2116,2677.77,750.65,0.71,69.91,27.59,0.81,-22.38,-57.73,False
2117,2677.84,750.54,0.71,69.91,27.6,0.81,-22.4,-57.76,False
2118,2604.94,872.35,0.6,64.58,19.12,0.61,-4.07,-27.94,False
2119,2647.99,800.41,0.66,67.73,24.12,0.73,-14.9,-45.55,False
2120,2675.58,754.31,0.71,69.75,27.33,0.81,-21.83,-56.83,False
2121,2603.03,875.54,0.6,64.44,18.89,0.61,-3.59,-27.16,False
2122,2689.38,731.25,0.73,70.76,28.94,0.84,-25.3,-62.48,False
2123,2703.78,707.18,0.75,71.81,30.61,0.88,-28.92,-68.37,False
2124,2609.4,864.91,0.61,64.91,19.63,0.62,-5.19,-29.76,False
2125,2628.2,833.48,0.64,66.28,21.82,0.68,-9.92,-37.45,False
2126,2607.0,868.91,0.6,64.73,19.36,0.62,-4.59,-28.78,False
2127,2692.73,725.65,0.73,71.0,29.33,0.85,-26.15,-63.85,False
2128,2608.02,867.2,0.61,64.81,19.47,0.62,-4.85,-29.2,False
2129,2629.01,832.13,0.64,66.34,21.92,0.68,-10.13,-37.79,False
2130,2621.9,844.01,0.63,65.82,21.09,0.66,-8.34,-34.88,False
2131,2695.39,721.21,0.73,71.2,29.64,0.86,-26.81,-64.93,False
2132,2593.59,891.32,0.58,63.75,17.8,0.58,-1.22,-23.3,False
