,nuc,aexp,nd,ns,age,asexp,la,ld,target
0,2.0,2.0,14.0,4.0,3.0,1.25,234.0,214.0,1
1,2.25,8.0,8.0,2.0,3.43,0.06,382.0,654.0,1
2,1.85,13.0,11.0,1.0,16.08,11.0,315.0,172.0,0
3,3.44,44.0,10.0,1.0,14.56,35.0,490.0,303.0,0
4,1.58,31.0,10.0,2.0,5.38,0.07,271.0,411.0,0
5,6.0,80.0,10.0,2.0,7.29,0.96,366.0,129.0,0
6,2.0,56.0,12.0,1.0,8.91,44.0,82.0,90.0,0
7,3.86,28.0,7.0,2.0,20.0,1.85,829.0,367.0,0
8,3.75,13.0,11.0,2.0,36.15,0.69,188.0,116.0,0
9,5.33,142.0,10.0,3.0,19.33,0.49,386.0,156.0,0
10,6.36,159.0,8.0,2.0,8.5,0.96,277.0,223.0,0
11,4.72,165.0,7.0,2.0,22.83,0.96,593.0,421.0,0
12,3.81,173.0,9.0,1.0,19.21,126.0,779.0,557.0,0
13,0.58,251.0,17.0,2.0,15.02,0.06,376.0,374.0,0
14,1.73,19.0,10.0,3.0,7.31,0.5,1857.0,513.0,0
15,3.68,27.0,10.0,2.0,4.68,1.0,1273.0,305.0,0
16,2.07,30.0,10.0,2.0,4.29,0.0,119.0,210.0,0
17,1.85,32.0,15.0,3.0,8.49,0.5,562.0,391.0,0
18,4.0,37.0,8.0,2.0,0.0,0.0,413.0,156.0,1
19,4.0,38.0,8.0,2.0,6.45,0.0,1661.0,593.0,0
20,3.69,39.0,8.0,2.0,7.2,0.0,519.0,335.0,0
21,2.93,41.0,8.0,1.0,5.69,29.0,457.0,222.0,0
22,2.53,48.0,9.0,2.0,5.61,1.0,641.0,326.0,0
23,2.29,144.0,9.0,1.0,29.14,95.0,591.0,73.0,0
24,2.73,52.0,19.0,2.0,5.61,1.0,1429.0,1152.0,0
25,8.0,157.0,7.0,1.0,8.67,106.0,1161.0,465.0,0
26,14.14,8.0,13.0,1.0,19.76,6.0,1057.0,92.0,0
27,3.95,60.0,8.0,2.0,7.12,1.0,863.0,245.0,0
28,5.0,286.0,21.0,1.0,41.22,179.0,1155.0,144.0,0
29,16.65,171.0,14.0,1.0,4.19,50.0,852.0,106.0,0
30,5.86,23.0,9.0,1.0,1.0,20.0,236.0,623.0,0
31,4.45,24.0,11.0,1.0,1.85,21.0,159.0,168.0,0
32,6.7,25.0,8.0,1.0,2.29,22.0,737.0,671.0,0
33,19.63,15.0,12.0,2.0,18.22,0.86,157.0,54.0,0
34,8.61,38.0,12.0,1.0,7.18,35.0,625.0,780.0,0
35,20.46,16.0,10.0,1.0,19.96,12.0,294.0,162.0,0
36,8.19,43.0,10.0,1.0,6.44,40.0,212.0,269.0,0
37,4.58,104.0,8.0,2.0,1.26,0.0,691.0,664.0,1
38,6.66,106.0,13.0,2.0,13.54,0.0,1997.0,888.0,0
39,7.67,107.0,7.0,2.0,5.61,0.0,860.0,665.0,0
40,21.26,710.0,13.0,3.0,18.05,0.49,1137.0,969.0,0
41,4.55,114.0,10.0,2.0,32.59,0.0,1372.0,499.0,0
42,8.17,115.0,11.0,2.0,10.63,0.0,1686.0,1051.0,0
43,11.88,127.0,12.0,3.0,69.71,0.5,336.0,485.0,0
44,11.69,164.0,13.0,1.0,46.25,106.0,429.0,521.0,0
45,7.93,333.0,9.0,2.0,32.68,1.85,343.0,165.0,0
46,1.5,25.0,10.0,1.0,5.6,19.0,877.0,436.0,0
47,3.88,47.0,10.0,1.0,12.29,37.0,232.0,61.0,0
48,1.29,21.0,11.0,3.0,30.53,0.54,828.0,127.0,0
49,15.33,185.0,13.0,1.0,39.23,121.0,1008.0,941.0,0
50,3.74,231.0,6.0,2.0,0.0,0.0,864.0,623.0,1
51,4.73,59.0,11.0,1.0,5.09,47.0,399.0,203.0,0
52,8.1,79.0,11.0,1.0,5.95,65.0,328.0,570.0,0
53,4.62,80.0,9.0,1.0,4.29,66.0,510.0,228.0,0
54,17.0,522.0,15.0,1.0,4.11,370.0,1136.0,446.0,0
55,11.0,5.0,14.0,1.0,20.95,4.0,872.0,443.0,0
56,13.8,6.0,8.0,1.0,13.2,5.0,542.0,435.0,0
57,5.41,19.0,20.0,1.0,19.46,14.0,1911.0,730.0,0
58,9.56,54.0,11.0,4.0,0.25,0.33,1596.0,4.0,1
59,4.59,37.0,10.0,2.0,14.65,1.0,722.0,494.0,0
60,13.65,0.0,12.0,3.0,36.7,0.0,1174.0,9.0,1
61,8.44,42.0,11.0,3.0,0.94,0.5,178.0,79.0,1
62,6.75,1.0,13.0,2.0,88.5,0.5,127.0,82.0,0
63,2.12,63.0,9.0,2.0,14.48,1.0,833.0,873.0,0
64,9.38,107.0,12.0,3.0,33.15,0.17,48.0,191.0,0
65,18.59,8.0,17.0,3.0,45.9,0.82,1821.0,60.0,0
66,1.54,158.0,21.0,3.0,0.1,0.0,395.0,307.0,1
67,2.83,284.0,9.0,3.0,26.33,0.0,1215.0,347.0,0
68,5.8,317.0,7.0,2.0,17.4,0.0,696.0,747.0,0
69,3.64,318.0,8.0,3.0,31.0,0.0,955.0,749.0,0
70,5.47,329.0,11.0,4.0,55.88,0.0,434.0,740.0,0
71,7.43,348.0,10.0,2.0,22.23,0.0,359.0,717.0,0
72,6.65,106.0,12.0,3.0,4.5,0.0,81.0,183.0,0
73,0.0,22.0,8.0,1.0,0.0,2.0,1623.0,83.0,0
74,2.87,426.0,8.0,2.0,10.27,0.0,896.0,159.0,0
75,3.52,119.0,9.0,3.0,17.29,0.0,1154.0,240.0,0
76,6.69,36.0,8.0,2.0,11.19,0.0,312.0,207.0,0
77,8.47,20.0,14.0,4.0,11.11,0.0,183.0,305.0,0
78,0.0,24.0,9.0,3.0,0.0,0.0,272.0,316.0,1
79,0.93,56.0,14.0,3.0,8.55,0.0,406.0,497.0,0
80,8.32,45.0,8.0,1.0,0.0,45.0,350.0,393.0,0
81,10.71,48.0,10.0,1.0,0.0,48.0,481.0,142.0,0
82,11.59,48.0,11.0,1.0,0.0,48.0,302.0,256.0,0
83,12.09,52.0,10.0,1.0,0.0,52.0,250.0,201.0,0
84,8.12,48.0,9.0,1.0,0.0,48.0,338.0,606.0,0
85,13.72,76.0,17.0,1.0,0.0,76.0,1188.0,873.0,0
86,10.16,18.0,17.0,1.0,0.0,18.0,1854.0,473.0,0
87,13.72,18.0,17.0,1.0,0.0,18.0,873.0,1157.0,0
88,10.11,90.0,10.0,1.0,0.0,90.0,589.0,365.0,0
89,8.33,25.0,19.0,1.0,0.0,25.0,1357.0,974.0,0
90,8.38,26.0,14.0,1.0,0.0,26.0,1273.0,663.0,0
91,14.7,0.0,12.0,1.0,0.0,0.0,128.0,60.0,1
92,10.84,97.0,13.0,1.0,0.0,97.0,1119.0,633.0,0
93,17.6,2.0,10.0,1.0,0.0,2.0,208.0,269.0,1
94,18.07,6.0,11.0,1.0,0.0,6.0,104.0,358.0,0
95,20.42,94.0,12.0,1.0,0.0,94.0,639.0,585.0,0
96,21.85,27.0,11.0,1.0,0.0,27.0,503.0,538.0,0
97,22.18,29.0,15.0,1.0,0.0,29.0,415.0,772.0,0
98,24.82,13.0,18.0,1.0,0.0,13.0,416.0,370.0,0
99,30.0,99.0,11.0,1.0,0.0,99.0,469.0,432.0,0
100,6.12,142.0,16.0,1.0,3.42,141.0,299.0,198.0,0
101,4.58,147.0,22.0,1.0,3.08,146.0,808.0,578.0,0
102,6.94,155.0,9.0,2.0,4.44,1.0,549.0,326.0,0
103,2.69,533.0,11.0,3.0,30.65,0.0,372.0,286.0,0
104,10.96,63.0,14.0,1.0,8.77,63.0,232.0,250.0,0
105,2.07,118.0,11.0,3.0,5.67,0.0,447.0,1021.0,0
106,7.72,31.0,15.0,4.0,1.97,0.0,700.0,887.0,1
107,0.91,50.0,11.0,2.0,13.78,0.0,268.0,379.0,0
108,2.31,126.0,9.0,3.0,14.38,0.0,655.0,217.0,0
109,4.5,132.0,7.0,3.0,4.94,0.0,655.0,266.0,0
110,9.03,51.0,17.0,1.0,11.97,51.0,512.0,756.0,0
111,11.08,46.0,10.0,4.0,6.75,0.0,638.0,830.0,0
112,4.59,158.0,8.0,3.0,7.36,0.0,1587.0,393.0,0
113,5.89,54.0,10.0,3.0,6.0,0.0,232.0,293.0,0
114,5.83,66.0,8.0,2.0,11.25,1.0,543.0,150.0,0
115,10.92,71.0,14.0,3.0,23.68,0.0,636.0,121.0,0
116,6.92,98.0,9.0,3.0,13.54,0.5,378.0,616.0,0
117,10.3,99.0,10.0,2.0,44.43,1.0,562.0,581.0,0
118,14.32,112.0,9.0,1.0,19.0,108.0,406.0,143.0,0
119,12.3,115.0,8.0,1.0,13.65,111.0,554.0,425.0,0
120,14.35,99.0,7.0,3.0,8.41,0.0,686.0,400.0,0
121,2.05,138.0,11.0,2.0,2.05,0.0,332.0,249.0,1
122,18.11,344.0,12.0,4.0,12.53,0.0,938.0,264.0,0
123,0.0,0.0,7.0,1.0,0.0,0.0,700.0,135.0,1
124,1.53,147.0,11.0,2.0,5.06,0.0,464.0,43.0,1
125,14.57,361.0,9.0,3.0,27.86,0.0,392.0,155.0,0
126,1.69,153.0,18.0,2.0,6.67,0.0,481.0,178.0,0
127,12.13,4.0,13.0,3.0,7.57,0.16,260.0,64.0,0
128,13.19,5.0,15.0,3.0,3.07,0.17,316.0,166.0,0
129,3.21,8.0,9.0,2.0,2.26,1.0,727.0,272.0,1
130,3.25,386.0,15.0,3.0,57.99,0.0,159.0,119.0,0
131,5.0,20.0,7.0,2.0,10.42,1.0,1211.0,170.0,0
132,0.66,212.0,16.0,3.0,2.23,0.0,1031.0,827.0,1
133,3.25,97.0,11.0,1.0,4.71,14.0,90.0,71.0,0
134,6.4,11.0,7.0,2.0,1.5,1.01,730.0,144.0,1
135,0.05,215.0,15.0,2.0,0.25,0.0,505.0,380.0,1
136,5.47,185.0,8.0,2.0,10.27,0.0,357.0,85.0,0
137,13.57,79.0,11.0,3.0,32.08,0.02,1076.0,134.0,0
138,0.4,22.0,8.0,1.0,0.0,10.0,1148.0,28.0,0
139,3.15,246.0,19.0,4.0,10.44,0.0,1616.0,867.0,0
140,0.43,136.0,8.0,1.0,0.29,50.0,561.0,5.0,0
141,2.13,46.0,8.0,1.0,14.78,9.0,771.0,550.0,0
142,17.58,178.0,13.0,4.0,25.52,0.0,1399.0,981.0,0
143,3.83,259.0,7.0,1.0,9.08,35.0,932.0,497.0,0
144,8.57,580.0,8.0,2.0,19.66,0.0,692.0,728.0,0
145,1.35,60.0,9.0,2.0,26.0,0.0,156.0,172.0,0
146,1.12,65.0,7.0,1.0,15.38,8.0,760.0,211.0,0
147,11.21,643.0,9.0,1.0,12.21,77.0,848.0,124.0,0
148,6.04,658.0,10.0,2.0,31.22,0.0,1271.0,205.0,0
149,1.43,116.0,6.0,2.0,0.0,0.0,887.0,413.0,1
150,7.12,25.0,13.0,3.0,13.3,0.45,1896.0,36.0,0
151,0.82,108.0,14.0,2.0,5.3,0.49,1132.0,1009.0,0
152,0.47,53.0,8.0,1.0,1.0,6.0,493.0,288.0,0
153,3.56,82.0,11.0,2.0,33.76,0.0,423.0,74.0,0
154,2.35,62.0,10.0,1.0,9.7,5.0,453.0,56.0,0
155,1.73,261.0,11.0,2.0,43.33,0.0,15.0,70.0,0
156,2.68,143.0,8.0,1.0,8.05,21.0,616.0,114.0,0
157,2.92,397.0,8.0,3.0,5.17,0.0,724.0,4.0,1
158,1.18,1.0,10.0,1.0,2.08,1.0,1876.0,726.0,1
159,1.28,0.0,8.0,3.0,31.17,0.0,1150.0,58.0,1
160,1.52,668.0,10.0,2.0,0.48,0.0,1365.0,239.0,1
161,1.22,52.0,7.0,2.0,0.56,0.0,835.0,19.0,1
162,1.62,55.0,6.0,2.0,5.85,0.0,852.0,400.0,0
163,11.91,819.0,16.0,4.0,6.67,0.0,1051.0,344.0,0
164,1.47,0.0,10.0,2.0,24.67,0.0,275.0,186.0,1
165,3.77,61.0,7.0,2.0,6.67,0.01,1424.0,115.0,0
166,8.57,98.0,11.0,3.0,122.25,0.0,573.0,200.0,0
167,2.77,7.0,9.0,2.0,29.27,1.88,589.0,543.0,0
168,4.7,94.0,10.0,2.0,25.0,0.0,795.0,33.0,0
169,1.02,1.0,8.0,1.0,17.83,1.0,760.0,0.0,1
170,6.71,101.0,7.0,2.0,23.53,0.0,723.0,106.0,0
171,1.03,308.0,7.0,2.0,10.19,0.0,645.0,812.0,0
172,6.53,103.0,7.0,2.0,21.21,0.0,654.0,112.0,0
173,1.12,90.0,9.0,2.0,33.25,0.0,397.0,619.0,0
174,2.6,2.0,9.0,3.0,19.4,0.44,893.0,417.0,1
175,19.83,319.0,12.0,4.0,77.48,0.0,932.0,834.0,0
176,3.5,3.0,7.0,2.0,6.31,0.88,1533.0,129.0,0
177,0.03,2.0,6.0,2.0,1.31,0.0,944.0,491.0,1
178,6.05,431.0,8.0,2.0,39.5,0.0,383.0,367.0,0
179,15.19,22.0,10.0,4.0,9.0,0.0,515.0,348.0,0
180,7.0,23.0,9.0,2.0,15.33,0.7,465.0,166.0,0
181,6.41,341.0,8.0,1.0,11.32,175.0,1450.0,235.0,0
182,14.91,343.0,14.0,2.0,6.81,0.0,1743.0,387.0,0
183,6.52,9.0,10.0,2.0,45.9,1.06,1164.0,940.0,0
184,8.91,0.0,10.0,3.0,78.73,0.0,467.0,30.0,1
185,1.15,0.0,10.0,1.0,57.69,0.0,1354.0,710.0,0
186,0.07,0.0,10.0,2.0,1.4,0.0,615.0,208.0,1
187,1.0,16.0,12.0,3.0,6.05,0.41,259.0,135.0,0
188,1.57,1.0,8.0,1.0,1.57,1.0,477.0,126.0,1
189,24.89,59.0,19.0,3.0,42.46,0.39,724.0,292.0,0
190,1.16,153.0,11.0,1.0,15.05,74.0,795.0,1114.0,0
191,20.65,386.0,12.0,3.0,54.96,0.0,174.0,165.0,0
192,9.9,24.0,12.0,4.0,104.1,0.02,814.0,126.0,0
193,2.29,23.0,17.0,2.0,27.76,0.0,1334.0,1074.0,0
194,10.22,511.0,12.0,2.0,136.11,0.0,609.0,24.0,0
195,10.82,0.0,9.0,2.0,13.91,0.0,640.0,102.0,1
196,3.3,74.0,9.0,2.0,61.97,0.56,1495.0,529.0,0
197,7.62,7.0,11.0,2.0,17.94,0.24,43.0,106.0,0
198,2.91,3.0,7.0,2.0,13.64,1.0,880.0,0.0,0
199,2.18,158.0,10.0,4.0,56.03,0.0,1291.0,334.0,0
200,2.38,261.0,11.0,1.0,115.25,16.0,418.0,307.0,0
201,7.73,162.0,14.0,2.0,20.31,0.0,798.0,548.0,0
202,1.3,2.0,13.0,4.0,3.55,0.25,1371.0,262.0,1
203,5.0,9.0,9.0,1.0,7.06,9.0,339.0,60.0,0
204,0.39,320.0,9.0,1.0,17.03,21.0,604.0,472.0,0
205,8.94,40.0,10.0,1.0,23.0,23.0,203.0,95.0,0
206,5.61,195.0,12.0,2.0,20.19,0.0,293.0,1095.0,0
207,4.21,0.0,11.0,2.0,6.79,0.0,1788.0,133.0,0
208,7.2,44.0,10.0,2.0,47.53,1.02,273.0,112.0,0
209,8.27,1.0,11.0,3.0,35.67,0.67,677.0,10.0,0
210,16.81,549.0,9.0,2.0,18.63,0.0,462.0,508.0,0
211,4.96,2.0,11.0,1.0,27.89,2.0,176.0,78.0,0
212,7.32,423.0,8.0,2.0,18.43,0.0,1790.0,213.0,0
213,3.69,568.0,12.0,3.0,10.4,0.0,146.0,151.0,0
214,3.53,577.0,10.0,2.0,3.7,0.0,1141.0,457.0,1
215,1.16,579.0,8.0,2.0,6.26,0.0,1304.0,217.0,0
216,13.5,587.0,10.0,2.0,24.95,0.0,749.0,31.0,0
217,4.69,26.0,9.0,2.0,20.24,0.01,1622.0,154.0,0
218,10.15,5.0,9.0,1.0,47.62,3.0,1609.0,240.0,0
219,13.57,102.0,11.0,2.0,82.61,0.02,672.0,502.0,0
220,3.43,0.0,7.0,2.0,34.21,0.0,786.0,13.0,1
221,16.65,42.0,8.0,2.0,18.65,0.01,671.0,65.0,0
222,7.73,227.0,13.0,3.0,47.42,0.0,1751.0,437.0,0
223,6.71,44.0,7.0,2.0,27.68,0.01,1101.0,101.0,0
224,1.22,142.0,7.0,3.0,2.67,0.0,773.0,5.0,1
225,8.1,11.0,9.0,2.0,27.5,0.77,561.0,289.0,0
226,1.36,57.0,10.0,2.0,14.57,0.0,1200.0,300.0,0
227,10.57,45.0,8.0,2.0,44.11,1.1,1139.0,406.0,0
228,2.41,38.0,11.0,1.0,44.03,19.0,977.0,138.0,0
229,2.42,39.0,10.0,1.0,25.92,20.0,1342.0,893.0,0
230,3.13,5.0,8.0,3.0,39.22,0.0,1387.0,162.0,0
231,6.28,63.0,8.0,2.0,43.72,0.77,622.0,149.0,0
232,4.49,75.0,14.0,3.0,35.24,0.45,1420.0,866.0,0
233,6.24,70.0,12.0,4.0,43.67,0.5,720.0,291.0,0
234,5.03,78.0,15.0,2.0,100.35,1.28,384.0,311.0,0
235,6.0,1.0,9.0,1.0,26.58,1.0,725.0,39.0,0
236,0.05,18.0,13.0,1.0,0.1,0.0,282.0,129.0,1
237,0.82,26.0,9.0,2.0,54.95,0.0,491.0,415.0,0
238,13.0,0.0,9.0,3.0,5.56,0.0,1122.0,0.0,1
239,13.18,1.0,8.0,3.0,35.71,1.0,1279.0,711.0,0
240,5.16,180.48,7.67,2.78,8.82,0.0,588.56,367.23,0
241,4.86,158.87,7.37,2.88,7.09,0.0,618.18,322.1,0
242,6.61,287.43,9.16,2.28,17.38,0.0,442.0,590.54,0
243,5.97,240.01,8.5,2.5,13.58,0.0,506.98,491.53,0
244,5.7,220.65,8.23,2.59,12.03,0.0,533.51,451.1,0
245,6.86,305.53,9.41,2.2,18.83,0.0,417.2,628.33,0
246,7.29,337.65,9.86,2.05,21.4,0.0,373.19,695.38,0
247,6.77,299.12,9.32,2.23,18.31,0.0,425.98,614.94,0
248,5.7,220.08,8.22,2.59,11.99,0.0,534.3,449.91,0
249,5.93,237.07,8.46,2.51,13.35,0.0,511.02,485.38,0
250,7.08,322.08,9.64,2.12,20.15,0.0,394.51,662.89,0
251,5.11,177.2,7.63,2.79,8.56,0.0,593.06,360.38,0
252,5.93,237.48,8.47,2.51,13.38,0.0,510.45,486.24,0
253,6.28,263.3,8.82,2.39,15.45,0.0,475.07,540.15,0
254,5.44,201.13,7.96,2.68,10.47,0.0,560.27,410.33,0
255,5.99,241.42,8.52,2.49,13.7,0.0,505.05,494.46,0
256,5.69,219.41,8.21,2.6,11.93,0.0,535.22,448.5,0
257,5.09,175.51,7.6,2.8,8.42,0.0,595.38,356.84,0
258,5.91,235.85,8.44,2.52,13.25,0.0,512.68,482.84,0
259,6.63,288.7,9.18,2.27,17.48,0.0,440.26,593.18,0
260,6.3,264.63,8.84,2.39,15.55,0.0,473.25,542.92,0
261,5.75,223.75,8.27,2.58,12.28,0.0,529.27,457.56,0
262,5.84,230.61,8.37,2.54,12.83,0.0,519.87,471.89,0
263,7.12,325.13,9.68,2.11,20.4,0.0,390.34,669.25,0
264,5.84,230.38,8.37,2.54,12.81,0.0,520.18,471.42,0
265,7.12,325.24,9.68,2.11,20.4,0.0,390.19,669.47,0
266,4.84,157.09,7.35,2.88,6.95,0.0,620.61,318.39,0
267,6.69,293.15,9.24,2.25,17.84,0.0,434.16,602.48,0
268,6.67,291.43,9.21,2.26,17.7,0.0,436.52,598.89,0
269,4.52,133.64,7.02,2.99,5.07,0.0,652.75,269.43,0
270,4.92,163.15,7.43,2.86,7.43,0.0,612.31,331.04,0
271,5.68,218.75,8.2,2.6,11.88,0.0,536.11,447.14,0
272,4.7,146.63,7.2,2.93,6.11,0.0,634.95,296.54,0
273,5.69,219.49,8.22,2.59,11.94,0.0,535.11,448.67,0
274,4.72,147.88,7.22,2.93,6.21,0.0,633.24,299.16,0
275,5.9,234.85,8.43,2.52,13.17,0.0,514.06,480.75,0
276,5.26,187.66,7.77,2.74,9.39,0.0,578.73,382.21,0
277,5.18,182.2,7.7,2.77,8.96,0.0,586.21,370.81,0
278,6.38,270.16,8.92,2.36,16.0,0.0,465.67,554.47,0
279,4.86,158.39,7.37,2.88,7.05,0.0,618.84,321.1,0
280,5.31,191.49,7.83,2.72,9.7,0.0,573.48,390.21,0
281,4.64,142.51,7.15,2.95,5.78,0.0,640.59,287.95,0
282,6.53,281.4,9.07,2.31,16.9,0.0,450.27,577.94,0
283,7.23,332.8,9.79,2.07,21.01,0.0,379.83,685.26,0
284,6.36,268.61,8.9,2.37,15.87,0.0,467.8,551.23,0
285,4.51,132.49,7.01,3.0,4.98,0.0,654.32,267.03,0
286,5.74,223.53,8.27,2.58,12.26,0.0,529.57,457.11,0
287,7.02,317.69,9.58,2.14,19.8,0.0,400.54,653.71,0
288,6.68,292.6,9.23,2.26,17.79,0.0,434.92,601.32,0
289,7.06,320.4,9.62,2.13,20.02,0.0,396.82,659.37,0
290,4.78,152.84,7.29,2.9,6.61,0.0,626.44,309.51,0
291,5.1,176.17,7.61,2.8,8.47,0.0,594.47,358.23,0
292,6.5,279.3,9.05,2.32,16.73,0.0,453.14,573.56,0
293,5.14,179.44,7.66,2.78,8.73,0.0,589.99,365.05,0
294,5.06,173.45,7.58,2.81,8.26,0.0,598.19,352.55,0
295,5.92,236.19,8.45,2.52,13.28,0.0,512.22,483.55,0
296,6.98,314.3,9.53,2.16,19.53,0.0,405.19,646.63,0
297,7.39,344.71,9.95,2.02,21.96,0.0,363.51,710.13,0
298,5.11,176.74,7.62,2.79,8.52,0.0,593.69,359.42,0
299,6.11,250.33,8.64,2.45,14.41,0.0,492.84,513.08,0
300,6.09,248.99,8.62,2.46,14.3,0.0,494.68,510.28,0
301,5.53,207.62,8.05,2.65,10.99,0.0,551.38,423.88,0
302,7.14,326.17,9.7,2.1,20.48,0.0,388.91,671.42,0
303,5.31,191.27,7.82,2.73,9.68,0.0,573.78,389.76,0
304,5.19,182.5,7.7,2.77,8.98,0.0,585.8,371.44,0
305,6.75,297.38,9.3,2.23,18.18,0.0,428.36,611.32,0
306,4.99,168.33,7.5,2.83,7.85,0.0,605.21,341.86,0
307,4.78,152.7,7.29,2.9,6.59,0.0,626.63,309.23,0
308,6.19,256.35,8.73,2.42,14.89,0.0,484.6,525.63,0
309,6.79,300.44,9.34,2.22,18.42,0.0,424.18,617.69,0
310,7.27,335.68,9.83,2.06,21.24,0.0,375.89,691.27,0
311,6.0,242.55,8.54,2.49,13.79,0.0,503.51,496.82,0
312,5.07,173.6,7.58,2.81,8.27,0.0,597.99,352.86,0
313,7.23,333.02,9.79,2.07,21.03,0.0,379.53,685.73,0
314,5.64,215.62,8.16,2.61,11.63,0.0,540.4,440.6,0
315,6.67,291.73,9.22,2.26,17.72,0.0,436.12,599.5,0
316,4.54,134.99,7.04,2.99,5.18,0.0,650.9,272.24,0
317,5.42,199.86,7.94,2.69,10.37,0.0,562.01,407.68,0
318,5.48,203.91,8.0,2.67,10.69,0.0,556.46,416.14,0
319,6.22,258.65,8.76,2.41,15.07,0.0,481.45,530.43,0
320,7.23,333.13,9.79,2.07,21.04,0.0,379.38,685.95,0
321,4.99,168.2,7.5,2.83,7.83,0.0,605.4,341.58,0
322,6.09,249.12,8.63,2.46,14.31,0.0,494.51,510.53,0
323,4.57,137.31,7.07,2.98,5.36,0.0,647.73,277.08,0
324,7.38,343.82,9.94,2.02,21.89,0.0,364.73,708.27,0
325,4.52,133.25,7.02,2.99,5.04,0.0,653.29,268.61,0
326,6.72,295.73,9.27,2.24,18.04,0.0,430.62,607.87,0
327,6.71,294.57,9.26,2.25,17.95,0.0,432.23,605.43,0
328,5.89,234.12,8.42,2.53,13.11,0.0,515.06,479.23,0
329,4.91,162.44,7.42,2.86,7.37,0.0,613.29,329.56,0
330,7.41,346.57,9.98,2.01,22.11,0.0,360.96,714.01,0
331,5.03,170.74,7.54,2.82,8.04,0.0,601.92,346.88,0
332,4.93,163.42,7.44,2.85,7.45,0.0,611.94,331.6,0
333,4.97,166.82,7.48,2.84,7.72,0.0,607.28,338.71,0
334,6.49,278.61,9.04,2.32,16.67,0.0,454.09,572.11,0
335,4.62,140.49,7.12,2.96,5.62,0.0,643.36,283.73,0
336,7.34,340.98,9.9,2.03,21.66,0.0,368.61,702.35,0
337,5.7,220.68,8.23,2.59,12.04,0.0,533.47,451.16,0
338,7.2,330.41,9.76,2.08,20.82,0.0,383.1,680.28,0
339,5.06,173.03,7.57,2.81,8.22,0.0,598.78,351.67,0
340,6.46,276.46,9.01,2.33,16.5,0.0,457.03,567.63,0
341,6.5,279.26,9.05,2.32,16.72,0.0,453.2,573.48,0
342,5.91,236.12,8.45,2.52,13.27,0.0,512.32,483.4,0
343,5.6,212.89,8.12,2.63,11.41,0.0,544.15,434.9,0
344,5.51,206.66,8.04,2.65,10.91,0.0,552.69,421.89,0
345,5.44,201.56,7.97,2.68,10.51,0.0,559.67,411.24,0
346,4.88,160.15,7.39,2.87,7.19,0.0,616.42,324.78,0
347,6.43,273.97,8.97,2.34,16.3,0.0,460.45,562.42,0
348,5.25,187.36,7.77,2.74,9.37,0.0,579.13,381.59,0
349,6.81,301.91,9.36,2.21,18.54,0.0,422.16,620.77,0
350,6.87,306.85,9.43,2.19,18.93,0.0,415.39,631.08,0
351,4.69,146.17,7.2,2.93,6.07,0.0,635.58,295.59,0
352,5.93,237.36,8.46,2.51,13.37,0.0,510.62,485.98,0
353,5.84,230.46,8.37,2.54,12.82,0.0,520.07,471.59,0
354,4.95,165.33,7.46,2.85,7.61,0.0,609.32,335.6,0
355,6.38,270.37,8.92,2.36,16.01,0.0,465.39,554.9,0
356,5.36,195.54,7.88,2.71,10.02,0.0,567.92,398.67,0
357,4.68,145.05,7.18,2.94,5.98,0.0,637.12,293.25,0
358,5.23,185.95,7.75,2.75,9.26,0.0,581.07,378.64,0
359,6.06,246.58,8.59,2.47,14.11,0.0,497.99,505.23,0
360,6.71,294.77,9.26,2.25,17.97,0.0,431.95,605.85,0
361,6.79,300.25,9.34,2.22,18.4,0.0,424.43,617.31,0
362,6.75,297.57,9.3,2.23,18.19,0.0,428.11,611.7,0
363,5.44,201.14,7.96,2.68,10.47,0.0,560.25,410.37,0
364,5.18,182.14,7.7,2.77,8.95,0.0,586.28,370.7,0
365,6.49,278.58,9.04,2.32,16.67,0.0,454.13,572.06,0
366,4.9,161.47,7.41,2.86,7.3,0.0,614.61,327.53,0
367,6.51,279.81,9.05,2.32,16.77,0.0,452.45,574.61,0
368,5.11,176.76,7.62,2.79,8.52,0.0,593.67,359.45,0
369,5.24,186.38,7.76,2.75,9.29,0.0,580.48,379.54,0
370,5.37,196.27,7.89,2.7,10.08,0.0,566.92,400.2,0
371,7.4,345.64,9.97,2.01,22.04,0.0,362.24,712.07,0
372,6.58,284.83,9.12,2.29,17.17,0.0,445.57,585.1,0
373,6.74,297.25,9.3,2.23,18.16,0.0,428.55,611.03,0
374,4.75,150.72,7.26,2.91,6.44,0.0,629.34,305.09,0
375,5.2,183.87,7.72,2.76,9.09,0.0,583.91,374.31,0
376,7.15,327.08,9.71,2.1,20.55,0.0,387.67,673.31,0
377,6.13,252.32,8.67,2.44,14.57,0.0,490.11,517.23,0
378,6.74,297.06,9.29,2.24,18.15,0.0,428.81,610.63,0
379,6.43,273.73,8.97,2.34,16.28,0.0,460.77,561.93,0
380,6.72,295.23,9.27,2.24,18.0,0.0,431.31,606.83,0
381,6.37,269.92,8.92,2.36,15.98,0.0,466.0,553.97,0
382,4.83,156.14,7.34,2.89,6.87,0.0,621.92,316.4,0
383,6.79,300.69,9.34,2.22,18.44,0.0,423.83,618.23,0
384,6.01,243.47,8.55,2.48,13.86,0.0,502.24,498.75,0
385,4.78,152.85,7.29,2.9,6.61,0.0,626.43,309.54,0
386,6.82,303.12,9.38,2.21,18.63,0.0,420.5,623.3,0
387,6.42,273.47,8.96,2.35,16.26,0.0,461.14,561.38,0
388,5.53,207.55,8.05,2.65,10.98,0.0,551.48,423.74,0
389,7.18,329.21,9.74,2.09,20.72,0.0,384.75,677.77,0
390,4.68,145.49,7.19,2.94,6.02,0.0,636.51,294.18,0
391,6.33,266.38,8.87,2.38,15.69,0.0,470.85,546.59,0
392,5.56,209.95,8.08,2.64,11.18,0.0,548.18,428.76,0
393,7.03,318.22,9.59,2.14,19.84,0.0,399.81,654.82,0
394,7.34,340.99,9.9,2.03,21.67,0.0,368.61,702.36,0
395,6.59,285.69,9.13,2.29,17.24,0.0,444.39,586.89,0
396,6.22,258.7,8.76,2.41,15.08,0.0,481.38,530.54,0
397,5.38,196.62,7.9,2.7,10.11,0.0,566.45,400.92,0
398,6.16,254.22,8.7,2.43,14.72,0.0,487.51,521.19,0
399,5.95,238.65,8.48,2.51,13.47,0.0,508.85,488.68,0
400,6.68,292.75,9.23,2.26,17.8,0.0,434.71,601.64,0
401,6.15,253.47,8.69,2.44,14.66,0.0,488.54,519.63,0
402,5.56,209.77,8.08,2.64,11.16,0.0,548.43,428.38,0
403,6.43,274.35,8.98,2.34,16.33,0.0,459.93,563.22,0
404,5.37,196.17,7.89,2.7,10.07,0.0,567.07,399.98,0
405,4.57,137.06,7.07,2.98,5.34,0.0,648.07,276.56,0
406,5.38,196.85,7.9,2.7,10.13,0.0,566.14,401.4,0
407,7.23,332.65,9.79,2.07,21.0,0.0,380.03,684.96,0
408,6.87,306.58,9.42,2.19,18.91,0.0,415.76,630.52,0
409,5.78,225.9,8.3,2.57,12.45,0.0,526.32,462.07,0
410,6.66,291.06,9.21,2.26,17.67,0.0,437.02,598.12,0
411,5.02,170.08,7.53,2.82,7.99,0.0,602.82,345.51,0
412,4.63,141.81,7.14,2.95,5.72,0.0,641.55,286.49,0
413,6.14,252.91,8.68,2.44,14.62,0.0,489.31,518.45,0
414,6.49,278.78,9.04,2.32,16.69,0.0,453.85,572.48,0
415,5.9,235.37,8.44,2.52,13.21,0.0,513.34,481.84,0
416,7.2,330.6,9.76,2.08,20.83,0.0,382.85,680.66,0
417,6.4,271.86,8.94,2.35,16.13,0.0,463.35,558.01,0
418,4.6,139.46,7.1,2.97,5.53,0.0,644.78,281.57,0
419,7.36,342.86,9.93,2.02,21.81,0.0,366.05,706.26,0
420,5.26,188.01,7.78,2.74,9.42,0.0,578.24,382.95,0
421,7.03,318.47,9.59,2.14,19.86,0.0,399.47,655.34,0
422,4.99,168.34,7.5,2.83,7.85,0.0,605.2,341.88,0
423,5.43,200.57,7.95,2.68,10.43,0.0,561.03,409.17,0
424,6.98,314.71,9.54,2.15,19.56,0.0,404.62,647.48,0
425,5.56,210.25,8.09,2.64,11.2,0.0,547.76,429.39,0
426,6.32,265.72,8.86,2.38,15.64,0.0,471.76,545.2,0
427,5.12,177.36,7.63,2.79,8.57,0.0,592.84,360.71,0
428,7.23,333.0,9.79,2.07,21.03,0.0,379.56,685.67,0
429,6.2,257.0,8.74,2.42,14.94,0.0,483.7,527.0,0
430,6.61,287.11,9.15,2.28,17.35,0.0,442.44,589.87,0
431,5.93,237.61,8.47,2.51,13.39,0.0,510.27,486.52,0
432,5.77,225.8,8.3,2.57,12.45,0.0,526.46,461.84,0
433,6.77,299.36,9.32,2.23,18.33,0.0,425.65,615.45,0
434,6.77,298.9,9.32,2.23,18.3,0.0,426.28,614.49,0
435,7.28,336.75,9.84,2.05,21.33,0.0,374.41,693.51,0
436,6.91,309.56,9.47,2.18,19.15,0.0,411.67,636.75,0
437,5.5,205.41,8.02,2.66,10.81,0.0,554.4,419.28,0
438,7.08,321.62,9.63,2.12,20.11,0.0,395.15,661.91,0
439,6.21,257.54,8.74,2.42,14.99,0.0,482.96,528.12,0
440,4.57,137.28,7.07,2.98,5.36,0.0,647.76,277.03,0
441,7.19,330.32,9.75,2.08,20.81,0.0,383.23,680.08,0
442,5.34,193.92,7.86,2.71,9.89,0.0,570.15,395.28,0
443,5.42,200.08,7.95,2.68,10.39,0.0,561.7,408.15,0
444,5.77,225.86,8.3,2.57,12.45,0.0,526.38,461.97,0
445,5.93,236.93,8.46,2.51,13.34,0.0,511.21,485.08,0
446,4.58,137.54,7.08,2.97,5.38,0.0,647.4,277.58,0
447,4.68,145.28,7.18,2.94,6.0,0.0,636.8,293.73,0
448,7.37,343.47,9.94,2.02,21.86,0.0,365.21,707.53,0
449,5.1,176.4,7.62,2.79,8.49,0.0,594.16,358.7,0
450,7.08,322.02,9.64,2.12,20.15,0.0,394.6,662.77,0
451,5.61,214.03,8.14,2.62,11.5,0.0,542.59,437.27,0
452,4.79,153.38,7.3,2.9,6.65,0.0,625.7,310.65,0
453,6.16,254.23,8.7,2.43,14.72,0.0,487.5,521.2,0
454,5.64,215.99,8.17,2.61,11.66,0.0,539.91,441.36,0
455,5.43,200.68,7.95,2.68,10.44,0.0,560.88,409.41,0
456,4.58,138.17,7.09,2.97,5.43,0.0,646.54,278.88,0
457,7.24,334.02,9.81,2.06,21.11,0.0,378.16,687.81,0
458,5.57,210.59,8.09,2.64,11.23,0.0,547.31,430.09,0
459,4.9,161.16,7.4,2.87,7.27,0.0,615.04,326.88,0
460,4.55,135.68,7.05,2.98,5.23,0.0,649.96,273.69,0
461,5.39,197.81,7.91,2.7,10.2,0.0,564.82,403.41,0
462,7.15,327.15,9.71,2.1,20.56,0.0,387.57,673.47,0
463,6.87,306.69,9.43,2.19,18.92,0.0,415.61,630.74,0
464,6.31,265.26,8.85,2.38,15.6,0.0,472.38,544.25,0
465,5.78,226.21,8.31,2.56,12.48,0.0,525.9,462.71,0
466,6.99,315.26,9.55,2.15,19.61,0.0,403.87,648.63,0
467,5.6,213.35,8.13,2.62,11.45,0.0,543.52,435.85,0
468,7.11,324.18,9.67,2.11,20.32,0.0,391.64,667.27,0
469,6.1,250.02,8.64,2.45,14.38,0.0,493.27,512.42,0
470,5.05,172.68,7.56,2.81,8.19,0.0,599.26,350.93,0
471,5.79,226.92,8.32,2.56,12.54,0.0,524.92,464.19,0
472,6.35,268.01,8.89,2.37,15.82,0.0,468.62,549.98,0
473,4.85,157.41,7.35,2.88,6.97,0.0,620.18,319.05,0
474,5.09,175.68,7.61,2.8,8.43,0.0,595.14,357.21,0
475,5.11,176.7,7.62,2.79,8.51,0.0,593.75,359.32,0
476,7.08,321.92,9.64,2.12,20.14,0.0,394.74,662.55,0
477,6.5,279.45,9.05,2.32,16.74,0.0,452.93,573.88,0
478,5.75,223.92,8.28,2.57,12.29,0.0,529.03,457.93,0
479,7.26,335.38,9.82,2.06,21.22,0.0,376.3,690.64,0
480,6.04,245.58,8.58,2.47,14.03,0.0,499.35,503.16,0
481,5.93,237.1,8.46,2.51,13.35,0.0,510.97,485.45,0
482,7.09,322.39,9.64,2.12,20.18,0.0,394.1,663.52,0
483,5.07,173.77,7.58,2.81,8.28,0.0,597.76,353.22,0
484,6.26,261.6,8.8,2.4,15.31,0.0,477.4,536.6,0
485,4.86,158.49,7.37,2.88,7.06,0.0,618.7,321.3,0
486,6.76,298.09,9.31,2.23,18.23,0.0,427.39,612.79,0
487,6.23,259.59,8.77,2.41,15.15,0.0,480.16,532.4,0
488,6.46,276.6,9.01,2.33,16.51,0.0,456.84,567.92,0
489,5.4,198.14,7.92,2.69,10.23,0.0,564.36,404.11,0
490,4.82,155.32,7.32,2.89,6.8,0.0,623.04,314.7,0
491,4.79,153.54,7.3,2.9,6.66,0.0,625.48,310.97,0
492,5.83,229.76,8.36,2.55,12.76,0.0,521.03,470.12,0
493,7.33,340.48,9.9,2.03,21.62,0.0,369.3,701.31,0
494,7.35,341.82,9.91,2.03,21.73,0.0,367.46,704.1,0
495,5.46,202.57,7.98,2.67,10.59,0.0,558.29,413.35,0
496,5.47,203.15,7.99,2.67,10.63,0.0,557.5,414.55,0
497,4.87,159.32,7.38,2.87,7.12,0.0,617.57,323.04,0
498,7.2,330.73,9.76,2.08,20.84,0.0,382.66,680.95,0
499,5.08,174.95,7.6,2.8,8.38,0.0,596.14,355.68,0
500,6.14,252.4,8.67,2.44,14.57,0.0,490.0,517.4,0
501,5.57,211.03,8.1,2.63,11.26,0.0,546.7,431.01,0
502,7.37,343.52,9.94,2.02,21.87,0.0,365.15,707.64,0
503,4.72,148.07,7.22,2.93,6.22,0.0,632.98,299.55,0
504,4.93,163.47,7.44,2.85,7.46,0.0,611.88,331.7,0
505,5.14,179.1,7.65,2.78,8.71,0.0,590.45,364.35,0
506,5.33,193.06,7.85,2.72,9.82,0.0,571.33,393.48,0
507,6.04,245.4,8.57,2.48,14.01,0.0,499.6,502.77,0
508,5.56,209.89,8.08,2.64,11.17,0.0,548.26,428.64,0
509,6.33,266.46,8.87,2.38,15.7,0.0,470.74,546.75,0
510,4.61,139.92,7.11,2.96,5.57,0.0,644.14,282.55,0
511,6.62,288.11,9.17,2.28,17.43,0.0,441.08,591.94,0
512,7.03,318.19,9.59,2.14,19.84,0.0,399.85,654.76,0
513,6.93,310.6,9.48,2.17,19.23,0.0,410.25,638.91,0
514,5.3,190.7,7.82,2.73,9.64,0.0,574.56,388.56,0
515,6.09,248.73,8.62,2.46,14.28,0.0,495.03,509.74,0
516,7.4,345.46,9.96,2.01,22.02,0.0,362.48,711.7,0
517,4.73,149.23,7.24,2.92,6.32,0.0,631.39,301.97,0
518,6.8,301.46,9.35,2.22,18.5,0.0,422.78,619.83,0
519,6.78,299.99,9.33,2.22,18.38,0.0,424.8,616.75,0
520,5.61,213.53,8.13,2.62,11.46,0.0,543.27,436.23,0
521,4.7,147.0,7.21,2.93,6.14,0.0,634.45,297.32,0
522,5.03,171.13,7.54,2.82,8.07,0.0,601.38,347.69,0
523,5.14,178.95,7.65,2.78,8.7,0.0,590.66,364.04,0
524,4.8,154.38,7.31,2.9,6.73,0.0,624.33,312.73,0
525,5.48,203.86,8.0,2.67,10.69,0.0,556.53,416.04,0
526,4.92,162.95,7.43,2.86,7.41,0.0,612.59,330.62,0
527,5.48,204.24,8.0,2.67,10.72,0.0,556.0,416.84,0
528,6.98,314.38,9.53,2.16,19.54,0.0,405.07,646.81,0
529,6.84,304.39,9.39,2.2,18.74,0.0,418.77,625.94,0
530,5.8,227.83,8.33,2.56,12.61,0.0,523.68,466.09,0
531,4.98,167.54,7.49,2.84,7.78,0.0,606.3,340.21,0
532,4.85,157.69,7.36,2.88,6.99,0.0,619.8,319.64,0
533,4.55,136.04,7.06,2.98,5.26,0.0,649.46,274.44,0
534,5.89,234.46,8.42,2.53,13.14,0.0,514.59,479.94,0
535,5.65,216.45,8.17,2.61,11.7,0.0,539.28,442.32,0
536,4.66,143.54,7.16,2.95,5.86,0.0,639.19,290.09,0
537,6.39,271.42,8.94,2.35,16.1,0.0,463.95,557.1,0
538,6.6,286.73,9.15,2.28,17.32,0.0,442.96,589.08,0
539,6.29,264.11,8.83,2.39,15.51,0.0,473.95,541.85,0
540,4.58,137.78,7.08,2.97,5.4,0.0,647.07,278.08,0
541,5.13,178.26,7.64,2.79,8.64,0.0,591.61,362.59,0
542,6.8,301.25,9.35,2.22,18.48,0.0,423.06,619.39,0
543,7.01,316.82,9.57,2.14,19.73,0.0,401.72,651.91,0
544,5.11,176.55,7.62,2.79,8.5,0.0,593.95,359.02,0
545,6.3,264.44,8.84,2.39,15.54,0.0,473.51,542.52,0
546,4.88,160.18,7.39,2.87,7.19,0.0,616.39,324.83,0
547,6.87,306.27,9.42,2.19,18.89,0.0,416.18,629.88,0
548,6.65,290.45,9.2,2.27,17.62,0.0,437.86,596.84,0
549,7.37,343.45,9.94,2.02,21.86,0.0,365.24,707.49,0
550,7.36,342.61,9.93,2.02,21.8,0.0,366.38,705.75,0
551,5.65,216.45,8.17,2.61,11.7,0.0,539.27,442.33,0
552,6.41,272.39,8.95,2.35,16.17,0.0,462.61,559.14,0
553,5.64,215.82,8.16,2.61,11.65,0.0,540.14,441.01,0
554,4.91,162.33,7.42,2.86,7.37,0.0,613.44,329.33,0
555,7.3,337.86,9.86,2.05,21.42,0.0,372.89,695.84,0
556,5.3,190.82,7.82,2.73,9.65,0.0,574.39,388.82,0
557,7.41,346.32,9.98,2.01,22.09,0.0,361.3,713.5,0
558,6.47,276.92,9.01,2.33,16.54,0.0,456.4,568.6,0
559,5.62,214.4,8.14,2.62,11.53,0.0,542.08,438.05,0
560,6.18,255.58,8.72,2.43,14.83,0.0,485.65,524.03,0
561,5.26,187.89,7.78,2.74,9.41,0.0,578.4,382.71,0
562,5.02,170.5,7.53,2.82,8.02,0.0,602.24,346.4,0
563,5.23,186.02,7.75,2.75,9.26,0.0,580.97,378.79,0
564,4.51,132.4,7.01,3.0,4.97,0.0,654.46,266.83,0
565,4.66,143.94,7.17,2.94,5.89,0.0,638.63,290.94,0
566,5.72,221.68,8.25,2.58,12.12,0.0,532.1,453.26,0
567,6.61,287.52,9.16,2.28,17.39,0.0,441.88,590.72,0
568,7.34,341.09,9.9,2.03,21.67,0.0,368.47,702.58,0
569,5.44,201.42,7.96,2.68,10.49,0.0,559.87,410.95,0
570,5.0,169.11,7.52,2.83,7.91,0.0,604.14,343.49,0
571,6.48,278.1,9.03,2.32,16.63,0.0,454.78,571.06,0
572,6.92,310.36,9.48,2.17,19.21,0.0,410.57,638.42,0
573,6.96,312.91,9.51,2.16,19.42,0.0,407.08,643.74,0
574,6.51,279.84,9.05,2.32,16.77,0.0,452.4,574.69,0
575,5.39,197.34,7.91,2.7,10.17,0.0,565.46,402.42,0
576,6.29,263.79,8.83,2.39,15.49,0.0,474.4,541.17,0
577,4.71,147.78,7.22,2.93,6.2,0.0,633.37,298.96,0
578,7.41,346.19,9.97,2.01,22.08,0.0,361.47,713.23,0
579,6.64,289.6,9.19,2.27,17.55,0.0,439.03,595.06,0
580,6.46,276.22,9.0,2.33,16.48,0.0,457.37,567.12,0
581,5.42,199.88,7.94,2.69,10.37,0.0,561.98,407.73,0
582,4.65,142.88,7.15,2.95,5.81,0.0,640.09,288.72,0
583,7.34,341.0,9.9,2.03,21.67,0.0,368.59,702.38,0
584,6.26,261.83,8.8,2.4,15.33,0.0,477.09,537.07,0
585,7.28,336.5,9.84,2.05,21.31,0.0,374.76,692.98,0
586,5.55,209.44,8.08,2.64,11.14,0.0,548.88,427.69,0
587,7.31,338.82,9.87,2.04,21.49,0.0,371.59,697.82,0
588,6.98,314.28,9.53,2.16,19.53,0.0,405.21,646.59,0
589,5.35,194.49,7.87,2.71,9.94,0.0,569.37,396.47,0
590,5.86,231.86,8.39,2.54,12.93,0.0,518.15,474.51,0
591,6.05,246.0,8.58,2.47,14.06,0.0,498.77,504.04,0
592,5.56,210.23,8.09,2.64,11.2,0.0,547.8,429.34,0
593,6.6,286.55,9.15,2.28,17.31,0.0,443.21,588.7,0
594,5.25,186.95,7.76,2.75,9.34,0.0,579.7,380.73,0
595,5.86,231.99,8.39,2.54,12.94,0.0,517.98,474.78,0
596,4.58,137.9,7.08,2.97,5.41,0.0,646.92,278.31,0
597,5.76,224.91,8.29,2.57,12.37,0.0,527.68,459.99,0
598,7.28,336.61,9.84,2.05,21.31,0.0,374.61,693.22,0
599,5.62,214.34,8.14,2.62,11.53,0.0,542.16,437.92,0
600,5.78,226.59,8.31,2.56,12.51,0.0,525.38,463.5,0
601,7.43,347.45,9.99,2.0,22.18,0.0,359.75,715.85,0
602,5.63,215.47,8.16,2.61,11.62,0.0,540.61,440.29,0
603,6.62,287.98,9.17,2.28,17.42,0.0,441.25,591.68,0
604,6.0,242.42,8.53,2.49,13.78,0.0,503.69,496.55,0
605,6.5,279.25,9.05,2.32,16.72,0.0,453.22,573.45,0
606,5.8,227.68,8.33,2.56,12.6,0.0,523.88,465.77,0
607,5.04,171.55,7.55,2.82,8.1,0.0,600.8,348.58,0
608,6.53,281.2,9.07,2.31,16.88,0.0,450.55,577.51,0
609,5.75,224.34,8.28,2.57,12.33,0.0,528.46,458.8,0
610,4.99,168.04,7.5,2.83,7.82,0.0,605.61,341.25,0
611,5.78,226.24,8.31,2.56,12.48,0.0,525.86,462.77,0
612,6.22,258.73,8.76,2.41,15.08,0.0,481.34,530.6,0
613,4.82,155.61,7.33,2.89,6.83,0.0,622.64,315.3,0
614,5.93,237.01,8.46,2.51,13.34,0.0,511.1,485.25,0
615,5.64,216.09,8.17,2.61,11.67,0.0,539.76,441.58,0
616,6.65,290.47,9.2,2.27,17.62,0.0,437.84,596.88,0
617,6.96,312.92,9.51,2.16,19.42,0.0,407.07,643.76,0
618,5.13,178.67,7.65,2.78,8.67,0.0,591.05,363.44,0
619,7.37,343.3,9.93,2.02,21.85,0.0,365.44,707.19,0
620,6.25,260.61,8.79,2.4,15.23,0.0,478.75,534.54,0
621,7.25,334.58,9.81,2.06,21.15,0.0,377.38,688.99,0
622,5.91,236.06,8.45,2.52,13.27,0.0,512.39,483.28,0
623,7.19,330.34,9.75,2.08,20.81,0.0,383.2,680.13,0
624,6.18,255.86,8.72,2.43,14.85,0.0,485.27,524.61,0
625,7.0,315.86,9.55,2.15,19.65,0.0,403.05,649.88,0
626,7.02,317.41,9.58,2.14,19.78,0.0,400.91,653.14,0
627,4.92,163.08,7.43,2.86,7.42,0.0,612.41,330.89,0
628,5.31,191.8,7.83,2.72,9.72,0.0,573.05,390.86,0
629,6.98,314.51,9.53,2.16,19.55,0.0,404.89,647.07,0
630,6.3,264.36,8.84,2.39,15.53,0.0,473.61,542.37,0
631,5.06,173.18,7.57,2.81,8.23,0.0,598.57,351.97,0
632,6.01,243.48,8.55,2.48,13.86,0.0,502.23,498.76,0
633,6.52,280.68,9.06,2.31,16.84,0.0,451.25,576.44,0
634,4.54,135.23,7.04,2.99,5.2,0.0,650.57,272.74,0
635,6.88,306.91,9.43,2.19,18.94,0.0,415.31,631.2,0
636,6.85,304.8,9.4,2.2,18.77,0.0,418.21,626.79,0
637,7.22,331.97,9.78,2.07,20.94,0.0,380.97,683.53,0
638,6.63,288.71,9.18,2.27,17.48,0.0,440.25,593.2,0
639,5.7,220.27,8.23,2.59,12.0,0.0,534.03,450.31,0
640,6.54,282.35,9.09,2.3,16.97,0.0,448.96,579.93,0
641,6.89,307.79,9.44,2.19,19.01,0.0,414.11,633.03,0
642,4.59,138.32,7.09,2.97,5.44,0.0,646.34,279.2,0
643,6.65,290.17,9.2,2.27,17.6,0.0,438.25,596.26,0
644,5.57,210.52,8.09,2.64,11.22,0.0,547.4,429.95,0
645,5.38,197.05,7.9,2.7,10.14,0.0,565.86,401.81,0
646,6.02,243.9,8.55,2.48,13.89,0.0,501.65,499.65,0
647,6.47,277.12,9.02,2.33,16.55,0.0,456.14,569.0,0
648,7.37,343.59,9.94,2.02,21.87,0.0,365.04,707.79,0
649,5.91,235.74,8.44,2.52,13.24,0.0,512.84,482.6,0
650,7.03,318.47,9.59,2.14,19.86,0.0,399.46,655.35,0
651,4.84,156.73,7.34,2.89,6.92,0.0,621.11,317.64,0
652,6.59,285.5,9.13,2.29,17.22,0.0,444.65,586.5,0
653,4.92,163.26,7.43,2.86,7.44,0.0,612.16,331.27,0
654,7.4,345.66,9.97,2.01,22.04,0.0,362.2,712.12,0
655,4.92,162.58,7.42,2.86,7.39,0.0,613.09,329.85,0
656,6.75,297.68,9.3,2.23,18.2,0.0,427.95,611.94,0
657,6.79,300.7,9.34,2.22,18.44,0.0,423.82,618.23,0
658,5.69,219.45,8.21,2.6,11.94,0.0,535.16,448.59,0
659,4.79,153.2,7.29,2.9,6.63,0.0,625.95,310.26,0
660,6.69,292.94,9.24,2.25,17.82,0.0,434.45,602.04,0
661,6.33,266.76,8.87,2.38,15.72,0.0,470.33,547.37,0
662,5.14,178.78,7.65,2.78,8.68,0.0,590.9,363.67,0
663,5.31,191.97,7.83,2.72,9.74,0.0,572.82,391.22,0
664,5.52,206.78,8.04,2.65,10.92,0.0,552.53,422.13,0
665,6.96,313.38,9.52,2.16,19.46,0.0,406.44,644.72,0
666,7.25,334.49,9.81,2.06,21.14,0.0,377.52,688.78,0
667,5.47,203.33,7.99,2.67,10.65,0.0,557.25,414.94,0
668,4.7,146.45,7.2,2.93,6.09,0.0,635.2,296.17,0
669,6.55,282.78,9.09,2.3,17.01,0.0,448.38,580.82,0
670,6.32,266.36,8.87,2.38,15.69,0.0,470.88,546.53,0
671,4.92,163.05,7.43,2.86,7.42,0.0,612.45,330.83,0
672,6.41,272.71,8.95,2.35,16.2,0.0,462.17,559.81,0
673,6.1,249.52,8.63,2.46,14.34,0.0,493.96,511.38,0
674,6.5,279.1,9.04,2.32,16.71,0.0,453.42,573.13,0
675,4.64,142.13,7.14,2.95,5.75,0.0,641.12,287.14,0
676,4.82,155.75,7.33,2.89,6.84,0.0,622.46,315.58,0
677,6.71,294.64,9.26,2.25,17.96,0.0,432.12,605.59,0
678,5.48,204.07,8.0,2.67,10.71,0.0,556.23,416.49,0
679,6.75,297.28,9.3,2.23,18.17,0.0,428.51,611.1,0
680,4.74,149.86,7.25,2.92,6.37,0.0,630.52,303.3,0
681,5.53,207.95,8.05,2.65,11.02,0.0,550.92,424.58,0
682,4.61,140.38,7.12,2.96,5.61,0.0,643.52,283.49,0
683,6.46,276.01,9.0,2.33,16.46,0.0,457.65,566.69,0
684,5.81,228.48,8.34,2.55,12.66,0.0,522.78,467.46,0
685,5.26,187.64,7.77,2.74,9.39,0.0,578.75,382.17,0
686,5.56,210.11,8.08,2.64,11.19,0.0,547.96,429.1,0
687,7.17,328.69,9.73,2.09,20.68,0.0,385.46,676.69,0
688,5.28,189.17,7.79,2.74,9.51,0.0,576.66,385.37,0
689,5.53,207.88,8.05,2.65,11.01,0.0,551.01,424.44,0
690,6.68,292.45,9.23,2.26,17.78,0.0,435.13,601.01,0
691,6.04,245.02,8.57,2.48,13.98,0.0,500.12,501.99,0
692,7.24,333.9,9.8,2.07,21.1,0.0,378.32,687.56,0
693,7.43,347.91,10.0,2.0,22.22,0.0,359.13,716.81,0
694,7.35,341.89,9.92,2.03,21.74,0.0,367.37,704.24,0
695,6.26,261.78,8.8,2.4,15.33,0.0,477.15,536.99,0
696,4.64,142.23,7.14,2.95,5.76,0.0,640.98,287.36,0
697,7.05,319.75,9.61,2.13,19.97,0.0,397.71,658.01,0
698,4.96,166.17,7.47,2.84,7.67,0.0,608.17,337.35,0
699,7.07,320.9,9.62,2.13,20.06,0.0,396.13,660.42,0
700,4.97,166.91,7.48,2.84,7.73,0.0,607.16,338.88,0
701,6.5,279.29,9.05,2.32,16.73,0.0,453.16,573.54,0
702,6.9,308.47,9.45,2.18,19.06,0.0,413.18,634.45,0
703,5.21,184.09,7.72,2.76,9.11,0.0,583.61,374.77,0
704,7.22,332.11,9.78,2.07,20.95,0.0,380.78,683.82,0
705,7.23,332.97,9.79,2.07,21.02,0.0,379.6,685.62,0
706,4.53,134.39,7.03,2.99,5.13,0.0,651.72,270.99,0
707,6.24,260.33,8.78,2.41,15.21,0.0,479.15,533.94,0
708,4.85,157.73,7.36,2.88,7.0,0.0,619.74,319.73,0
709,6.13,251.96,8.67,2.44,14.54,0.0,490.61,516.47,0
710,5.44,201.12,7.96,2.68,10.47,0.0,560.28,410.32,0
711,4.8,154.07,7.31,2.9,6.7,0.0,624.75,312.09,0
712,6.46,276.62,9.01,2.33,16.51,0.0,456.81,567.97,0
713,4.55,135.97,7.06,2.98,5.25,0.0,649.56,274.28,0
714,6.19,256.44,8.73,2.42,14.9,0.0,484.47,525.83,0
715,6.5,279.42,9.05,2.32,16.74,0.0,452.98,573.81,0
716,7.04,319.0,9.6,2.13,19.91,0.0,398.74,656.45,0
717,6.2,257.5,8.74,2.42,14.98,0.0,483.02,528.04,0
718,6.93,310.76,9.48,2.17,19.25,0.0,410.03,639.25,0
719,6.5,279.45,9.05,2.32,16.74,0.0,452.94,573.86,0
720,7.12,324.92,9.68,2.11,20.38,0.0,390.63,668.81,0
721,7.23,333.26,9.8,2.07,21.05,0.0,379.2,686.22,0
722,5.1,176.32,7.62,2.79,8.48,0.0,594.27,358.54,0
723,5.98,241.14,8.52,2.49,13.67,0.0,505.44,493.88,0
724,6.27,262.1,8.81,2.4,15.35,0.0,476.71,537.65,0
725,7.34,340.99,9.9,2.03,21.67,0.0,368.61,702.36,0
726,5.06,173.26,7.57,2.81,8.24,0.0,598.46,352.15,0
727,5.5,205.8,8.03,2.66,10.84,0.0,553.86,420.1,0
728,7.36,342.63,9.93,2.02,21.8,0.0,366.36,705.78,0
729,5.15,179.64,7.66,2.78,8.75,0.0,589.71,365.48,0
730,4.87,159.51,7.38,2.87,7.14,0.0,617.3,323.44,0
731,5.84,231.0,8.38,2.54,12.86,0.0,519.33,472.72,0
732,5.16,180.38,7.67,2.78,8.81,0.0,588.7,367.02,0
733,6.35,268.22,8.89,2.37,15.84,0.0,468.32,550.43,0
734,7.36,342.46,9.92,2.03,21.78,0.0,366.59,705.44,0
735,5.25,187.41,7.77,2.74,9.37,0.0,579.07,381.69,0
736,5.87,232.78,8.4,2.53,13.0,0.0,516.9,476.42,0
737,5.75,223.96,8.28,2.57,12.3,0.0,528.98,458.01,0
738,5.46,202.89,7.98,2.67,10.61,0.0,557.86,414.01,0
739,5.79,226.79,8.32,2.56,12.52,0.0,525.1,463.92,0
740,7.35,341.5,9.91,2.03,21.71,0.0,367.91,703.42,0
741,5.21,184.15,7.72,2.76,9.11,0.0,583.54,374.89,0
742,5.18,182.38,7.7,2.77,8.97,0.0,585.96,371.2,0
743,5.73,222.46,8.26,2.58,12.18,0.0,531.04,454.87,0
744,7.25,334.35,9.81,2.06,21.13,0.0,377.71,688.49,0
745,5.25,187.55,7.77,2.74,9.38,0.0,578.87,382.0,0
746,7.15,326.86,9.71,2.1,20.53,0.0,387.97,672.86,0
747,6.02,243.68,8.55,2.48,13.88,0.0,501.96,499.18,0
748,4.71,147.4,7.21,2.93,6.17,0.0,633.9,298.15,0
749,5.59,212.4,8.12,2.63,11.37,0.0,544.82,433.87,0
750,4.77,151.82,7.28,2.91,6.52,0.0,627.83,307.39,0
751,5.3,190.98,7.82,2.73,9.66,0.0,574.18,389.14,0
752,5.43,200.17,7.95,2.68,10.39,0.0,561.59,408.33,0
753,7.09,322.94,9.65,2.12,20.22,0.0,393.35,664.67,0
754,6.1,249.48,8.63,2.46,14.34,0.0,494.01,511.29,0
755,5.11,176.81,7.62,2.79,8.52,0.0,593.6,359.56,0
756,4.56,136.23,7.06,2.98,5.28,0.0,649.2,274.84,0
757,6.62,287.79,9.16,2.28,17.41,0.0,441.51,591.28,0
758,7.01,317.01,9.57,2.14,19.75,0.0,401.47,652.29,0
759,7.3,338.02,9.86,2.05,21.43,0.0,372.68,696.15,0
760,7.22,332.56,9.79,2.07,20.99,0.0,380.16,684.76,0
761,5.63,215.03,8.15,2.62,11.58,0.0,541.21,439.37,0
762,5.6,212.73,8.12,2.63,11.4,0.0,544.37,434.55,0
763,4.84,156.82,7.34,2.89,6.92,0.0,620.98,317.83,0
764,7.08,321.68,9.63,2.12,20.12,0.0,395.07,662.04,0
765,6.14,252.88,8.68,2.44,14.61,0.0,489.35,518.39,0
766,5.15,180.18,7.67,2.78,8.79,0.0,588.97,366.6,0
767,5.02,170.43,7.53,2.82,8.01,0.0,602.34,346.23,0
768,4.81,154.78,7.32,2.89,6.76,0.0,623.78,313.56,0
769,5.71,221.04,8.24,2.59,12.06,0.0,532.98,451.91,0
770,6.7,294.25,9.25,2.25,17.92,0.0,432.66,604.77,0
771,4.55,135.68,7.05,2.98,5.23,0.0,649.95,273.69,0
772,5.51,206.63,8.04,2.65,10.91,0.0,552.73,421.83,0
773,5.54,208.58,8.06,2.65,11.07,0.0,550.06,425.9,0
774,4.66,143.49,7.16,2.95,5.86,0.0,639.25,290.0,0
775,7.05,319.82,9.61,2.13,19.97,0.0,397.62,658.16,0
776,6.42,273.36,8.96,2.35,16.25,0.0,461.28,561.16,0
777,7.32,339.39,9.88,2.04,21.54,0.0,370.8,699.02,0
778,6.69,293.23,9.24,2.25,17.84,0.0,434.05,602.65,0
779,7.42,347.32,9.99,2.0,22.17,0.0,359.94,715.57,0
780,6.19,256.43,8.73,2.42,14.9,0.0,484.49,525.8,0
781,5.99,241.51,8.52,2.49,13.7,0.0,504.93,494.65,0
782,6.62,287.8,9.16,2.28,17.41,0.0,441.49,591.31,0
783,4.67,144.73,7.18,2.94,5.96,0.0,637.56,292.57,0
784,5.32,192.14,7.84,2.72,9.75,0.0,572.59,391.57,0
785,5.61,213.47,8.13,2.62,11.46,0.0,543.36,436.11,0
786,4.5,132.16,7.0,3.0,4.95,0.0,654.78,266.34,0
787,7.28,336.54,9.84,2.05,21.31,0.0,374.71,693.07,0
788,5.3,190.8,7.82,2.73,9.64,0.0,574.43,388.77,0
789,7.26,335.41,9.83,2.06,21.22,0.0,376.25,690.72,0
790,6.17,254.98,8.71,2.43,14.78,0.0,486.47,522.77,0
791,4.78,152.95,7.29,2.9,6.61,0.0,626.28,309.75,0
792,7.16,328.18,9.72,2.09,20.64,0.0,386.16,675.62,0
793,5.61,213.74,8.14,2.62,11.48,0.0,542.98,436.68,0
794,4.51,132.94,7.01,3.0,5.01,0.0,653.71,267.97,0
795,5.54,208.79,8.07,2.64,11.08,0.0,549.77,426.34,0
796,4.73,149.27,7.24,2.92,6.32,0.0,631.33,302.07,0
797,5.42,199.44,7.94,2.69,10.34,0.0,562.58,406.81,0
798,5.87,232.73,8.4,2.53,13.0,0.0,516.97,476.31,0
799,6.1,250.07,8.64,2.45,14.39,0.0,493.21,512.52,0
800,4.55,135.51,7.05,2.98,5.22,0.0,650.19,273.32,0
801,5.45,201.84,7.97,2.68,10.53,0.0,559.3,411.82,0
802,6.92,310.4,9.48,2.17,19.22,0.0,410.53,638.49,0
803,6.33,266.85,8.87,2.38,15.73,0.0,470.21,547.55,0
804,5.18,182.42,7.7,2.77,8.97,0.0,585.91,371.28,0
805,5.33,193.42,7.85,2.72,9.85,0.0,570.83,394.24,0
806,6.53,281.61,9.08,2.31,16.91,0.0,449.98,578.38,0
807,6.9,308.73,9.45,2.18,19.08,0.0,412.81,635.01,0
808,5.58,211.56,8.11,2.63,11.31,0.0,545.97,432.12,0
809,6.68,292.84,9.23,2.26,17.81,0.0,434.59,601.83,0
810,5.13,178.25,7.64,2.79,8.64,0.0,591.62,362.57,0
811,5.59,211.99,8.11,2.63,11.34,0.0,545.39,433.01,0
812,6.02,243.55,8.55,2.48,13.87,0.0,502.13,498.92,0
813,7.15,327.17,9.71,2.1,20.56,0.0,387.55,673.5,0
814,7.05,319.57,9.61,2.13,19.95,0.0,397.95,657.65,0
815,6.27,262.5,8.81,2.4,15.38,0.0,476.17,538.47,0
816,6.22,258.33,8.75,2.42,15.05,0.0,481.88,529.78,0
817,5.43,200.73,7.95,2.68,10.44,0.0,560.81,409.51,0
818,5.23,185.45,7.74,2.75,9.22,0.0,581.75,377.61,0
819,6.08,248.38,8.62,2.46,14.25,0.0,495.51,509.0,0
820,6.04,245.45,8.58,2.47,14.02,0.0,499.53,502.88,0
821,6.1,249.85,8.64,2.45,14.37,0.0,493.5,512.07,0
822,6.09,249.4,8.63,2.46,14.33,0.0,494.12,511.12,0
823,6.67,291.58,9.22,2.26,17.71,0.0,436.32,599.19,0
824,5.7,220.6,8.23,2.59,12.03,0.0,533.59,450.99,0
825,6.23,259.47,8.77,2.41,15.14,0.0,480.32,532.15,0
826,6.77,299.48,9.33,2.22,18.34,0.0,425.49,615.69,0
827,7.28,336.44,9.84,2.05,21.3,0.0,374.85,692.86,0
828,4.66,143.75,7.16,2.95,5.88,0.0,638.9,290.53,0
829,5.18,182.41,7.7,2.77,8.97,0.0,585.92,371.25,0
830,6.96,313.35,9.52,2.16,19.45,0.0,406.49,644.65,0
831,5.58,211.49,8.1,2.63,11.3,0.0,546.07,431.98,0
832,7.41,345.89,9.97,2.01,22.06,0.0,361.89,712.59,0
833,5.67,217.83,8.19,2.6,11.81,0.0,537.38,445.21,0
834,6.11,250.31,8.64,2.45,14.41,0.0,492.87,513.04,0
835,5.09,175.66,7.61,2.8,8.43,0.0,595.17,357.16,0
836,6.64,289.46,9.19,2.27,17.54,0.0,439.22,594.78,0
837,5.85,231.31,8.38,2.54,12.89,0.0,518.91,473.35,0
838,7.22,332.43,9.78,2.07,20.98,0.0,380.34,684.49,0
839,6.86,305.89,9.42,2.19,18.86,0.0,416.7,629.08,0
840,7.23,332.7,9.79,2.07,21.0,0.0,379.97,685.04,0
841,6.57,284.59,9.12,2.29,17.15,0.0,445.89,584.61,0
842,4.79,153.67,7.3,2.9,6.67,0.0,625.3,311.25,0
843,6.76,298.7,9.32,2.23,18.28,0.0,426.55,614.07,0
844,6.67,291.45,9.21,2.26,17.7,0.0,436.49,598.93,0
845,6.7,293.81,9.25,2.25,17.89,0.0,433.27,603.84,0
846,5.73,222.55,8.26,2.58,12.18,0.0,530.92,455.06,0
847,5.83,229.79,8.36,2.55,12.77,0.0,520.99,470.19,0
848,4.52,133.57,7.02,2.99,5.06,0.0,652.85,269.28,0
849,6.35,268.09,8.89,2.37,15.83,0.0,468.5,550.15,0
850,5.67,218.14,8.2,2.6,11.83,0.0,536.95,445.86,0
851,7.32,339.57,9.88,2.04,21.55,0.0,370.56,699.39,0
852,6.28,263.15,8.82,2.39,15.43,0.0,475.28,539.84,0
853,5.71,220.86,8.23,2.59,12.05,0.0,533.23,451.53,0
854,4.72,147.89,7.22,2.93,6.21,0.0,633.23,299.17,0
855,6.01,243.48,8.55,2.48,13.86,0.0,502.23,498.77,0
856,6.63,289.04,9.18,2.27,17.51,0.0,439.8,593.9,0
857,6.54,282.07,9.08,2.31,16.95,0.0,449.35,579.34,0
858,6.3,264.15,8.84,2.39,15.52,0.0,473.9,541.93,0
859,4.51,133.01,7.01,3.0,5.02,0.0,653.62,268.11,0
860,4.71,147.19,7.21,2.93,6.15,0.0,634.19,297.71,0
861,5.2,183.2,7.71,2.76,9.04,0.0,584.83,372.91,0
862,5.34,193.86,7.86,2.71,9.89,0.0,570.23,395.16,0
863,7.11,323.86,9.66,2.11,20.29,0.0,392.08,666.59,0
864,5.3,190.78,7.82,2.73,9.64,0.0,574.45,388.73,0
865,7.13,325.83,9.69,2.1,20.45,0.0,389.38,670.71,0
866,7.1,323.54,9.66,2.11,20.27,0.0,392.52,665.92,0
867,6.11,250.43,8.64,2.45,14.42,0.0,492.7,513.29,0
868,5.51,206.61,8.04,2.65,10.91,0.0,552.75,421.79,0
869,7.1,323.37,9.66,2.11,20.25,0.0,392.75,665.57,0
870,6.93,310.59,9.48,2.17,19.23,0.0,410.27,638.88,0
871,6.12,251.46,8.66,2.45,14.5,0.0,491.3,515.42,0
872,7.1,323.53,9.66,2.11,20.27,0.0,392.53,665.9,0
873,7.39,344.53,9.95,2.02,21.95,0.0,363.76,709.75,0
874,7.31,339.2,9.88,2.04,21.52,0.0,371.06,698.62,0
875,4.99,167.74,7.5,2.83,7.8,0.0,606.02,340.63,0
876,6.61,287.15,9.15,2.28,17.36,0.0,442.38,589.95,0
877,7.05,319.76,9.61,2.13,19.97,0.0,397.7,658.04,0
878,5.6,213.09,8.13,2.62,11.43,0.0,543.88,435.31,0
879,6.89,308.13,9.45,2.18,19.04,0.0,413.64,633.75,0
880,4.69,145.89,7.19,2.94,6.05,0.0,635.96,295.01,0
881,6.36,268.86,8.9,2.37,15.89,0.0,467.45,551.75,0
882,5.58,211.3,8.1,2.63,11.29,0.0,546.33,431.58,0
883,6.36,269.21,8.91,2.36,15.92,0.0,466.98,552.48,0
884,6.12,251.18,8.66,2.45,14.48,0.0,491.68,514.84,0
885,6.08,248.23,8.61,2.46,14.24,0.0,495.72,508.69,0
886,6.57,284.27,9.11,2.3,17.13,0.0,446.33,583.94,0
887,6.46,275.98,9.0,2.33,16.46,0.0,457.69,566.63,0
888,7.43,347.82,10.0,2.0,22.21,0.0,359.25,716.62,0
889,6.46,276.09,9.0,2.33,16.47,0.0,457.54,566.85,0
890,6.6,286.94,9.15,2.28,17.34,0.0,442.67,589.51,0
891,5.46,202.41,7.98,2.67,10.57,0.0,558.51,413.02,0
892,7.38,344.25,9.95,2.02,21.93,0.0,364.14,709.17,0
893,6.06,247.08,8.6,2.47,14.15,0.0,497.3,506.28,0
894,6.44,275.17,8.99,2.34,16.4,0.0,458.81,564.93,0
895,6.8,301.44,9.35,2.22,18.5,0.0,422.8,619.79,0
896,7.19,329.75,9.75,2.08,20.77,0.0,384.01,678.89,0
897,6.03,244.79,8.57,2.48,13.97,0.0,500.44,501.5,0
898,5.08,174.91,7.6,2.8,8.37,0.0,596.2,355.6,0
899,6.36,268.7,8.9,2.37,15.88,0.0,467.68,551.42,0
900,5.33,193.15,7.85,2.72,9.83,0.0,571.2,393.69,0
901,4.96,165.89,7.47,2.84,7.65,0.0,608.55,336.77,0
902,6.56,283.85,9.11,2.3,17.09,0.0,446.91,583.05,0
903,5.48,203.8,8.0,2.67,10.68,0.0,556.61,415.91,0
904,6.14,252.55,8.67,2.44,14.59,0.0,489.8,517.7,0
905,7.03,318.3,9.59,2.14,19.85,0.0,399.7,654.98,0
906,6.59,285.73,9.14,2.29,17.24,0.0,444.34,586.98,0
907,5.05,172.58,7.56,2.81,8.19,0.0,599.38,350.74,0
908,6.75,297.67,9.3,2.23,18.2,0.0,427.97,611.92,0
909,7.35,341.67,9.91,2.03,21.72,0.0,367.68,703.78,0
910,5.71,220.81,8.23,2.59,12.05,0.0,533.3,451.43,0
911,6.5,279.44,9.05,2.32,16.74,0.0,452.95,573.85,0
912,5.32,192.32,7.84,2.72,9.77,0.0,572.34,391.94,0
913,6.43,273.81,8.97,2.34,16.29,0.0,460.67,562.09,0
914,5.12,177.41,7.63,2.79,8.57,0.0,592.77,360.82,0
915,5.87,232.69,8.4,2.53,13.0,0.0,517.02,476.24,0
916,5.73,222.45,8.26,2.58,12.18,0.0,531.05,454.86,0
917,6.66,290.93,9.21,2.26,17.66,0.0,437.2,597.85,0
918,4.59,138.7,7.09,2.97,5.47,0.0,645.82,279.98,0
919,5.08,174.77,7.59,2.8,8.36,0.0,596.39,355.31,0
920,6.88,307.04,9.43,2.19,18.95,0.0,415.13,631.48,0
921,4.98,167.5,7.49,2.84,7.78,0.0,606.35,340.12,0
922,6.24,259.75,8.77,2.41,15.16,0.0,479.94,532.73,0
923,5.31,191.48,7.83,2.72,9.7,0.0,573.49,390.19,0
924,6.59,285.74,9.14,2.29,17.24,0.0,444.32,587.0,0
925,5.34,193.6,7.86,2.71,9.87,0.0,570.58,394.62,0
926,7.08,322.26,9.64,2.12,20.17,0.0,394.28,663.25,0
927,5.15,179.57,7.66,2.78,8.75,0.0,589.81,365.33,0
928,7.09,322.61,9.65,2.12,20.19,0.0,393.79,663.98,0
929,5.08,174.35,7.59,2.8,8.33,0.0,596.96,354.43,0
930,7.33,340.1,9.89,2.04,21.59,0.0,369.82,700.51,0
931,6.6,286.5,9.15,2.28,17.3,0.0,443.28,588.58,0
932,6.06,247.21,8.6,2.47,14.16,0.0,497.11,506.56,0
933,4.68,145.45,7.19,2.94,6.01,0.0,636.57,294.08,0
934,6.9,308.58,9.45,2.18,19.07,0.0,413.01,634.7,0
935,6.39,271.4,8.94,2.35,16.1,0.0,463.97,557.06,0
936,6.87,306.76,9.43,2.19,18.93,0.0,415.52,630.89,0
937,7.22,331.97,9.78,2.07,20.94,0.0,380.96,683.54,0
938,4.65,143.14,7.15,2.95,5.83,0.0,639.73,289.27,0
939,6.81,302.05,9.36,2.21,18.55,0.0,421.96,621.07,0
940,5.71,220.84,8.23,2.59,12.05,0.0,533.26,451.49,0
941,6.69,292.95,9.24,2.25,17.82,0.0,434.43,602.07,0
942,7.23,333.09,9.79,2.07,21.03,0.0,379.44,685.86,0
943,5.19,182.91,7.71,2.76,9.01,0.0,585.23,372.31,0
944,5.22,184.91,7.73,2.76,9.17,0.0,582.5,376.47,0
945,5.73,222.43,8.26,2.58,12.18,0.0,531.08,454.8,0
946,4.97,166.53,7.48,2.84,7.7,0.0,607.69,338.09,0
947,5.38,196.49,7.9,2.7,10.1,0.0,566.63,400.64,0
948,5.33,193.01,7.85,2.72,9.82,0.0,571.4,393.38,0
949,4.95,165.48,7.47,2.84,7.62,0.0,609.12,335.91,0
950,4.94,164.37,7.45,2.85,7.53,0.0,610.64,333.6,0
951,7.27,336.28,9.84,2.05,21.29,0.0,375.05,692.54,0
952,6.09,249.15,8.63,2.46,14.31,0.0,494.46,510.61,0
953,6.9,308.73,9.45,2.18,19.08,0.0,412.82,635.0,0
954,6.85,305.05,9.4,2.2,18.79,0.0,417.86,627.32,0
955,6.91,309.72,9.47,2.18,19.16,0.0,411.46,637.08,0
956,5.44,201.28,7.96,2.68,10.48,0.0,560.06,410.66,0
957,5.96,239.68,8.5,2.5,13.56,0.0,507.44,490.82,0
958,5.92,236.66,8.45,2.52,13.31,0.0,511.58,484.52,0
959,5.52,206.93,8.04,2.65,10.94,0.0,552.31,422.46,0
960,5.41,199.08,7.93,2.69,10.31,0.0,563.08,406.05,0
961,7.3,338.28,9.87,2.04,21.45,0.0,372.31,696.72,0
962,5.06,173.11,7.57,2.81,8.23,0.0,598.66,351.84,0
963,7.22,331.96,9.78,2.07,20.94,0.0,380.98,683.51,0
964,5.22,185.37,7.74,2.75,9.21,0.0,581.86,377.44,0
965,5.04,171.45,7.55,2.82,8.09,0.0,600.94,348.37,0
966,7.33,340.67,9.9,2.03,21.64,0.0,369.04,701.7,0
967,5.6,212.94,8.12,2.63,11.42,0.0,544.08,435.0,0
968,4.8,154.17,7.31,2.9,6.71,0.0,624.62,312.28,0
969,6.08,248.25,8.61,2.46,14.24,0.0,495.7,508.72,0
970,5.55,209.24,8.07,2.64,11.12,0.0,549.15,427.28,0
971,5.39,197.27,7.91,2.7,10.16,0.0,565.56,402.28,0
972,6.02,244.17,8.56,2.48,13.92,0.0,501.29,500.2,0
973,5.74,223.56,8.27,2.58,12.27,0.0,529.52,457.18,0
974,6.54,281.82,9.08,2.31,16.93,0.0,449.69,578.83,0
975,6.86,305.61,9.41,2.2,18.83,0.0,417.09,628.49,0
976,5.38,196.65,7.9,2.7,10.11,0.0,566.4,400.99,0
977,4.94,164.28,7.45,2.85,7.52,0.0,610.76,333.41,0
978,6.76,298.61,9.31,2.23,18.27,0.0,426.68,613.89,0
979,6.8,301.36,9.35,2.22,18.49,0.0,422.92,619.61,0
980,6.13,252.09,8.67,2.44,14.55,0.0,490.44,516.73,0
981,5.92,236.67,8.45,2.52,13.32,0.0,511.56,484.55,0
982,7.37,343.48,9.94,2.02,21.86,0.0,365.19,707.56,0
983,5.87,233.05,8.4,2.53,13.03,0.0,516.52,477.0,0
984,6.77,299.12,9.32,2.23,18.31,0.0,425.98,614.94,0
985,6.78,299.99,9.33,2.22,18.38,0.0,424.79,616.76,0
986,5.4,198.63,7.93,2.69,10.27,0.0,563.7,405.11,0
987,6.91,309.67,9.47,2.18,19.16,0.0,411.53,636.96,0
988,5.35,194.78,7.87,2.71,9.96,0.0,568.96,397.09,0
989,6.1,250.08,8.64,2.45,14.39,0.0,493.18,512.56,0
990,4.51,132.99,7.01,3.0,5.02,0.0,653.64,268.07,0
991,7.29,337.75,9.86,2.05,21.41,0.0,373.05,695.59,0
992,6.38,270.15,8.92,2.36,15.99,0.0,465.69,554.45,0
993,5.28,189.39,7.8,2.73,9.53,0.0,576.35,385.83,0
994,4.61,139.97,7.11,2.96,5.58,0.0,644.08,282.63,0
995,5.68,218.68,8.2,2.6,11.88,0.0,536.22,446.98,0
996,7.18,329.47,9.74,2.09,20.74,0.0,384.39,678.31,0
997,5.81,228.65,8.34,2.55,12.67,0.0,522.55,467.8,0
998,5.71,221.4,8.24,2.59,12.09,0.0,532.49,452.66,0
999,5.2,183.6,7.72,2.76,9.07,0.0,584.28,373.75,0
1000,4.61,140.33,7.12,2.96,5.6,0.0,643.58,283.4,0
1001,7.03,318.54,9.59,2.14,19.87,0.0,399.37,655.49,0
1002,5.07,173.76,7.58,2.81,8.28,0.0,597.77,353.19,0
1003,6.34,267.13,8.88,2.37,15.75,0.0,469.82,548.16,0
1004,5.72,222.11,8.25,2.58,12.15,0.0,531.52,454.14,0
1005,5.54,208.75,8.07,2.64,11.08,0.0,549.83,426.24,0
1006,6.65,290.58,9.2,2.27,17.63,0.0,437.69,597.11,0
1007,5.04,171.56,7.55,2.82,8.1,0.0,600.79,348.6,0
1008,6.68,292.72,9.23,2.26,17.8,0.0,434.75,601.58,0
1009,4.78,152.71,7.29,2.9,6.6,0.0,626.62,309.24,0
1010,6.62,287.91,9.17,2.28,17.42,0.0,441.35,591.53,0
1011,6.52,280.97,9.07,2.31,16.86,0.0,450.86,577.04,0
1012,7.27,336.16,9.84,2.05,21.28,0.0,375.23,692.27,0
1013,4.82,155.24,7.32,2.89,6.8,0.0,623.15,314.52,0
1014,6.55,283.17,9.1,2.3,17.04,0.0,447.83,581.65,0
1015,4.75,150.72,7.26,2.91,6.44,0.0,629.35,305.08,0
1016,5.16,180.34,7.67,2.78,8.81,0.0,588.76,366.92,0
1017,7.33,340.05,9.89,2.04,21.59,0.0,369.89,700.4,0
1018,7.19,330.22,9.75,2.08,20.8,0.0,383.37,679.88,0
1019,5.71,221.15,8.24,2.59,12.07,0.0,532.83,452.14,0
1020,5.44,201.54,7.97,2.68,10.5,0.0,559.7,411.2,0
1021,4.81,154.52,7.31,2.9,6.74,0.0,624.14,313.02,0
1022,4.71,147.64,7.22,2.93,6.19,0.0,633.57,298.65,0
1023,5.13,178.41,7.64,2.79,8.65,0.0,591.39,362.91,0
1024,5.45,201.68,7.97,2.68,10.52,0.0,559.51,411.5,0
1025,5.48,204.15,8.0,2.67,10.71,0.0,556.12,416.65,0
1026,7.35,342.05,9.92,2.03,21.75,0.0,367.16,704.57,0
1027,7.4,345.78,9.97,2.01,22.05,0.0,362.04,712.37,0
1028,5.22,185.0,7.74,2.75,9.18,0.0,582.37,376.67,0
1029,6.5,279.43,9.05,2.32,16.74,0.0,452.97,573.83,0
1030,4.53,134.17,7.03,2.99,5.11,0.0,652.03,270.52,0
1031,4.84,156.71,7.34,2.89,6.92,0.0,621.14,317.59,0
1032,5.3,191.11,7.82,2.73,9.67,0.0,574.0,389.42,0
1033,6.57,284.66,9.12,2.29,17.16,0.0,445.8,584.75,0
1034,5.45,201.74,7.97,2.68,10.52,0.0,559.43,411.62,0
1035,6.81,302.04,9.36,2.21,18.55,0.0,421.98,621.04,0
1036,5.99,241.35,8.52,2.49,13.69,0.0,505.15,494.32,0
1037,6.74,296.88,9.29,2.24,18.13,0.0,429.06,610.26,0
1038,6.11,250.5,8.65,2.45,14.42,0.0,492.61,513.43,0
1039,4.55,135.53,7.05,2.98,5.22,0.0,650.17,273.36,0
1040,6.49,278.55,9.04,2.32,16.67,0.0,454.17,571.99,0
1041,5.36,194.97,7.87,2.71,9.98,0.0,568.71,397.47,0
1042,5.81,228.77,8.34,2.55,12.68,0.0,522.39,468.05,0
1043,5.94,238.22,8.48,2.51,13.44,0.0,509.43,487.79,0
1044,5.42,199.8,7.94,2.69,10.36,0.0,562.09,407.56,0
1045,5.95,238.44,8.48,2.51,13.46,0.0,509.14,488.24,0
1046,7.42,347.06,9.99,2.0,22.15,0.0,360.29,715.03,0
1047,6.52,280.87,9.07,2.31,16.85,0.0,450.99,576.85,0
1048,5.92,236.87,8.46,2.51,13.33,0.0,511.28,484.97,0
1049,5.45,202.2,7.98,2.67,10.56,0.0,558.8,412.58,0
1050,5.03,171.22,7.54,2.82,8.08,0.0,601.26,347.88,0
1051,6.46,276.23,9.0,2.33,16.48,0.0,457.35,567.15,0
1052,6.24,260.25,8.78,2.41,15.2,0.0,479.25,533.78,0
1053,5.04,171.61,7.55,2.82,8.11,0.0,600.72,348.7,0
1054,6.19,256.09,8.72,2.43,14.87,0.0,484.95,525.09,0
1055,6.3,264.42,8.84,2.39,15.54,0.0,473.54,542.48,0
1056,6.64,289.53,9.19,2.27,17.55,0.0,439.13,594.92,0
1057,6.46,276.04,9.0,2.33,16.47,0.0,457.62,566.74,0
1058,5.27,188.38,7.78,2.74,9.45,0.0,577.73,383.73,0
1059,5.41,198.75,7.93,2.69,10.28,0.0,563.53,405.36,0
1060,4.7,146.53,7.2,2.93,6.1,0.0,635.09,296.34,0
1061,7.04,319.15,9.6,2.13,19.92,0.0,398.53,656.77,0
1062,4.81,154.49,7.31,2.9,6.74,0.0,624.17,312.97,0
1063,6.58,285.4,9.13,2.29,17.22,0.0,444.79,586.29,0
1064,6.21,257.86,8.75,2.42,15.01,0.0,482.52,528.8,0
1065,6.64,289.72,9.19,2.27,17.56,0.0,438.87,595.31,0
1066,6.86,306.11,9.42,2.19,18.87,0.0,416.41,629.53,0
1067,6.58,284.99,9.12,2.29,17.18,0.0,445.35,585.44,0
1068,7.04,318.73,9.59,2.14,19.88,0.0,399.1,655.9,0
1069,5.34,193.74,7.86,2.71,9.88,0.0,570.39,394.92,0
1070,5.79,226.91,8.32,2.56,12.53,0.0,524.93,464.18,0
1071,4.67,144.15,7.17,2.94,5.91,0.0,638.35,291.36,0
1072,6.13,252.29,8.67,2.44,14.57,0.0,490.15,517.17,0
1073,5.85,231.51,8.38,2.54,12.9,0.0,518.63,473.78,0
1074,5.46,202.52,7.98,2.67,10.58,0.0,558.36,413.25,0
1075,6.56,283.63,9.11,2.3,17.07,0.0,447.21,582.6,0
1076,4.76,150.8,7.26,2.91,6.44,0.0,629.24,305.26,0
1077,6.79,300.84,9.34,2.22,18.45,0.0,423.63,618.53,0
1078,6.42,273.49,8.97,2.34,16.26,0.0,461.11,561.42,0
1079,5.46,202.94,7.99,2.67,10.62,0.0,557.78,414.13,0
1080,7.05,319.89,9.61,2.13,19.98,0.0,397.52,658.31,0
1081,6.58,285.43,9.13,2.29,17.22,0.0,444.75,586.35,0
1082,5.0,168.46,7.51,2.83,7.86,0.0,605.04,342.12,0
1083,4.62,140.94,7.12,2.96,5.65,0.0,642.75,284.66,0
1084,5.56,210.27,8.09,2.64,11.2,0.0,547.74,429.42,0
1085,5.68,218.9,8.21,2.6,11.89,0.0,535.92,447.44,0
1086,4.94,164.57,7.45,2.85,7.54,0.0,610.37,334.0,0
1087,5.9,235.19,8.43,2.52,13.2,0.0,513.59,481.46,0
1088,4.87,159.0,7.38,2.87,7.1,0.0,618.0,322.38,0
1089,5.76,225.12,8.29,2.57,12.39,0.0,527.4,460.42,0
1090,6.25,261.2,8.79,2.4,15.28,0.0,477.94,535.77,0
1091,6.54,282.04,9.08,2.31,16.95,0.0,449.39,579.28,0
1092,4.87,159.09,7.38,2.87,7.11,0.0,617.88,322.56,0
1093,6.07,247.84,8.61,2.46,14.21,0.0,496.26,507.87,0
1094,7.43,347.69,10.0,2.0,22.2,0.0,359.42,716.35,0
1095,7.13,325.8,9.69,2.1,20.45,0.0,389.43,670.64,0
1096,6.96,313.23,9.52,2.16,19.44,0.0,406.65,644.4,0
1097,6.66,290.98,9.21,2.26,17.66,0.0,437.15,597.93,0
1098,6.24,260.27,8.78,2.41,15.2,0.0,479.23,533.82,0
1099,4.94,164.38,7.45,2.85,7.53,0.0,610.62,333.62,0
1100,7.31,338.85,9.87,2.04,21.49,0.0,371.53,697.9,0
1101,5.72,222.16,8.25,2.58,12.15,0.0,531.45,454.25,0
1102,4.64,142.49,7.15,2.95,5.78,0.0,640.62,287.91,0
1103,7.12,324.92,9.68,2.11,20.38,0.0,390.63,668.81,0
1104,6.2,257.02,8.74,2.42,14.94,0.0,483.67,527.05,0
1105,7.05,319.62,9.61,2.13,19.95,0.0,397.89,657.74,0
1106,7.18,329.0,9.74,2.09,20.71,0.0,385.04,677.32,0
1107,4.77,151.62,7.27,2.91,6.51,0.0,628.12,306.96,0
1108,6.08,248.13,8.61,2.46,14.23,0.0,495.86,508.47,0
1109,4.96,165.54,7.47,2.84,7.62,0.0,609.03,336.04,0
1110,5.65,216.79,8.18,2.61,11.72,0.0,538.81,443.04,0
1111,7.21,331.51,9.77,2.08,20.91,0.0,381.59,682.58,0
1112,4.93,163.31,7.43,2.86,7.44,0.0,612.09,331.38,0
1113,5.13,178.58,7.65,2.78,8.67,0.0,591.16,363.26,0
1114,7.15,326.87,9.71,2.1,20.54,0.0,387.95,672.88,0
1115,5.45,202.29,7.98,2.67,10.56,0.0,558.67,412.77,0
1116,4.94,164.71,7.45,2.85,7.56,0.0,610.17,334.31,0
1117,4.83,156.6,7.34,2.89,6.91,0.0,621.28,317.37,0
1118,4.9,161.29,7.41,2.86,7.28,0.0,614.87,327.15,0
1119,6.97,313.91,9.53,2.16,19.5,0.0,405.72,645.81,0
1120,5.35,194.4,7.87,2.71,9.93,0.0,569.49,396.28,0
1121,4.9,161.22,7.41,2.86,7.28,0.0,614.96,327.01,0
1122,5.91,236.12,8.45,2.52,13.27,0.0,512.32,483.4,0
1123,6.11,250.83,8.65,2.45,14.45,0.0,492.16,514.11,0
1124,6.39,271.05,8.93,2.36,16.07,0.0,464.45,556.33,0
1125,6.08,248.4,8.62,2.46,14.25,0.0,495.49,509.03,0
1126,7.17,328.67,9.73,2.09,20.68,0.0,385.48,676.65,0
1127,6.71,294.8,9.26,2.25,17.97,0.0,431.9,605.92,0
1128,6.63,288.78,9.18,2.27,17.49,0.0,440.15,593.35,0
1129,4.91,162.05,7.42,2.86,7.34,0.0,613.82,328.75,0
1130,4.65,142.7,7.15,2.95,5.79,0.0,640.34,288.33,0
1131,4.65,142.94,7.15,2.95,5.81,0.0,640.01,288.84,0
1132,6.52,281.08,9.07,2.31,16.87,0.0,450.7,577.28,0
1133,4.5,132.31,7.0,3.0,4.96,0.0,654.58,266.65,0
1134,6.27,262.52,8.81,2.4,15.38,0.0,476.14,538.52,0
1135,7.0,315.77,9.55,2.15,19.65,0.0,403.17,649.7,0
1136,5.72,221.54,8.24,2.59,12.1,0.0,532.3,452.95,0
1137,5.77,225.67,8.3,2.57,12.44,0.0,526.63,461.58,0
1138,6.61,287.41,9.16,2.28,17.38,0.0,442.03,590.49,0
1139,5.99,241.59,8.52,2.49,13.71,0.0,504.82,494.81,0
1140,6.08,248.52,8.62,2.46,14.26,0.0,495.33,509.28,0
1141,4.76,151.06,7.26,2.91,6.46,0.0,628.89,305.79,0
1142,6.2,257.15,8.74,2.42,14.95,0.0,483.49,527.32,0
1143,6.51,279.91,9.05,2.32,16.78,0.0,452.31,574.83,0
1144,5.17,181.11,7.68,2.77,8.87,0.0,587.7,368.54,0
1145,7.09,322.56,9.65,2.12,20.19,0.0,393.86,663.89,0
1146,5.04,171.65,7.55,2.82,8.11,0.0,600.67,348.79,0
1147,5.1,176.11,7.61,2.8,8.47,0.0,594.55,358.11,0
1148,5.81,228.75,8.34,2.55,12.68,0.0,522.42,468.0,0
1149,5.51,206.51,8.03,2.66,10.9,0.0,552.89,421.58,0
1150,4.56,136.11,7.06,2.98,5.27,0.0,649.37,274.58,0
1151,7.23,333.03,9.79,2.07,21.03,0.0,379.51,685.75,0
1152,7.15,327.31,9.71,2.1,20.57,0.0,387.35,673.81,0
1153,5.64,216.27,8.17,2.61,11.68,0.0,539.52,441.96,0
1154,6.55,282.72,9.09,2.3,17.0,0.0,448.46,580.7,0
1155,7.12,324.83,9.68,2.11,20.37,0.0,390.76,668.61,0
1156,4.95,165.4,7.46,2.85,7.61,0.0,609.23,335.74,0
1157,5.57,210.68,8.09,2.64,11.24,0.0,547.18,430.29,0
1158,7.35,341.83,9.91,2.03,21.73,0.0,367.45,704.12,0
1159,6.87,306.36,9.42,2.19,18.89,0.0,416.06,630.06,0
1160,5.18,182.03,7.69,2.77,8.94,0.0,586.45,370.45,0
1161,5.2,183.62,7.72,2.76,9.07,0.0,584.26,373.78,0
1162,7.28,337.03,9.85,2.05,21.35,0.0,374.04,694.09,0
1163,4.76,151.21,7.27,2.91,6.48,0.0,628.67,306.12,0
1164,7.14,326.18,9.7,2.1,20.48,0.0,388.9,671.44,0
1165,4.55,136.04,7.06,2.98,5.26,0.0,649.47,274.43,0
1166,5.13,178.09,7.64,2.79,8.63,0.0,591.84,362.23,0
1167,6.59,286.1,9.14,2.29,17.27,0.0,443.82,587.76,0
1168,6.33,266.58,8.87,2.38,15.71,0.0,470.57,547.01,0
1169,7.35,342.11,9.92,2.03,21.75,0.0,367.07,704.7,0
1170,5.19,183.02,7.71,2.76,9.02,0.0,585.08,372.54,0
1171,6.27,262.49,8.81,2.4,15.38,0.0,476.18,538.46,0
1172,5.85,231.26,8.38,2.54,12.88,0.0,518.97,473.26,0
1173,6.26,261.89,8.8,2.4,15.33,0.0,477.0,537.21,0
1174,6.1,249.48,8.63,2.46,14.34,0.0,494.01,511.29,0
1175,5.37,195.87,7.89,2.7,10.05,0.0,567.48,399.35,0
1176,7.43,347.83,10.0,2.0,22.21,0.0,359.24,716.64,0
1177,5.2,183.36,7.71,2.76,9.05,0.0,584.62,373.23,0
1178,7.15,326.91,9.71,2.1,20.54,0.0,387.9,672.97,0
1179,6.61,287.17,9.16,2.28,17.36,0.0,442.37,589.98,0
1180,5.31,191.52,7.83,2.72,9.7,0.0,573.44,390.27,0
1181,7.01,316.7,9.57,2.14,19.72,0.0,401.9,651.64,0
1182,7.1,323.59,9.66,2.11,20.27,0.0,392.45,666.03,0
1183,5.25,187.27,7.77,2.74,9.36,0.0,579.27,381.39,0
1184,5.86,232.2,8.39,2.54,12.96,0.0,517.69,475.21,0
1185,5.8,227.7,8.33,2.56,12.6,0.0,523.86,465.81,0
1186,5.82,229.31,8.35,2.55,12.73,0.0,521.66,469.17,0
1187,6.84,304.0,9.39,2.2,18.7,0.0,419.3,625.13,0
1188,6.4,271.73,8.94,2.35,16.12,0.0,463.52,557.75,0
1189,5.7,220.04,8.22,2.59,11.98,0.0,534.35,449.82,0
1190,4.81,154.78,7.32,2.89,6.76,0.0,623.78,313.57,0
1191,6.72,295.19,9.27,2.24,18.0,0.0,431.37,606.74,0
1192,5.56,209.67,8.08,2.64,11.15,0.0,548.56,428.17,0
1193,4.84,156.67,7.34,2.89,6.91,0.0,621.19,317.51,0
1194,4.89,161.05,7.4,2.87,7.26,0.0,615.19,326.66,0
1195,7.14,326.02,9.69,2.1,20.47,0.0,389.11,671.12,0
1196,6.2,257.27,8.74,2.42,14.96,0.0,483.33,527.56,0
1197,5.82,229.07,8.35,2.55,12.71,0.0,521.98,468.68,0
1198,6.91,309.62,9.47,2.18,19.15,0.0,411.6,636.86,0
1199,4.71,147.17,7.21,2.93,6.15,0.0,634.22,297.67,0
1200,7.21,331.26,9.77,2.08,20.89,0.0,381.95,682.04,0
1201,6.03,244.37,8.56,2.48,13.93,0.0,501.01,500.62,0
1202,5.97,239.96,8.5,2.5,13.58,0.0,507.06,491.41,0
1203,5.1,176.35,7.62,2.79,8.49,0.0,594.22,358.61,0
1204,4.85,157.41,7.35,2.88,6.97,0.0,620.18,319.05,0
1205,6.37,270.02,8.92,2.36,15.99,0.0,465.86,554.19,0
1206,6.45,275.37,8.99,2.34,16.41,0.0,458.53,565.36,0
1207,6.7,294.02,9.25,2.25,17.91,0.0,432.97,604.3,0
1208,6.47,277.39,9.02,2.33,16.57,0.0,455.76,569.58,0
1209,7.1,323.41,9.66,2.11,20.26,0.0,392.69,665.67,0
1210,5.29,190.39,7.81,2.73,9.61,0.0,574.98,387.93,0
1211,7.15,327.29,9.71,2.1,20.57,0.0,387.38,673.76,0
1212,6.01,243.16,8.54,2.49,13.83,0.0,502.67,498.1,0
1213,6.47,277.25,9.02,2.33,16.56,0.0,455.96,569.27,0
1214,6.11,250.49,8.65,2.45,14.42,0.0,492.62,513.41,0
1215,6.16,254.55,8.7,2.43,14.75,0.0,487.07,521.87,0
1216,6.45,275.59,8.99,2.34,16.43,0.0,458.23,565.82,0
1217,6.92,310.06,9.47,2.18,19.19,0.0,410.99,637.79,0
1218,6.87,306.54,9.42,2.19,18.91,0.0,415.82,630.43,0
1219,4.65,143.23,7.16,2.95,5.84,0.0,639.62,289.44,0
1220,4.92,162.9,7.43,2.86,7.41,0.0,612.65,330.52,0
1221,7.27,336.18,9.84,2.05,21.28,0.0,375.19,692.33,0
1222,7.3,338.31,9.87,2.04,21.45,0.0,372.29,696.76,0
1223,7.09,322.6,9.65,2.12,20.19,0.0,393.8,663.98,0
1224,5.74,223.17,8.27,2.58,12.24,0.0,530.06,456.37,0
1225,5.18,182.32,7.7,2.77,8.97,0.0,586.04,371.06,0
1226,5.65,216.73,8.18,2.61,11.72,0.0,538.89,442.92,0
1227,5.94,238.22,8.48,2.51,13.44,0.0,509.44,487.78,0
1228,6.5,279.26,9.05,2.32,16.72,0.0,453.19,573.48,0
1229,7.31,339.06,9.88,2.04,21.51,0.0,371.25,698.33,0
1230,6.31,265.11,8.85,2.38,15.59,0.0,472.58,543.94,0
1231,5.32,192.48,7.84,2.72,9.78,0.0,572.11,392.29,0
1232,6.32,265.89,8.86,2.38,15.65,0.0,471.53,545.55,0
1233,4.72,148.03,7.22,2.93,6.22,0.0,633.04,299.46,0
1234,6.34,267.55,8.88,2.37,15.79,0.0,469.25,549.02,0
1235,5.43,200.35,7.95,2.68,10.41,0.0,561.33,408.72,0
1236,6.24,260.01,8.78,2.41,15.18,0.0,479.58,533.28,0
1237,6.48,277.42,9.02,2.33,16.58,0.0,455.72,569.63,0
1238,5.3,191.16,7.82,2.73,9.67,0.0,573.93,389.53,0
1239,4.88,160.06,7.39,2.87,7.18,0.0,616.55,324.58,0
1240,6.13,271.21,8.14,3.0,16.9,-0.0,465.58,296.24,0
1241,7.21,363.82,8.9,3.0,24.85,-0.0,339.57,316.35,0
1242,7.28,369.9,8.95,3.0,25.38,-0.0,331.3,317.68,0
1243,6.4,294.72,8.33,3.0,18.92,-0.0,433.6,301.34,0
1244,6.91,338.13,8.69,3.0,22.65,-0.0,374.53,310.77,0
1245,6.37,291.99,8.31,3.0,18.68,-0.0,437.3,300.75,0
1246,7.01,346.47,8.76,3.0,23.36,-0.0,363.18,312.59,0
1247,6.63,313.78,8.49,3.0,20.56,-0.0,407.66,305.49,0
1248,7.02,347.09,8.76,3.0,23.42,-0.0,362.34,312.72,0
1249,6.15,272.61,8.15,3.0,17.02,-0.0,463.68,296.54,0
1250,6.7,319.79,8.54,3.0,21.07,-0.0,399.49,306.79,0
1251,6.67,317.73,8.52,3.0,20.89,-0.0,402.28,306.34,0
1252,6.32,287.3,8.27,3.0,18.28,-0.0,443.69,299.73,0
1253,6.44,297.83,8.36,3.0,19.18,-0.0,429.36,302.02,0
1254,7.35,375.23,8.99,3.0,25.83,-0.0,324.05,318.83,0
1255,6.1,269.05,8.12,3.0,16.71,-0.0,468.52,295.77,0
1256,6.68,318.39,8.53,3.0,20.95,-0.0,401.38,306.49,0
1257,6.73,322.16,8.56,3.0,21.27,-0.0,396.26,307.3,0
1258,7.05,349.57,8.78,3.0,23.63,-0.0,358.97,313.26,0
1259,6.34,289.43,8.29,3.0,18.46,-0.0,440.79,300.2,0
1260,6.7,320.15,8.54,3.0,21.1,-0.0,399.0,306.87,0
1261,6.75,324.46,8.58,3.0,21.47,-0.0,393.13,307.8,0
1262,7.0,346.04,8.75,3.0,23.33,-0.0,363.76,312.49,0
1263,7.07,351.63,8.8,3.0,23.81,-0.0,356.16,313.71,0
1264,6.73,322.8,8.56,3.0,21.33,-0.0,395.38,307.45,0
1265,7.24,366.09,8.92,3.0,25.05,-0.0,336.49,316.85,0
1266,7.08,352.6,8.81,3.0,23.89,-0.0,354.84,313.92,0
1267,6.08,267.25,8.11,3.0,16.56,-0.0,470.98,295.38,0
1268,6.58,309.8,8.46,3.0,20.21,-0.0,413.08,304.62,0
1269,6.86,333.42,8.65,3.0,22.24,-0.0,380.93,309.75,0
1270,6.49,302.15,8.39,3.0,19.56,-0.0,423.48,302.96,0
1271,7.22,364.39,8.9,3.0,24.9,-0.0,338.8,316.48,0
1272,7.14,357.52,8.85,3.0,24.31,-0.0,348.15,314.99,0
1273,6.46,299.6,8.37,3.0,19.34,-0.0,426.96,302.4,0
1274,6.84,331.67,8.64,3.0,22.09,-0.0,383.31,309.37,0
1275,6.53,305.7,8.42,3.0,19.86,-0.0,418.65,303.73,0
1276,6.06,265.26,8.09,3.0,16.39,-0.0,473.68,294.95,0
1277,6.54,306.33,8.43,3.0,19.91,-0.0,417.8,303.87,0
1278,6.6,311.75,8.47,3.0,20.38,-0.0,410.42,305.04,0
1279,6.02,261.53,8.06,3.0,16.07,-0.0,478.76,294.14,0
1280,7.23,365.55,8.91,3.0,25.0,-0.0,337.21,316.73,0
1281,6.64,314.88,8.5,3.0,20.65,-0.0,406.17,305.72,0
1282,6.02,262.24,8.07,3.0,16.13,-0.0,477.79,294.29,0
1283,7.26,367.97,8.93,3.0,25.21,-0.0,333.93,317.26,0
1284,7.01,346.41,8.76,3.0,23.36,-0.0,363.26,312.57,0
1285,6.57,309.01,8.45,3.0,20.14,-0.0,414.16,304.45,0
1286,6.91,337.56,8.68,3.0,22.6,-0.0,375.3,310.65,0
1287,6.28,284.09,8.25,3.0,18.0,-0.0,448.06,299.04,0
1288,7.2,362.69,8.89,3.0,24.76,-0.0,341.11,316.11,0
1289,6.88,335.01,8.66,3.0,22.38,-0.0,378.77,310.1,0
1290,6.39,293.28,8.32,3.0,18.79,-0.0,435.55,301.03,0
1291,6.77,325.93,8.59,3.0,21.6,-0.0,391.13,308.12,0
1292,6.24,280.52,8.22,3.0,17.7,-0.0,452.92,298.26,0
1293,6.28,284.0,8.25,3.0,18.0,-0.0,448.19,299.02,0
1294,6.73,322.62,8.56,3.0,21.31,-0.0,395.63,307.41,0
1295,6.36,290.83,8.3,3.0,18.58,-0.0,438.89,300.5,0
1296,6.56,308.0,8.44,3.0,20.06,-0.0,415.52,304.23,0
1297,6.65,315.84,8.51,3.0,20.73,-0.0,404.86,305.93,0
1298,6.29,285.21,8.26,3.0,18.1,-0.0,446.53,299.28,0
1299,6.09,267.88,8.11,3.0,16.61,-0.0,470.12,295.51,0
1300,6.71,320.79,8.55,3.0,21.16,-0.0,398.13,307.01,0
1301,7.0,345.79,8.75,3.0,23.31,-0.0,364.1,312.44,0
1302,6.02,261.98,8.07,3.0,16.1,-0.0,478.14,294.23,0
1303,7.06,350.48,8.79,3.0,23.71,-0.0,357.73,313.46,0
1304,6.75,323.96,8.57,3.0,21.43,-0.0,393.8,307.7,0
1305,6.78,326.96,8.6,3.0,21.69,-0.0,389.72,308.35,0
1306,7.09,353.05,8.81,3.0,23.93,-0.0,354.23,314.01,0
1307,7.17,359.84,8.87,3.0,24.51,-0.0,344.99,315.49,0
1308,7.22,364.12,8.9,3.0,24.88,-0.0,339.17,316.42,0
1309,6.13,271.05,8.14,3.0,16.88,-0.0,465.8,296.2,0
1310,6.65,315.57,8.5,3.0,20.71,-0.0,405.23,305.87,0
1311,7.06,350.46,8.79,3.0,23.71,-0.0,357.75,313.45,0
1312,6.51,303.76,8.41,3.0,19.69,-0.0,421.29,303.31,0
1313,5.99,259.63,8.05,3.0,15.9,-0.0,481.33,293.72,0
1314,6.47,300.46,8.38,3.0,19.41,-0.0,425.79,302.59,0
1315,7.24,365.95,8.92,3.0,25.04,-0.0,336.67,316.82,0
1316,7.27,369.09,8.94,3.0,25.31,-0.0,332.4,317.5,0
1317,7.07,351.93,8.8,3.0,23.83,-0.0,355.75,313.77,0
1318,7.34,375.12,8.99,3.0,25.82,-0.0,324.2,318.81,0
1319,6.94,340.72,8.71,3.0,22.87,-0.0,371.01,311.34,0
1320,6.41,295.38,8.34,3.0,18.97,-0.0,432.69,301.49,0
1321,6.54,306.18,8.43,3.0,19.9,-0.0,418.0,303.83,0
1322,7.01,346.58,8.76,3.0,23.37,-0.0,363.03,312.61,0
1323,6.27,283.4,8.24,3.0,17.94,-0.0,449.0,298.89,0
1324,6.52,304.61,8.41,3.0,19.77,-0.0,420.14,303.49,0
1325,6.21,277.82,8.2,3.0,17.47,-0.0,456.59,297.67,0
1326,6.44,298.21,8.36,3.0,19.22,-0.0,428.84,302.1,0
1327,6.55,306.79,8.43,3.0,19.95,-0.0,417.17,303.97,0
1328,6.22,279.29,8.21,3.0,17.59,-0.0,454.58,297.99,0
1329,6.1,268.5,8.12,3.0,16.66,-0.0,469.28,295.65,0
1330,7.28,369.7,8.95,3.0,25.36,-0.0,331.58,317.63,0
1331,6.48,301.33,8.39,3.0,19.49,-0.0,424.6,302.78,0
1332,7.03,348.5,8.77,3.0,23.54,-0.0,360.42,313.03,0
1333,6.07,265.84,8.1,3.0,16.44,-0.0,472.9,295.07,0
1334,6.13,271.73,8.15,3.0,16.94,-0.0,464.87,296.35,0
1335,7.13,356.65,8.84,3.0,24.24,-0.0,349.32,314.8,0
1336,7.13,356.84,8.84,3.0,24.26,-0.0,349.06,314.84,0
1337,6.96,342.54,8.73,3.0,23.03,-0.0,368.52,311.73,0
1338,6.55,306.85,8.43,3.0,19.96,-0.0,417.09,303.98,0
1339,6.49,302.35,8.4,3.0,19.57,-0.0,423.21,303.0,0
1340,6.81,329.36,8.62,3.0,21.89,-0.0,386.46,308.87,0
1341,7.26,367.98,8.93,3.0,25.21,-0.0,333.92,317.26,0
1342,6.65,315.46,8.5,3.0,20.7,-0.0,405.37,305.85,0
1343,6.27,283.25,8.24,3.0,17.93,-0.0,449.2,298.85,0
1344,7.1,354.03,8.82,3.0,24.01,-0.0,352.89,314.23,0
1345,7.15,358.53,8.86,3.0,24.4,-0.0,346.78,315.2,0
1346,6.05,264.34,8.08,3.0,16.31,-0.0,474.94,294.75,0
1347,6.82,330.61,8.63,3.0,22.0,-0.0,384.76,309.14,0
1348,6.33,288.5,8.28,3.0,18.38,-0.0,442.06,299.99,0
1349,6.0,260.53,8.05,3.0,15.98,-0.0,480.12,293.92,0
1350,7.0,346.06,8.75,3.0,23.33,-0.0,363.73,312.5,0
1351,7.14,357.85,8.85,3.0,24.34,-0.0,347.7,315.06,0
1352,6.87,334.21,8.66,3.0,22.31,-0.0,379.87,309.92,0
1353,6.49,301.7,8.39,3.0,19.52,-0.0,424.1,302.86,0
1354,6.8,328.57,8.61,3.0,21.83,-0.0,387.54,308.7,0
1355,6.64,314.72,8.5,3.0,20.64,-0.0,406.38,305.69,0
1356,6.52,304.27,8.41,3.0,19.74,-0.0,420.6,303.42,0
1357,5.98,258.2,8.03,3.0,15.78,-0.0,483.28,293.41,0
1358,6.32,287.92,8.28,3.0,18.33,-0.0,442.85,299.87,0
1359,7.29,370.35,8.95,3.0,25.42,-0.0,330.68,317.77,0
1360,6.8,328.46,8.61,3.0,21.82,-0.0,387.69,308.67,0
1361,6.04,263.35,8.08,3.0,16.22,-0.0,476.27,294.53,0
1362,6.7,319.82,8.54,3.0,21.07,-0.0,399.44,306.8,0
1363,7.32,373.28,8.98,3.0,25.67,-0.0,326.7,318.41,0
1364,6.89,336.3,8.67,3.0,22.49,-0.0,377.02,310.38,0
1365,6.27,283.32,8.24,3.0,17.94,-0.0,449.11,298.87,0
1366,6.21,278.06,8.2,3.0,17.49,-0.0,456.26,297.73,0
1367,6.58,309.43,8.45,3.0,20.18,-0.0,413.58,304.54,0
1368,7.33,373.81,8.98,3.0,25.71,-0.0,325.98,318.52,0
1369,7.19,361.72,8.88,3.0,24.67,-0.0,342.43,315.9,0
1370,6.54,306.62,8.43,3.0,19.94,-0.0,417.4,303.93,0
1371,7.25,367.12,8.93,3.0,25.14,-0.0,335.08,317.07,0
1372,6.8,328.47,8.61,3.0,21.82,-0.0,387.67,308.68,0
1373,7.3,371.54,8.96,3.0,25.52,-0.0,329.07,318.03,0
1374,6.12,270.04,8.13,3.0,16.8,-0.0,467.18,295.98,0
1375,6.4,294.17,8.33,3.0,18.87,-0.0,434.34,301.23,0
1376,6.09,267.81,8.11,3.0,16.61,-0.0,470.22,295.5,0
1377,7.19,361.87,8.88,3.0,24.69,-0.0,342.23,315.93,0
1378,6.46,299.43,8.37,3.0,19.32,-0.0,427.18,302.37,0
1379,6.2,277.4,8.19,3.0,17.43,-0.0,457.16,297.58,0
1380,6.84,332.27,8.64,3.0,22.14,-0.0,382.5,309.5,0
1381,6.03,263.01,8.07,3.0,16.19,-0.0,476.74,294.46,0
1382,6.94,340.41,8.71,3.0,22.84,-0.0,371.42,311.27,0
1383,7.22,364.65,8.91,3.0,24.93,-0.0,338.44,316.54,0
1384,7.35,375.4,9.0,3.0,25.85,-0.0,323.81,318.87,0
1385,7.19,361.71,8.88,3.0,24.67,-0.0,342.45,315.9,0
1386,6.33,288.8,8.29,3.0,18.41,-0.0,441.65,300.06,0
1387,6.11,269.92,8.13,3.0,16.79,-0.0,467.34,295.96,0
1388,6.25,281.54,8.23,3.0,17.78,-0.0,451.53,298.48,0
1389,6.11,269.25,8.12,3.0,16.73,-0.0,468.25,295.81,0
1390,6.93,339.52,8.7,3.0,22.77,-0.0,372.63,311.08,0
1391,7.28,369.94,8.95,3.0,25.38,-0.0,331.25,317.68,0
1392,6.16,273.78,8.16,3.0,17.12,-0.0,462.08,296.8,0
1393,7.11,355.42,8.83,3.0,24.13,-0.0,351.0,314.53,0
1394,6.75,324.14,8.57,3.0,21.45,-0.0,393.56,307.74,0
1395,7.25,367.43,8.93,3.0,25.16,-0.0,334.67,317.14,0
1396,6.74,323.14,8.57,3.0,21.36,-0.0,394.92,307.52,0
1397,7.35,375.34,8.99,3.0,25.84,-0.0,323.9,318.86,0
1398,5.94,254.69,8.01,3.0,15.48,-0.0,488.07,292.65,0
1399,6.55,307.14,8.44,3.0,19.99,-0.0,416.69,304.04,0
1400,7.21,363.29,8.9,3.0,24.81,-0.0,340.3,316.24,0
1401,6.47,300.56,8.38,3.0,19.42,-0.0,425.64,302.61,0
1402,5.96,256.97,8.02,3.0,15.67,-0.0,484.96,293.14,0
1403,6.12,270.37,8.13,3.0,16.83,-0.0,466.73,296.06,0
1404,6.04,263.86,8.08,3.0,16.27,-0.0,475.59,294.64,0
1405,7.21,363.58,8.9,3.0,24.83,-0.0,339.9,316.3,0
1406,6.84,331.68,8.64,3.0,22.09,-0.0,383.3,309.37,0
1407,6.4,294.29,8.33,3.0,18.88,-0.0,434.19,301.25,0
1408,6.22,278.62,8.2,3.0,17.53,-0.0,455.51,297.85,0
1409,6.81,329.56,8.62,3.0,21.91,-0.0,386.19,308.91,0
1410,6.74,323.71,8.57,3.0,21.41,-0.0,394.15,307.64,0
1411,6.02,262.23,8.07,3.0,16.13,-0.0,477.8,294.29,0
1412,6.11,270.01,8.13,3.0,16.79,-0.0,467.21,295.98,0
1413,7.15,358.33,8.86,3.0,24.38,-0.0,347.04,315.16,0
1414,5.95,256.15,8.02,3.0,15.6,-0.0,486.07,292.97,0
1415,7.35,375.15,8.99,3.0,25.83,-0.0,324.16,318.82,0
1416,7.05,350.23,8.79,3.0,23.69,-0.0,358.06,313.4,0
1417,6.1,268.92,8.12,3.0,16.7,-0.0,468.7,295.74,0
1418,7.02,347.66,8.77,3.0,23.47,-0.0,361.57,312.84,0
1419,6.55,306.87,8.43,3.0,19.96,-0.0,417.07,303.98,0
1420,6.31,286.49,8.27,3.0,18.21,-0.0,444.79,299.56,0
1421,6.61,312.46,8.48,3.0,20.44,-0.0,409.46,305.2,0
1422,7.3,370.99,8.96,3.0,25.47,-0.0,329.81,317.91,0
1423,6.44,298.22,8.36,3.0,19.22,-0.0,428.83,302.11,0
1424,6.89,336.56,8.68,3.0,22.51,-0.0,376.67,310.43,0
1425,6.71,320.9,8.55,3.0,21.17,-0.0,397.98,307.03,0
1426,6.95,341.07,8.71,3.0,22.9,-0.0,370.53,311.41,0
1427,6.02,261.75,8.06,3.0,16.09,-0.0,478.45,294.18,0
1428,5.94,254.79,8.01,3.0,15.49,-0.0,487.93,292.67,0
1429,7.15,358.44,8.86,3.0,24.39,-0.0,346.89,315.19,0
1430,6.93,339.64,8.7,3.0,22.78,-0.0,372.47,311.1,0
1431,6.11,269.51,8.13,3.0,16.75,-0.0,467.9,295.87,0
1432,6.95,341.12,8.71,3.0,22.9,-0.0,370.46,311.42,0
1433,6.01,260.76,8.06,3.0,16.0,-0.0,479.8,293.97,0
1434,6.65,316.04,8.51,3.0,20.75,-0.0,404.58,305.98,0
1435,6.1,268.63,8.12,3.0,16.68,-0.0,469.09,295.68,0
1436,6.53,305.39,8.42,3.0,19.83,-0.0,419.08,303.66,0
1437,7.22,364.89,8.91,3.0,24.95,-0.0,338.12,316.59,0
1438,6.41,295.52,8.34,3.0,18.99,-0.0,432.51,301.52,0
1439,6.03,262.39,8.07,3.0,16.14,-0.0,477.58,294.32,0
1440,6.23,280.01,8.21,3.0,17.65,-0.0,453.61,298.15,0
1441,6.73,322.62,8.56,3.0,21.31,-0.0,395.63,307.41,0
1442,6.85,332.43,8.64,3.0,22.16,-0.0,382.28,309.54,0
1443,5.97,257.55,8.03,3.0,15.72,-0.0,484.18,293.27,0
1444,7.19,361.76,8.88,3.0,24.68,-0.0,342.37,315.91,0
1445,6.02,261.65,8.06,3.0,16.08,-0.0,478.6,294.16,0
1446,6.26,282.59,8.23,3.0,17.88,-0.0,450.1,298.71,0
1447,7.01,346.11,8.76,3.0,23.33,-0.0,363.66,312.51,0
1448,6.84,332.02,8.64,3.0,22.12,-0.0,382.85,309.45,0
1449,6.5,302.98,8.4,3.0,19.63,-0.0,422.36,303.14,0
1450,6.46,299.35,8.37,3.0,19.32,-0.0,427.3,302.35,0
1451,7.1,354.01,8.82,3.0,24.01,-0.0,352.92,314.22,0
1452,7.2,362.36,8.89,3.0,24.73,-0.0,341.56,316.04,0
1453,6.31,286.59,8.27,3.0,18.22,-0.0,444.65,299.58,0
1454,6.56,307.7,8.44,3.0,20.03,-0.0,415.93,304.17,0
1455,6.62,313.55,8.49,3.0,20.54,-0.0,407.98,305.43,0
1456,6.79,327.53,8.6,3.0,21.74,-0.0,388.95,308.47,0
1457,7.12,355.62,8.83,3.0,24.15,-0.0,350.72,314.57,0
1458,5.93,254.52,8.0,3.0,15.46,-0.0,488.3,292.61,0
1459,6.55,306.99,8.43,3.0,19.97,-0.0,416.9,304.01,0
1460,6.42,295.85,8.34,3.0,19.01,-0.0,432.06,301.59,0
1461,6.52,304.83,8.42,3.0,19.79,-0.0,419.84,303.54,0
1462,7.01,346.42,8.76,3.0,23.36,-0.0,363.25,312.58,0
1463,6.35,289.91,8.29,3.0,18.5,-0.0,440.14,300.3,0
1464,7.23,365.48,8.91,3.0,25.0,-0.0,337.31,316.72,0
1465,6.65,315.71,8.51,3.0,20.72,-0.0,405.04,305.9,0
1466,6.78,327.21,8.6,3.0,21.71,-0.0,389.38,308.4,0
1467,6.64,314.93,8.5,3.0,20.65,-0.0,406.1,305.73,0
1468,6.53,305.56,8.42,3.0,19.85,-0.0,418.84,303.7,0
1469,7.34,374.85,8.99,3.0,25.8,-0.0,324.56,318.75,0
1470,6.99,344.83,8.74,3.0,23.22,-0.0,365.41,312.23,0
1471,6.24,280.73,8.22,3.0,17.72,-0.0,452.62,298.31,0
1472,6.14,272.5,8.15,3.0,17.01,-0.0,463.82,296.52,0
1473,6.74,323.44,8.57,3.0,21.38,-0.0,394.52,307.58,0
1474,6.8,328.88,8.61,3.0,21.85,-0.0,387.11,308.77,0
1475,7.03,348.59,8.78,3.0,23.55,-0.0,360.29,313.05,0
1476,7.01,346.56,8.76,3.0,23.37,-0.0,363.06,312.6,0
1477,6.2,276.99,8.19,3.0,17.39,-0.0,457.71,297.49,0
1478,6.22,279.06,8.21,3.0,17.57,-0.0,454.9,297.94,0
1479,6.59,310.57,8.46,3.0,20.28,-0.0,412.02,304.79,0
1480,6.83,331.14,8.63,3.0,22.05,-0.0,384.04,309.26,0
1481,6.51,303.71,8.41,3.0,19.69,-0.0,421.36,303.3,0
1482,7.16,359.37,8.86,3.0,24.47,-0.0,345.63,315.39,0
1483,6.45,298.93,8.37,3.0,19.28,-0.0,427.87,302.26,0
1484,6.66,317.03,8.52,3.0,20.83,-0.0,403.24,306.19,0
1485,6.01,260.68,8.05,3.0,15.99,-0.0,479.92,293.95,0
1486,6.11,269.96,8.13,3.0,16.79,-0.0,467.29,295.97,0
1487,7.18,360.64,8.87,3.0,24.58,-0.0,343.9,315.66,0
1488,7.3,371.54,8.96,3.0,25.52,-0.0,329.07,318.03,0
1489,7.34,374.59,8.99,3.0,25.78,-0.0,324.91,318.69,0
1490,6.06,265.55,8.09,3.0,16.41,-0.0,473.28,295.01,0
1491,6.51,303.41,8.4,3.0,19.66,-0.0,421.77,303.23,0
1492,6.89,336.65,8.68,3.0,22.52,-0.0,376.54,310.45,0
1493,6.34,289.04,8.29,3.0,18.43,-0.0,441.32,300.11,0
1494,6.93,339.76,8.7,3.0,22.79,-0.0,372.31,311.13,0
1495,6.48,300.9,8.38,3.0,19.45,-0.0,425.19,302.69,0
1496,7.28,369.49,8.95,3.0,25.34,-0.0,331.86,317.59,0
1497,6.78,326.82,8.6,3.0,21.68,-0.0,389.91,308.32,0
1498,6.79,328.13,8.61,3.0,21.79,-0.0,388.14,308.6,0
1499,7.33,374.11,8.98,3.0,25.74,-0.0,325.58,318.59,0
1500,6.99,345.15,8.75,3.0,23.25,-0.0,364.97,312.3,0
1501,6.95,341.73,8.72,3.0,22.96,-0.0,369.63,311.56,0
1502,6.07,266.02,8.1,3.0,16.45,-0.0,472.64,295.11,0
1503,5.99,259.24,8.04,3.0,15.87,-0.0,481.87,293.64,0
1504,6.13,271.53,8.14,3.0,16.92,-0.0,465.15,296.31,0
1505,6.69,318.89,8.53,3.0,20.99,-0.0,400.71,306.59,0
1506,6.63,314.45,8.5,3.0,20.61,-0.0,406.75,305.63,0
1507,6.6,311.87,8.47,3.0,20.39,-0.0,410.25,305.07,0
1508,6.19,276.67,8.19,3.0,17.37,-0.0,458.15,297.42,0
1509,7.31,372.28,8.97,3.0,25.58,-0.0,328.07,318.19,0
1510,7.02,347.23,8.76,3.0,23.43,-0.0,362.14,312.75,0
1511,6.42,296.47,8.35,3.0,19.07,-0.0,431.21,301.73,0
1512,7.27,368.85,8.94,3.0,25.29,-0.0,332.73,317.45,0
1513,6.0,259.84,8.05,3.0,15.92,-0.0,481.05,293.77,0
1514,6.84,331.6,8.64,3.0,22.09,-0.0,383.41,309.36,0
1515,6.03,262.43,8.07,3.0,16.14,-0.0,477.53,294.33,0
1516,7.05,349.71,8.78,3.0,23.64,-0.0,358.77,313.29,0
1517,7.28,369.61,8.95,3.0,25.35,-0.0,331.69,317.61,0
1518,7.03,348.03,8.77,3.0,23.5,-0.0,361.06,312.92,0
1519,6.0,259.85,8.05,3.0,15.92,-0.0,481.04,293.77,0
1520,6.89,336.48,8.68,3.0,22.51,-0.0,376.77,310.42,0
1521,6.98,344.32,8.74,3.0,23.18,-0.0,366.11,312.12,0
1522,7.34,375.02,8.99,3.0,25.82,-0.0,324.34,318.79,0
1523,6.1,268.79,8.12,3.0,16.69,-0.0,468.88,295.71,0
1524,5.94,255.23,8.01,3.0,15.53,-0.0,487.32,292.77,0
1525,6.65,316.03,8.51,3.0,20.75,-0.0,404.59,305.97,0
1526,7.29,370.24,8.95,3.0,25.41,-0.0,330.84,317.75,0
1527,7.31,371.81,8.97,3.0,25.54,-0.0,328.7,318.09,0
1528,6.29,284.84,8.25,3.0,18.07,-0.0,447.04,299.2,0
1529,7.33,374.06,8.98,3.0,25.73,-0.0,325.63,318.58,0
1530,6.5,303.26,8.4,3.0,19.65,-0.0,421.98,303.2,0
1531,6.47,300.24,8.38,3.0,19.39,-0.0,426.08,302.54,0
1532,6.72,321.5,8.55,3.0,21.22,-0.0,397.15,307.16,0
1533,6.94,340.23,8.71,3.0,22.83,-0.0,371.67,311.23,0
1534,6.71,321.09,8.55,3.0,21.18,-0.0,397.72,307.07,0
1535,6.44,297.8,8.36,3.0,19.18,-0.0,429.4,302.01,0
1536,6.65,315.46,8.5,3.0,20.7,-0.0,405.37,305.85,0
1537,6.69,318.85,8.53,3.0,20.99,-0.0,400.76,306.59,0
1538,6.89,336.5,8.68,3.0,22.51,-0.0,376.75,310.42,0
1539,6.75,323.95,8.57,3.0,21.43,-0.0,393.82,307.69,0
1540,6.8,328.59,8.61,3.0,21.83,-0.0,387.51,308.7,0
1541,6.95,340.96,8.71,3.0,22.89,-0.0,370.68,311.39,0
1542,6.55,307.37,8.44,3.0,20.0,-0.0,416.39,304.09,0
1543,6.99,344.79,8.74,3.0,23.22,-0.0,365.47,312.22,0
1544,6.54,306.55,8.43,3.0,19.93,-0.0,417.49,303.92,0
1545,6.1,268.38,8.12,3.0,16.65,-0.0,469.43,295.62,0
1546,6.28,284.32,8.25,3.0,18.02,-0.0,447.74,299.09,0
1547,6.5,302.74,8.4,3.0,19.61,-0.0,422.68,303.09,0
1548,7.33,373.66,8.98,3.0,25.7,-0.0,326.18,318.49,0
1549,6.98,343.9,8.74,3.0,23.14,-0.0,366.67,312.03,0
1550,6.0,260.3,8.05,3.0,15.96,-0.0,480.42,293.87,0
1551,7.27,369.01,8.94,3.0,25.3,-0.0,332.52,317.48,0
1552,6.88,335.17,8.67,3.0,22.39,-0.0,378.55,310.13,0
1553,6.42,296.16,8.35,3.0,19.04,-0.0,431.63,301.66,0
1554,6.43,297.05,8.35,3.0,19.12,-0.0,430.42,301.85,0
1555,6.82,330.47,8.63,3.0,21.99,-0.0,384.95,309.11,0
1556,7.33,373.75,8.98,3.0,25.71,-0.0,326.07,318.51,0
1557,7.01,346.65,8.76,3.0,23.38,-0.0,362.93,312.63,0
1558,6.09,267.66,8.11,3.0,16.59,-0.0,470.41,295.47,0
1559,6.2,277.14,8.19,3.0,17.41,-0.0,457.52,297.53,0
1560,7.17,360.4,8.87,3.0,24.56,-0.0,344.23,315.61,0
1561,6.01,261.17,8.06,3.0,16.03,-0.0,479.25,294.06,0
1562,6.43,297.25,8.35,3.0,19.13,-0.0,430.15,301.89,0
1563,6.93,340.01,8.71,3.0,22.81,-0.0,371.96,311.18,0
1564,6.71,320.66,8.55,3.0,21.15,-0.0,398.3,306.98,0
1565,7.1,354.16,8.82,3.0,24.02,-0.0,352.72,314.26,0
1566,6.36,291.27,8.31,3.0,18.62,-0.0,438.29,300.59,0
1567,7.17,359.97,8.87,3.0,24.52,-0.0,344.81,315.52,0
1568,6.99,344.41,8.74,3.0,23.19,-0.0,365.98,312.14,0
1569,6.99,344.64,8.74,3.0,23.21,-0.0,365.67,312.19,0
1570,6.95,341.06,8.71,3.0,22.9,-0.0,370.54,311.41,0
1571,7.26,368.18,8.94,3.0,25.23,-0.0,333.63,317.3,0
1572,6.94,340.23,8.71,3.0,22.83,-0.0,371.67,311.23,0
1573,6.94,340.88,8.71,3.0,22.88,-0.0,370.78,311.37,0
1574,7.17,359.8,8.87,3.0,24.51,-0.0,345.04,315.48,0
1575,6.49,301.65,8.39,3.0,19.51,-0.0,424.17,302.85,0
1576,6.78,327.13,8.6,3.0,21.7,-0.0,389.5,308.38,0
1577,7.07,351.31,8.8,3.0,23.78,-0.0,356.59,313.64,0
1578,6.9,337.01,8.68,3.0,22.55,-0.0,376.06,310.53,0
1579,6.23,279.91,8.21,3.0,17.65,-0.0,453.74,298.13,0
1580,7.11,354.75,8.83,3.0,24.07,-0.0,351.92,314.38,0
1581,6.19,276.36,8.18,3.0,17.34,-0.0,458.57,297.36,0
1582,6.47,300.5,8.38,3.0,19.41,-0.0,425.74,302.6,0
1583,6.66,316.44,8.51,3.0,20.78,-0.0,404.04,306.06,0
1584,6.15,273.33,8.16,3.0,17.08,-0.0,462.71,296.7,0
1585,6.93,340.0,8.7,3.0,22.81,-0.0,371.98,311.18,0
1586,7.31,372.2,8.97,3.0,25.57,-0.0,328.16,318.18,0
1587,6.2,277.27,8.19,3.0,17.42,-0.0,457.34,297.55,0
1588,6.83,331.42,8.63,3.0,22.07,-0.0,383.65,309.32,0
1589,6.83,331.06,8.63,3.0,22.04,-0.0,384.15,309.24,0
1590,6.21,277.86,8.2,3.0,17.47,-0.0,456.53,297.68,0
1591,7.29,370.53,8.96,3.0,25.43,-0.0,330.45,317.81,0
1592,6.95,341.32,8.72,3.0,22.92,-0.0,370.19,311.47,0
1593,7.25,366.78,8.92,3.0,25.11,-0.0,335.55,317.0,0
1594,6.04,263.89,8.08,3.0,16.27,-0.0,475.55,294.65,0
1595,7.17,360.4,8.87,3.0,24.56,-0.0,344.22,315.61,0
1596,6.24,280.76,8.22,3.0,17.72,-0.0,452.59,298.31,0
1597,6.45,299.03,8.37,3.0,19.29,-0.0,427.72,302.28,0
1598,6.2,277.68,8.19,3.0,17.45,-0.0,456.78,297.64,0
1599,6.79,327.53,8.6,3.0,21.74,-0.0,388.95,308.47,0
1600,6.89,336.59,8.68,3.0,22.51,-0.0,376.62,310.44,0
1601,7.1,353.91,8.82,3.0,24.0,-0.0,353.05,314.2,0
1602,7.06,350.5,8.79,3.0,23.71,-0.0,357.69,313.46,0
1603,6.2,277.47,8.19,3.0,17.44,-0.0,457.06,297.6,0
1604,6.88,335.05,8.66,3.0,22.38,-0.0,378.72,310.1,0
1605,6.76,325.22,8.58,3.0,21.54,-0.0,392.09,307.97,0
1606,6.46,299.5,8.37,3.0,19.33,-0.0,427.09,302.38,0
1607,7.22,364.5,8.91,3.0,24.91,-0.0,338.65,316.5,0
1608,6.93,339.27,8.7,3.0,22.75,-0.0,372.97,311.02,0
1609,6.45,298.4,8.36,3.0,19.23,-0.0,428.58,302.14,0
1610,6.98,343.57,8.73,3.0,23.11,-0.0,367.13,311.96,0
1611,6.84,331.99,8.64,3.0,22.12,-0.0,382.89,309.44,0
1612,6.68,317.94,8.52,3.0,20.91,-0.0,402.0,306.39,0
1613,6.52,304.71,8.42,3.0,19.78,-0.0,420.0,303.51,0
1614,6.6,311.32,8.47,3.0,20.34,-0.0,411.0,304.95,0
1615,6.68,318.6,8.53,3.0,20.97,-0.0,401.11,306.53,0
1616,7.06,350.55,8.79,3.0,23.71,-0.0,357.63,313.47,0
1617,6.23,279.78,8.21,3.0,17.63,-0.0,453.92,298.1,0
1618,7.23,365.7,8.92,3.0,25.02,-0.0,337.02,316.76,0
1619,6.35,290.25,8.3,3.0,18.53,-0.0,439.67,300.37,0
1620,6.77,326.22,8.59,3.0,21.62,-0.0,390.73,308.19,0
1621,6.12,270.36,8.13,3.0,16.82,-0.0,466.74,296.05,0
1622,7.17,360.33,8.87,3.0,24.55,-0.0,344.32,315.6,0
1623,6.55,307.21,8.44,3.0,19.99,-0.0,416.59,304.06,0
1624,6.92,339.2,8.7,3.0,22.74,-0.0,373.07,311.01,0
1625,6.15,272.95,8.16,3.0,17.05,-0.0,463.22,296.62,0
1626,6.57,308.89,8.45,3.0,20.14,-0.0,414.31,304.42,0
1627,5.94,254.79,8.01,3.0,15.49,-0.0,487.92,292.67,0
1628,6.53,305.48,8.42,3.0,19.84,-0.0,418.95,303.68,0
1629,6.66,316.45,8.51,3.0,20.78,-0.0,404.03,306.06,0
1630,5.95,255.98,8.02,3.0,15.59,-0.0,486.3,292.93,0
1631,6.65,315.46,8.5,3.0,20.7,-0.0,405.37,305.85,0
1632,6.04,263.64,8.08,3.0,16.25,-0.0,475.89,294.59,0
1633,7.33,373.58,8.98,3.0,25.69,-0.0,326.29,318.47,0
1634,7.19,361.52,8.88,3.0,24.66,-0.0,342.7,315.86,0
1635,7.12,356.32,8.84,3.0,24.21,-0.0,349.78,314.72,0
1636,6.26,282.54,8.23,3.0,17.87,-0.0,450.17,298.7,0
1637,6.85,332.86,8.65,3.0,22.19,-0.0,381.7,309.63,0
1638,7.23,365.43,8.91,3.0,24.99,-0.0,337.38,316.7,0
1639,5.99,259.1,8.04,3.0,15.86,-0.0,482.06,293.61,0
1640,6.93,340.1,8.71,3.0,22.82,-0.0,371.84,311.2,0
1641,6.14,271.86,8.15,3.0,16.95,-0.0,464.7,296.38,0
1642,6.38,292.35,8.31,3.0,18.71,-0.0,436.82,300.83,0
1643,6.54,306.56,8.43,3.0,19.94,-0.0,417.48,303.92,0
1644,6.33,288.69,8.28,3.0,18.4,-0.0,441.8,300.04,0
1645,7.01,346.12,8.76,3.0,23.33,-0.0,363.65,312.51,0
1646,6.93,339.86,8.7,3.0,22.8,-0.0,372.17,311.15,0
1647,7.26,367.88,8.93,3.0,25.2,-0.0,334.05,317.24,0
1648,7.15,358.26,8.85,3.0,24.38,-0.0,347.13,315.15,0
1649,6.93,340.02,8.71,3.0,22.81,-0.0,371.95,311.18,0
1650,6.86,333.43,8.65,3.0,22.24,-0.0,380.92,309.75,0
1651,6.07,265.75,8.1,3.0,16.43,-0.0,473.01,295.05,0
1652,6.11,269.78,8.13,3.0,16.77,-0.0,467.53,295.93,0
1653,7.3,371.4,8.96,3.0,25.51,-0.0,329.25,318.0,0
1654,6.31,286.71,8.27,3.0,18.23,-0.0,444.5,299.6,0
1655,6.49,301.97,8.39,3.0,19.54,-0.0,423.73,302.92,0
1656,6.37,291.5,8.31,3.0,18.64,-0.0,437.98,300.65,0
1657,7.11,355.14,8.83,3.0,24.11,-0.0,351.38,314.47,0
1658,6.84,331.75,8.64,3.0,22.1,-0.0,383.21,309.39,0
1659,6.11,269.67,8.13,3.0,16.77,-0.0,467.67,295.9,0
1660,6.03,262.73,8.07,3.0,16.17,-0.0,477.13,294.4,0
1661,6.08,266.81,8.1,3.0,16.52,-0.0,471.57,295.28,0
1662,7.25,367.23,8.93,3.0,25.15,-0.0,334.93,317.1,0
1663,6.64,314.77,8.5,3.0,20.64,-0.0,406.31,305.7,0
1664,6.09,267.89,8.11,3.0,16.61,-0.0,470.1,295.52,0
1665,6.67,317.11,8.52,3.0,20.84,-0.0,403.13,306.21,0
1666,6.3,285.83,8.26,3.0,18.15,-0.0,445.69,299.41,0
1667,6.96,342.12,8.72,3.0,22.99,-0.0,369.1,311.64,0
1668,6.26,282.56,8.23,3.0,17.87,-0.0,450.13,298.7,0
1669,6.19,276.69,8.19,3.0,17.37,-0.0,458.13,297.43,0
1670,5.98,258.28,8.04,3.0,15.79,-0.0,483.18,293.43,0
1671,6.28,283.99,8.25,3.0,18.0,-0.0,448.2,299.01,0
1672,6.12,270.28,8.13,3.0,16.82,-0.0,466.85,296.04,0
1673,6.74,323.44,8.57,3.0,21.39,-0.0,394.51,307.58,0
1674,7.3,371.21,8.96,3.0,25.49,-0.0,329.52,317.96,0
1675,6.26,282.67,8.23,3.0,17.88,-0.0,449.99,298.73,0
1676,6.01,261.0,8.06,3.0,16.02,-0.0,479.48,294.02,0
1677,6.53,305.24,8.42,3.0,19.82,-0.0,419.28,303.63,0
1678,6.23,280.26,8.22,3.0,17.68,-0.0,453.27,298.2,0
1679,6.95,341.51,8.72,3.0,22.94,-0.0,369.93,311.51,0
1680,5.99,259.14,8.04,3.0,15.86,-0.0,482.0,293.62,0
1681,6.4,294.32,8.33,3.0,18.88,-0.0,434.13,301.26,0
1682,6.54,306.17,8.43,3.0,19.9,-0.0,418.01,303.83,0
1683,6.31,287.0,8.27,3.0,18.25,-0.0,444.1,299.67,0
1684,6.32,287.4,8.27,3.0,18.29,-0.0,443.55,299.75,0
1685,6.16,273.55,8.16,3.0,17.1,-0.0,462.4,296.75,0
1686,6.12,270.72,8.14,3.0,16.86,-0.0,466.24,296.13,0
1687,7.29,370.47,8.95,3.0,25.43,-0.0,330.52,317.8,0
1688,5.99,259.21,8.04,3.0,15.87,-0.0,481.91,293.63,0
1689,6.97,343.34,8.73,3.0,23.1,-0.0,367.43,311.91,0
1690,7.08,352.78,8.81,3.0,23.91,-0.0,354.59,313.96,0
1691,6.28,284.34,8.25,3.0,18.03,-0.0,447.72,299.09,0
1692,6.38,292.53,8.32,3.0,18.73,-0.0,436.57,300.87,0
1693,6.66,316.7,8.51,3.0,20.81,-0.0,403.69,306.12,0
1694,6.65,315.72,8.51,3.0,20.72,-0.0,405.02,305.91,0
1695,7.21,363.52,8.9,3.0,24.83,-0.0,339.98,316.29,0
1696,7.3,371.64,8.96,3.0,25.53,-0.0,328.93,318.05,0
1697,6.14,272.2,8.15,3.0,16.98,-0.0,464.24,296.45,0
1698,6.8,328.24,8.61,3.0,21.8,-0.0,387.99,308.63,0
1699,6.46,299.28,8.37,3.0,19.31,-0.0,427.4,302.33,0
1700,6.26,282.31,8.23,3.0,17.85,-0.0,450.48,298.65,0
1701,6.36,290.67,8.3,3.0,18.57,-0.0,439.1,300.47,0
1702,6.67,317.19,8.52,3.0,20.85,-0.0,403.02,306.23,0
1703,6.71,320.69,8.55,3.0,21.15,-0.0,398.26,306.99,0
1704,6.32,287.63,8.28,3.0,18.31,-0.0,443.25,299.8,0
1705,6.94,340.33,8.71,3.0,22.84,-0.0,371.54,311.25,0
1706,6.13,271.66,8.14,3.0,16.94,-0.0,464.97,296.34,0
1707,6.53,305.42,8.42,3.0,19.84,-0.0,419.03,303.67,0
1708,6.7,319.68,8.54,3.0,21.06,-0.0,399.63,306.77,0
1709,7.05,350.17,8.79,3.0,23.68,-0.0,358.15,313.39,0
1710,6.13,271.6,8.14,3.0,16.93,-0.0,465.06,296.32,0
1711,6.91,337.84,8.69,3.0,22.62,-0.0,374.93,310.71,0
1712,6.38,292.75,8.32,3.0,18.75,-0.0,436.28,300.92,0
1713,6.43,296.62,8.35,3.0,19.08,-0.0,431.01,301.76,0
1714,6.99,344.89,8.74,3.0,23.23,-0.0,365.33,312.24,0
1715,6.47,300.56,8.38,3.0,19.42,-0.0,425.65,302.61,0
1716,6.02,262.04,8.07,3.0,16.11,-0.0,478.06,294.25,0
1717,7.24,366.29,8.92,3.0,25.07,-0.0,336.21,316.89,0
1718,6.42,296.08,8.34,3.0,19.03,-0.0,431.74,301.64,0
1719,6.15,273.2,8.16,3.0,17.07,-0.0,462.87,296.67,0
1720,5.94,255.44,8.01,3.0,15.54,-0.0,487.04,292.81,0
1721,5.95,256.06,8.02,3.0,15.6,-0.0,486.2,292.95,0
1722,6.9,337.05,8.68,3.0,22.55,-0.0,375.99,310.54,0
1723,6.01,261.15,8.06,3.0,16.03,-0.0,479.28,294.05,0
1724,6.82,330.63,8.63,3.0,22.0,-0.0,384.73,309.15,0
1725,6.16,274.2,8.17,3.0,17.15,-0.0,461.51,296.89,0
1726,6.18,275.37,8.18,3.0,17.26,-0.0,459.92,297.14,0
1727,6.21,277.75,8.19,3.0,17.46,-0.0,456.68,297.66,0
1728,6.94,340.22,8.71,3.0,22.83,-0.0,371.68,311.23,0
1729,6.47,300.23,8.38,3.0,19.39,-0.0,426.1,302.54,0
1730,6.0,259.96,8.05,3.0,15.93,-0.0,480.9,293.79,0
1731,6.93,339.56,8.7,3.0,22.77,-0.0,372.58,311.09,0
1732,6.96,341.84,8.72,3.0,22.97,-0.0,369.48,311.58,0
1733,6.85,333.26,8.65,3.0,22.23,-0.0,381.15,309.72,0
1734,6.26,282.68,8.24,3.0,17.88,-0.0,449.98,298.73,0
1735,6.0,260.27,8.05,3.0,15.96,-0.0,480.47,293.86,0
1736,6.79,327.96,8.61,3.0,21.77,-0.0,388.36,308.57,0
1737,6.61,312.58,8.48,3.0,20.45,-0.0,409.29,305.22,0
1738,5.93,254.4,8.0,3.0,15.45,-0.0,488.45,292.59,0
1739,6.43,297.18,8.35,3.0,19.13,-0.0,430.24,301.88,0
1740,6.4,293.96,8.33,3.0,18.85,-0.0,434.63,301.18,0
1741,6.59,310.55,8.46,3.0,20.28,-0.0,412.06,304.78,0
1742,6.31,286.79,8.27,3.0,18.24,-0.0,444.38,299.62,0
1743,7.12,356.23,8.84,3.0,24.2,-0.0,349.9,314.71,0
1744,6.56,307.7,8.44,3.0,20.03,-0.0,415.93,304.16,0
1745,6.94,340.19,8.71,3.0,22.82,-0.0,371.72,311.22,0
1746,6.03,262.81,8.07,3.0,16.18,-0.0,477.01,294.41,0
1747,7.19,361.63,8.88,3.0,24.67,-0.0,342.56,315.88,0
1748,7.01,346.19,8.76,3.0,23.34,-0.0,363.56,312.53,0
1749,7.31,372.44,8.97,3.0,25.59,-0.0,327.85,318.23,0
1750,7.05,350.17,8.79,3.0,23.68,-0.0,358.15,313.39,0
1751,7.26,368.07,8.94,3.0,25.22,-0.0,333.79,317.28,0
1752,7.14,357.26,8.85,3.0,24.29,-0.0,348.5,314.93,0
1753,6.78,326.55,8.59,3.0,21.65,-0.0,390.28,308.26,0
1754,6.65,315.83,8.51,3.0,20.73,-0.0,404.87,305.93,0
1755,6.13,271.58,8.14,3.0,16.93,-0.0,465.07,296.32,0
1756,5.95,255.91,8.02,3.0,15.58,-0.0,486.4,292.91,0
1757,6.1,268.5,8.12,3.0,16.67,-0.0,469.27,295.65,0
1758,6.37,291.69,8.31,3.0,18.66,-0.0,437.72,300.69,0
1759,7.08,352.59,8.81,3.0,23.89,-0.0,354.86,313.91,0
1760,5.98,258.59,8.04,3.0,15.81,-0.0,482.76,293.5,0
1761,6.42,295.9,8.34,3.0,19.02,-0.0,431.98,301.6,0
1762,6.79,327.78,8.6,3.0,21.76,-0.0,388.62,308.53,0
1763,6.22,279.07,8.21,3.0,17.57,-0.0,454.89,297.94,0
1764,6.13,271.12,8.14,3.0,16.89,-0.0,465.71,296.22,0
1765,6.84,332.3,8.64,3.0,22.15,-0.0,382.47,309.51,0
1766,6.69,319.42,8.54,3.0,21.04,-0.0,399.99,306.71,0
1767,6.2,276.96,8.19,3.0,17.39,-0.0,457.76,297.49,0
1768,6.36,291.23,8.31,3.0,18.62,-0.0,438.35,300.59,0
1769,6.36,291.0,8.3,3.0,18.6,-0.0,438.66,300.54,0
1770,6.44,297.65,8.36,3.0,19.17,-0.0,429.61,301.98,0
1771,7.07,351.81,8.8,3.0,23.82,-0.0,355.91,313.75,0
1772,6.32,287.58,8.28,3.0,18.3,-0.0,443.31,299.79,0
1773,6.69,319.36,8.54,3.0,21.03,-0.0,400.06,306.7,0
1774,6.77,325.7,8.59,3.0,21.58,-0.0,391.44,308.07,0
1775,6.7,320.02,8.54,3.0,21.09,-0.0,399.17,306.84,0
1776,6.12,270.46,8.13,3.0,16.83,-0.0,466.6,296.08,0
1777,7.2,363.06,8.89,3.0,24.79,-0.0,340.61,316.19,0
1778,7.19,362.09,8.89,3.0,24.71,-0.0,341.93,315.98,0
1779,6.66,316.54,8.51,3.0,20.79,-0.0,403.91,306.08,0
1780,7.28,369.51,8.95,3.0,25.34,-0.0,331.83,317.59,0
1781,7.16,359.64,8.87,3.0,24.49,-0.0,345.27,315.45,0
1782,6.75,324.47,8.58,3.0,21.47,-0.0,393.12,307.81,0
1783,6.77,325.78,8.59,3.0,21.59,-0.0,391.33,308.09,0
1784,6.44,297.73,8.36,3.0,19.18,-0.0,429.5,302.0,0
1785,6.69,319.16,8.53,3.0,21.02,-0.0,400.34,306.65,0
1786,5.96,256.92,8.02,3.0,15.67,-0.0,485.02,293.13,0
1787,6.45,298.53,8.37,3.0,19.25,-0.0,428.4,302.17,0
1788,7.14,357.3,8.85,3.0,24.29,-0.0,348.44,314.94,0
1789,6.23,279.6,8.21,3.0,17.62,-0.0,454.17,298.06,0
1790,7.11,355.47,8.83,3.0,24.14,-0.0,350.93,314.54,0
1791,7.1,354.5,8.82,3.0,24.05,-0.0,352.25,314.33,0
1792,7.25,367.01,8.93,3.0,25.13,-0.0,335.23,317.05,0
1793,6.38,292.64,8.32,3.0,18.74,-0.0,436.42,300.89,0
1794,6.43,297.36,8.36,3.0,19.14,-0.0,430.0,301.92,0
1795,6.65,315.81,8.51,3.0,20.73,-0.0,404.89,305.93,0
1796,5.96,256.75,8.02,3.0,15.66,-0.0,485.26,293.1,0
1797,7.12,355.85,8.83,3.0,24.17,-0.0,350.42,314.62,0
1798,7.31,372.04,8.97,3.0,25.56,-0.0,328.39,318.14,0
1799,6.64,314.92,8.5,3.0,20.65,-0.0,406.11,305.73,0
1800,6.22,279.14,8.21,3.0,17.58,-0.0,454.8,297.96,0
1801,7.07,351.5,8.8,3.0,23.8,-0.0,356.34,313.68,0
1802,6.12,270.57,8.14,3.0,16.84,-0.0,466.45,296.1,0
1803,6.42,296.17,8.35,3.0,19.04,-0.0,431.62,301.66,0
1804,6.29,285.29,8.26,3.0,18.11,-0.0,446.43,299.3,0
1805,6.23,279.86,8.21,3.0,17.64,-0.0,453.82,298.12,0
1806,6.91,338.34,8.69,3.0,22.67,-0.0,374.24,310.82,0
1807,6.51,303.69,8.41,3.0,19.69,-0.0,421.39,303.29,0
1808,5.94,254.67,8.01,3.0,15.48,-0.0,488.09,292.65,0
1809,6.09,268.04,8.12,3.0,16.63,-0.0,469.9,295.55,0
1810,6.62,313.21,8.49,3.0,20.51,-0.0,408.44,305.36,0
1811,7.33,374.01,8.98,3.0,25.73,-0.0,325.71,318.57,0
1812,6.99,344.53,8.74,3.0,23.2,-0.0,365.82,312.16,0
1813,6.44,297.97,8.36,3.0,19.2,-0.0,429.17,302.05,0
1814,6.89,336.53,8.68,3.0,22.51,-0.0,376.7,310.43,0
1815,6.59,310.87,8.47,3.0,20.3,-0.0,411.62,304.85,0
1816,5.97,257.95,8.03,3.0,15.76,-0.0,483.62,293.36,0
1817,6.61,312.42,8.48,3.0,20.44,-0.0,409.51,305.19,0
1818,7.3,371.4,8.96,3.0,25.51,-0.0,329.25,318.0,0
1819,6.43,296.83,8.35,3.0,19.1,-0.0,430.72,301.8,0
1820,7.3,370.95,8.96,3.0,25.47,-0.0,329.88,317.9,0
1821,6.94,340.91,8.71,3.0,22.89,-0.0,370.74,311.38,0
1822,7.28,369.21,8.94,3.0,25.32,-0.0,332.24,317.52,0
1823,6.49,302.45,8.4,3.0,19.58,-0.0,423.07,303.02,0
1824,6.51,304.01,8.41,3.0,19.72,-0.0,420.95,303.36,0
1825,7.3,371.53,8.96,3.0,25.52,-0.0,329.08,318.03,0
1826,6.13,271.0,8.14,3.0,16.88,-0.0,465.87,296.19,0
1827,6.48,300.93,8.38,3.0,19.45,-0.0,425.14,302.69,0
1828,6.62,312.93,8.48,3.0,20.48,-0.0,408.81,305.3,0
1829,6.16,274.15,8.17,3.0,17.15,-0.0,461.58,296.88,0
1830,7.06,350.9,8.79,3.0,23.74,-0.0,357.15,313.55,0
1831,7.21,363.37,8.9,3.0,24.82,-0.0,340.19,316.26,0
1832,6.38,292.73,8.32,3.0,18.75,-0.0,436.31,300.91,0
1833,6.54,306.77,8.43,3.0,19.95,-0.0,417.2,303.96,0
1834,7.33,374.19,8.99,3.0,25.75,-0.0,325.46,318.61,0
1835,7.26,367.76,8.93,3.0,25.19,-0.0,334.21,317.21,0
1836,7.17,359.89,8.87,3.0,24.52,-0.0,344.92,315.5,0
1837,7.22,364.85,8.91,3.0,24.94,-0.0,338.17,316.58,0
1838,6.72,321.54,8.55,3.0,21.22,-0.0,397.11,307.17,0
1839,6.77,325.77,8.59,3.0,21.59,-0.0,391.35,308.09,0
1840,6.18,275.75,8.18,3.0,17.29,-0.0,459.41,297.22,0
1841,6.31,286.28,8.26,3.0,18.19,-0.0,445.08,299.51,0
1842,5.95,255.52,8.01,3.0,15.55,-0.0,486.94,292.83,0
1843,5.99,259.27,8.04,3.0,15.87,-0.0,481.83,293.64,0
1844,7.01,346.78,8.76,3.0,23.39,-0.0,362.76,312.65,0
1845,6.86,333.73,8.65,3.0,22.27,-0.0,380.52,309.82,0
1846,7.15,358.16,8.85,3.0,24.37,-0.0,347.28,315.12,0
1847,7.24,365.94,8.92,3.0,25.04,-0.0,336.69,316.82,0
1848,6.36,290.87,8.3,3.0,18.59,-0.0,438.83,300.51,0
1849,6.1,268.96,8.12,3.0,16.7,-0.0,468.65,295.75,0
1850,6.8,328.61,8.61,3.0,21.83,-0.0,387.48,308.71,0
1851,6.06,264.9,8.09,3.0,16.36,-0.0,474.17,294.87,0
1852,7.33,373.99,8.98,3.0,25.73,-0.0,325.73,318.56,0
1853,6.74,323.82,8.57,3.0,21.42,-0.0,393.99,307.67,0
1854,7.0,345.49,8.75,3.0,23.28,-0.0,364.51,312.37,0
1855,6.38,292.35,8.31,3.0,18.71,-0.0,436.82,300.83,0
1856,6.46,299.61,8.37,3.0,19.34,-0.0,426.94,302.41,0
1857,6.89,336.22,8.67,3.0,22.48,-0.0,377.13,310.36,0
1858,6.61,312.39,8.48,3.0,20.44,-0.0,409.54,305.18,0
1859,6.7,320.13,8.54,3.0,21.1,-0.0,399.02,306.86,0
1860,6.28,284.01,8.25,3.0,18.0,-0.0,448.17,299.02,0
1861,6.21,277.92,8.2,3.0,17.47,-0.0,456.46,297.7,0
1862,5.98,258.17,8.03,3.0,15.78,-0.0,483.33,293.41,0
1863,6.43,296.65,8.35,3.0,19.08,-0.0,430.97,301.76,0
1864,7.33,374.2,8.99,3.0,25.75,-0.0,325.44,318.61,0
1865,7.19,362.0,8.89,3.0,24.7,-0.0,342.05,315.96,0
1866,6.91,338.35,8.69,3.0,22.67,-0.0,374.22,310.82,0
1867,7.03,348.05,8.77,3.0,23.5,-0.0,361.03,312.93,0
1868,6.69,319.19,8.53,3.0,21.02,-0.0,400.3,306.66,0
1869,6.11,269.47,8.13,3.0,16.75,-0.0,467.95,295.86,0
1870,6.91,337.94,8.69,3.0,22.63,-0.0,374.79,310.73,0
1871,6.57,308.72,8.45,3.0,20.12,-0.0,414.55,304.39,0
1872,6.49,301.65,8.39,3.0,19.51,-0.0,424.17,302.85,0
1873,6.06,265.67,8.1,3.0,16.42,-0.0,473.12,295.03,0
1874,6.7,320.36,8.54,3.0,21.12,-0.0,398.71,306.91,0
1875,6.6,311.5,8.47,3.0,20.36,-0.0,410.76,304.99,0
1876,6.13,271.4,8.14,3.0,16.91,-0.0,465.32,296.28,0
1877,7.16,359.69,8.87,3.0,24.5,-0.0,345.2,315.46,0
1878,6.39,293.55,8.32,3.0,18.82,-0.0,435.19,301.09,0
1879,5.97,257.37,8.03,3.0,15.71,-0.0,484.42,293.23,0
1880,7.13,356.8,8.84,3.0,24.25,-0.0,349.13,314.83,0
1881,6.58,309.41,8.45,3.0,20.18,-0.0,413.61,304.54,0
1882,5.95,256.11,8.02,3.0,15.6,-0.0,486.13,292.96,0
1883,6.22,279.28,8.21,3.0,17.59,-0.0,454.6,297.99,0
1884,6.64,314.96,8.5,3.0,20.66,-0.0,406.05,305.74,0
1885,5.93,254.32,8.0,3.0,15.45,-0.0,488.56,292.57,0
1886,6.89,336.32,8.67,3.0,22.49,-0.0,376.99,310.38,0
1887,7.33,374.08,8.98,3.0,25.74,-0.0,325.61,318.58,0
1888,6.7,320.31,8.54,3.0,21.12,-0.0,398.78,306.9,0
1889,6.01,260.66,8.05,3.0,15.99,-0.0,479.94,293.95,0
1890,6.85,332.5,8.64,3.0,22.16,-0.0,382.19,309.55,0
1891,5.97,257.76,8.03,3.0,15.74,-0.0,483.89,293.32,0
1892,7.19,362.3,8.89,3.0,24.72,-0.0,341.65,316.02,0
1893,6.04,263.82,8.08,3.0,16.26,-0.0,475.64,294.63,0
1894,6.79,327.79,8.6,3.0,21.76,-0.0,388.6,308.53,0
1895,6.27,283.34,8.24,3.0,17.94,-0.0,449.08,298.87,0
1896,6.2,277.54,8.19,3.0,17.44,-0.0,456.97,297.61,0
1897,6.25,281.41,8.22,3.0,17.77,-0.0,451.7,298.45,0
1898,6.15,272.67,8.15,3.0,17.02,-0.0,463.6,296.56,0
1899,6.33,288.77,8.28,3.0,18.41,-0.0,441.7,300.05,0
1900,6.84,332.23,8.64,3.0,22.14,-0.0,382.56,309.49,0
1901,6.93,339.37,8.7,3.0,22.75,-0.0,372.84,311.04,0
1902,6.22,278.95,8.2,3.0,17.56,-0.0,455.05,297.92,0
1903,7.19,361.9,8.88,3.0,24.69,-0.0,342.18,315.94,0
1904,6.75,324.67,8.58,3.0,21.49,-0.0,392.85,307.85,0
1905,7.27,368.95,8.94,3.0,25.29,-0.0,332.6,317.47,0
1906,6.23,280.11,8.21,3.0,17.66,-0.0,453.48,298.17,0
1907,6.79,328.01,8.61,3.0,21.78,-0.0,388.3,308.58,0
1908,7.35,375.46,9.0,3.0,25.85,-0.0,323.74,318.88,0
1909,6.73,322.47,8.56,3.0,21.3,-0.0,395.83,307.37,0
1910,6.97,342.74,8.73,3.0,23.04,-0.0,368.26,311.77,0
1911,6.8,328.15,8.61,3.0,21.79,-0.0,388.11,308.61,0
1912,6.15,272.91,8.16,3.0,17.04,-0.0,463.27,296.61,0
1913,6.78,326.69,8.6,3.0,21.66,-0.0,390.09,308.29,0
1914,6.87,334.9,8.66,3.0,22.37,-0.0,378.93,310.07,0
1915,6.12,270.49,8.14,3.0,16.84,-0.0,466.57,296.08,0
1916,6.59,310.57,8.46,3.0,20.28,-0.0,412.03,304.79,0
1917,7.09,353.42,8.81,3.0,23.96,-0.0,353.72,314.1,0
1918,7.0,345.71,8.75,3.0,23.3,-0.0,364.21,312.42,0
1919,7.06,350.96,8.79,3.0,23.75,-0.0,357.07,313.56,0
1920,6.01,261.23,8.06,3.0,16.04,-0.0,479.16,294.07,0
1921,6.35,289.96,8.29,3.0,18.51,-0.0,440.07,300.31,0
1922,6.99,344.76,8.74,3.0,23.22,-0.0,365.5,312.21,0
1923,7.27,369.06,8.94,3.0,25.3,-0.0,332.44,317.49,0
1924,7.02,347.19,8.76,3.0,23.43,-0.0,362.2,312.74,0
1925,6.02,261.9,8.06,3.0,16.1,-0.0,478.26,294.22,0
1926,6.04,263.46,8.08,3.0,16.23,-0.0,476.13,294.55,0
1927,5.99,259.13,8.04,3.0,15.86,-0.0,482.02,293.61,0
1928,6.95,340.99,8.71,3.0,22.89,-0.0,370.64,311.39,0
1929,6.89,336.18,8.67,3.0,22.48,-0.0,377.19,310.35,0
1930,7.19,361.51,8.88,3.0,24.66,-0.0,342.72,315.85,0
1931,6.81,329.18,8.62,3.0,21.88,-0.0,386.7,308.83,0
1932,6.5,302.77,8.4,3.0,19.61,-0.0,422.65,303.09,0
1933,6.83,331.08,8.63,3.0,22.04,-0.0,384.12,309.24,0
1934,6.6,311.19,8.47,3.0,20.33,-0.0,411.18,304.92,0
1935,6.18,275.77,8.18,3.0,17.29,-0.0,459.38,297.23,0
1936,6.92,338.69,8.69,3.0,22.7,-0.0,373.76,310.9,0
1937,7.26,367.92,8.93,3.0,25.21,-0.0,333.99,317.24,0
1938,6.93,339.74,8.7,3.0,22.79,-0.0,372.34,311.12,0
1939,6.8,328.49,8.61,3.0,21.82,-0.0,387.64,308.68,0
1940,6.89,336.57,8.68,3.0,22.51,-0.0,376.65,310.44,0
1941,6.85,332.92,8.65,3.0,22.2,-0.0,381.61,309.64,0
1942,6.71,320.95,8.55,3.0,21.17,-0.0,397.91,307.04,0
1943,5.97,257.56,8.03,3.0,15.73,-0.0,484.16,293.27,0
1944,6.64,315.31,8.5,3.0,20.69,-0.0,405.58,305.82,0
1945,5.99,259.15,8.04,3.0,15.86,-0.0,482.0,293.62,0
1946,6.47,300.67,8.38,3.0,19.43,-0.0,425.5,302.64,0
1947,6.55,307.53,8.44,3.0,20.02,-0.0,416.16,304.13,0
1948,6.57,309.19,8.45,3.0,20.16,-0.0,413.9,304.49,0
1949,7.08,352.84,8.81,3.0,23.91,-0.0,354.52,313.97,0
1950,6.87,334.92,8.66,3.0,22.37,-0.0,378.89,310.08,0
1951,7.1,353.99,8.82,3.0,24.01,-0.0,352.95,314.22,0
1952,6.33,288.5,8.28,3.0,18.38,-0.0,442.06,299.99,0
1953,6.25,281.17,8.22,3.0,17.75,-0.0,452.03,298.4,0
1954,6.92,338.49,8.69,3.0,22.68,-0.0,374.04,310.85,0
1955,6.49,301.98,8.39,3.0,19.54,-0.0,423.72,302.92,0
1956,5.96,256.44,8.02,3.0,15.63,-0.0,485.69,293.03,0
1957,6.95,341.68,8.72,3.0,22.95,-0.0,369.7,311.54,0
1958,6.42,295.89,8.34,3.0,19.02,-0.0,432.0,301.6,0
1959,6.01,261.26,8.06,3.0,16.04,-0.0,479.13,294.08,0
1960,6.87,334.4,8.66,3.0,22.33,-0.0,379.6,309.96,0
1961,6.56,308.29,8.45,3.0,20.08,-0.0,415.12,304.29,0
1962,6.86,334.1,8.66,3.0,22.3,-0.0,380.01,309.9,0
1963,6.2,277.43,8.19,3.0,17.43,-0.0,457.11,297.59,0
1964,6.6,311.07,8.47,3.0,20.32,-0.0,411.34,304.9,0
1965,7.02,347.76,8.77,3.0,23.47,-0.0,361.42,312.87,0
1966,6.85,332.68,8.64,3.0,22.18,-0.0,381.95,309.59,0
1967,6.27,282.85,8.24,3.0,17.9,-0.0,449.75,298.77,0
1968,6.26,282.39,8.23,3.0,17.86,-0.0,450.37,298.67,0
1969,7.14,357.93,8.85,3.0,24.35,-0.0,347.59,315.07,0
1970,7.08,352.61,8.81,3.0,23.89,-0.0,354.83,313.92,0
1971,6.59,310.44,8.46,3.0,20.27,-0.0,412.2,304.76,0
1972,6.12,270.49,8.14,3.0,16.84,-0.0,466.57,296.08,0
1973,6.32,287.71,8.28,3.0,18.32,-0.0,443.13,299.82,0
1974,6.88,335.22,8.67,3.0,22.4,-0.0,378.49,310.14,0
1975,6.9,336.84,8.68,3.0,22.54,-0.0,376.28,310.49,0
1976,6.53,305.81,8.42,3.0,19.87,-0.0,418.5,303.75,0
1977,6.59,310.47,8.46,3.0,20.27,-0.0,412.16,304.77,0
1978,7.33,374.1,8.98,3.0,25.74,-0.0,325.58,318.59,0
1979,5.98,258.08,8.03,3.0,15.77,-0.0,483.44,293.39,0
1980,6.19,276.16,8.18,3.0,17.32,-0.0,458.85,297.31,0
1981,7.09,353.78,8.82,3.0,23.99,-0.0,353.24,314.17,0
1982,7.21,363.88,8.9,3.0,24.86,-0.0,339.49,316.37,0
1983,6.09,268.18,8.12,3.0,16.64,-0.0,469.71,295.58,0
1984,6.7,320.21,8.54,3.0,21.11,-0.0,398.92,306.88,0
1985,6.67,317.76,8.52,3.0,20.9,-0.0,402.24,306.35,0
1986,6.63,314.23,8.49,3.0,20.59,-0.0,407.05,305.58,0
1987,6.76,325.34,8.58,3.0,21.55,-0.0,391.94,308.0,0
1988,6.08,267.36,8.11,3.0,16.57,-0.0,470.83,295.4,0
1989,7.29,370.59,8.96,3.0,25.44,-0.0,330.36,317.83,0
1990,7.14,357.88,8.85,3.0,24.34,-0.0,347.66,315.06,0
1991,6.78,326.98,8.6,3.0,21.69,-0.0,389.7,308.35,0
1992,6.37,292.18,8.31,3.0,18.7,-0.0,437.04,300.79,0
1993,7.16,359.12,8.86,3.0,24.45,-0.0,345.97,315.33,0
1994,6.27,283.31,8.24,3.0,17.94,-0.0,449.12,298.87,0
1995,6.72,322.13,8.56,3.0,21.27,-0.0,396.3,307.3,0
1996,6.84,332.23,8.64,3.0,22.14,-0.0,382.56,309.49,0
1997,6.14,271.74,8.15,3.0,16.94,-0.0,464.86,296.35,0
1998,6.84,332.17,8.64,3.0,22.14,-0.0,382.64,309.48,0
1999,7.07,351.59,8.8,3.0,23.8,-0.0,356.22,313.7,0
2000,6.0,260.01,8.05,3.0,15.94,-0.0,480.82,293.81,0
2001,6.23,279.47,8.21,3.0,17.61,-0.0,454.35,298.03,0
2002,5.96,256.52,8.02,3.0,15.64,-0.0,485.56,293.05,0
2003,6.5,303.18,8.4,3.0,19.64,-0.0,422.08,303.18,0
2004,6.47,300.08,8.38,3.0,19.38,-0.0,426.3,302.51,0
2005,6.01,261.24,8.06,3.0,16.04,-0.0,479.15,294.07,0
2006,6.11,269.67,8.13,3.0,16.77,-0.0,467.68,295.9,0
2007,6.27,283.51,8.24,3.0,17.95,-0.0,448.84,298.91,0
2008,6.94,340.26,8.71,3.0,22.83,-0.0,371.63,311.24,0
2009,6.89,336.57,8.68,3.0,22.51,-0.0,376.65,310.44,0
2010,7.18,360.99,8.88,3.0,24.61,-0.0,343.43,315.74,0
2011,6.43,296.76,8.35,3.0,19.09,-0.0,430.82,301.79,0
2012,6.66,316.26,8.51,3.0,20.77,-0.0,404.29,306.02,0
2013,6.74,323.44,8.57,3.0,21.38,-0.0,394.52,307.58,0
2014,6.7,319.9,8.54,3.0,21.08,-0.0,399.33,306.81,0
2015,6.21,278.02,8.2,3.0,17.48,-0.0,456.32,297.72,0
2016,7.16,359.7,8.87,3.0,24.5,-0.0,345.18,315.46,0
2017,7.21,363.63,8.9,3.0,24.84,-0.0,339.84,316.31,0
2018,6.86,333.88,8.65,3.0,22.28,-0.0,380.31,309.85,0
2019,7.3,371.45,8.96,3.0,25.51,-0.0,329.2,318.01,0
2020,6.31,286.36,8.27,3.0,18.2,-0.0,444.97,299.53,0
2021,6.62,313.56,8.49,3.0,20.54,-0.0,407.96,305.44,0
2022,6.41,295.05,8.34,3.0,18.95,-0.0,433.15,301.42,0
2023,6.44,298.23,8.36,3.0,19.22,-0.0,428.82,302.11,0
2024,7.14,357.46,8.85,3.0,24.31,-0.0,348.23,314.97,0
2025,6.87,334.94,8.66,3.0,22.37,-0.0,378.88,310.08,0
2026,5.95,256.18,8.02,3.0,15.61,-0.0,486.04,292.97,0
2027,6.58,309.92,8.46,3.0,20.22,-0.0,412.92,304.65,0
2028,7.2,362.87,8.89,3.0,24.77,-0.0,340.86,316.15,0
2029,6.93,339.35,8.7,3.0,22.75,-0.0,372.87,311.04,0
2030,7.24,366.28,8.92,3.0,25.07,-0.0,336.23,316.89,0
2031,7.29,370.79,8.96,3.0,25.45,-0.0,330.09,317.87,0
2032,6.63,313.67,8.49,3.0,20.55,-0.0,407.81,305.46,0
2033,7.12,356.02,8.84,3.0,24.18,-0.0,350.18,314.66,0
2034,6.22,279.31,8.21,3.0,17.59,-0.0,454.56,298.0,0
2035,5.95,255.84,8.02,3.0,15.58,-0.0,486.5,292.9,0
2036,6.35,289.96,8.29,3.0,18.51,-0.0,440.08,300.31,0
2037,6.45,298.61,8.37,3.0,19.25,-0.0,428.3,302.19,0
2038,5.98,258.85,8.04,3.0,15.84,-0.0,482.4,293.55,0
2039,6.07,265.85,8.1,3.0,16.44,-0.0,472.87,295.07,0
2040,6.77,325.64,8.59,3.0,21.57,-0.0,391.53,308.06,0
2041,7.01,346.75,8.76,3.0,23.39,-0.0,362.8,312.65,0
2042,7.03,348.13,8.77,3.0,23.51,-0.0,360.92,312.95,0
2043,6.36,291.36,8.31,3.0,18.63,-0.0,438.16,300.62,0
2044,7.24,366.43,8.92,3.0,25.08,-0.0,336.03,316.92,0
2045,6.32,287.96,8.28,3.0,18.34,-0.0,442.79,299.88,0
2046,6.65,316.05,8.51,3.0,20.75,-0.0,404.57,305.98,0
2047,6.54,306.62,8.43,3.0,19.94,-0.0,417.41,303.93,0
2048,6.82,329.92,8.62,3.0,21.94,-0.0,385.7,308.99,0
2049,6.9,336.85,8.68,3.0,22.54,-0.0,376.27,310.5,0
2050,7.32,373.06,8.98,3.0,25.65,-0.0,327.01,318.36,0
2051,6.52,304.69,8.42,3.0,19.77,-0.0,420.02,303.51,0
2052,6.42,296.37,8.35,3.0,19.06,-0.0,431.35,301.7,0
2053,6.47,300.4,8.38,3.0,19.41,-0.0,425.87,302.58,0
2054,6.16,273.64,8.16,3.0,17.11,-0.0,462.27,296.77,0
2055,6.47,300.53,8.38,3.0,19.42,-0.0,425.69,302.61,0
2056,7.02,347.33,8.77,3.0,23.44,-0.0,362.0,312.77,0
2057,6.77,325.91,8.59,3.0,21.6,-0.0,391.15,308.12,0
2058,6.88,335.58,8.67,3.0,22.43,-0.0,378.0,310.22,0
2059,7.1,353.87,8.82,3.0,24.0,-0.0,353.11,314.19,0
2060,6.56,308.02,8.44,3.0,20.06,-0.0,415.5,304.23,0
2061,7.07,351.46,8.8,3.0,23.79,-0.0,356.4,313.67,0
2062,7.23,364.91,8.91,3.0,24.95,-0.0,338.09,316.59,0
2063,6.87,334.49,8.66,3.0,22.33,-0.0,379.48,309.98,0
2064,7.26,368.24,8.94,3.0,25.23,-0.0,333.56,317.31,0
2065,6.2,277.57,8.19,3.0,17.44,-0.0,456.92,297.62,0
2066,6.5,303.25,8.4,3.0,19.65,-0.0,421.99,303.2,0
2067,6.3,286.01,8.26,3.0,18.17,-0.0,445.44,299.45,0
2068,7.34,375.13,8.99,3.0,25.83,-0.0,324.18,318.81,0
2069,7.32,373.28,8.98,3.0,25.67,-0.0,326.7,318.41,0
2070,6.62,312.98,8.48,3.0,20.49,-0.0,408.75,305.31,0
2071,6.07,266.3,8.1,3.0,16.48,-0.0,472.27,295.17,0
2072,5.96,256.43,8.02,3.0,15.63,-0.0,485.69,293.03,0
2073,6.52,304.95,8.42,3.0,19.8,-0.0,419.67,303.57,0
2074,7.08,352.13,8.8,3.0,23.85,-0.0,355.48,313.81,0
2075,6.17,274.74,8.17,3.0,17.2,-0.0,460.79,297.0,0
2076,6.57,308.54,8.45,3.0,20.11,-0.0,414.79,304.35,0
2077,6.86,333.69,8.65,3.0,22.27,-0.0,380.57,309.81,0
2078,6.48,301.49,8.39,3.0,19.5,-0.0,424.38,302.82,0
2079,6.12,270.08,8.13,3.0,16.8,-0.0,467.12,295.99,0
2080,6.22,278.66,8.2,3.0,17.54,-0.0,455.44,297.86,0
2081,6.12,270.04,8.13,3.0,16.8,-0.0,467.17,295.99,0
2082,6.0,260.53,8.05,3.0,15.98,-0.0,480.11,293.92,0
2083,6.11,269.58,8.13,3.0,16.76,-0.0,467.81,295.88,0
2084,6.68,318.41,8.53,3.0,20.95,-0.0,401.36,306.49,0
2085,6.68,318.61,8.53,3.0,20.97,-0.0,401.09,306.53,0
2086,6.65,315.99,8.51,3.0,20.74,-0.0,404.66,305.96,0
2087,6.6,311.33,8.47,3.0,20.34,-0.0,411.0,304.95,0
2088,6.57,308.84,8.45,3.0,20.13,-0.0,414.39,304.41,0
2089,7.0,345.82,8.75,3.0,23.31,-0.0,364.06,312.45,0
2090,6.36,291.23,8.31,3.0,18.62,-0.0,438.34,300.59,0
2091,6.24,280.71,8.22,3.0,17.71,-0.0,452.66,298.3,0
2092,6.25,281.57,8.23,3.0,17.79,-0.0,451.49,298.49,0
2093,6.54,306.67,8.43,3.0,19.94,-0.0,417.34,303.94,0
2094,7.05,350.07,8.79,3.0,23.67,-0.0,358.28,313.37,0
2095,6.21,277.97,8.2,3.0,17.48,-0.0,456.38,297.71,0
2096,6.75,324.41,8.58,3.0,21.47,-0.0,393.2,307.79,0
2097,6.28,284.12,8.25,3.0,18.01,-0.0,448.02,299.04,0
2098,6.83,331.08,8.63,3.0,22.04,-0.0,384.12,309.24,0
2099,7.05,350.1,8.79,3.0,23.68,-0.0,358.24,313.37,0
2100,6.42,296.01,8.34,3.0,19.03,-0.0,431.83,301.63,0
2101,6.93,339.57,8.7,3.0,22.77,-0.0,372.56,311.09,0
2102,6.57,309.25,8.45,3.0,20.17,-0.0,413.82,304.5,0
2103,6.33,288.25,8.28,3.0,18.36,-0.0,442.4,299.94,0
2104,6.65,315.9,8.51,3.0,20.74,-0.0,404.77,305.95,0
2105,6.13,271.55,8.14,3.0,16.93,-0.0,465.13,296.31,0
2106,6.15,272.74,8.15,3.0,17.03,-0.0,463.5,296.57,0
2107,7.29,370.22,8.95,3.0,25.4,-0.0,330.87,317.74,0
2108,6.82,330.51,8.63,3.0,21.99,-0.0,384.9,309.12,0
2109,6.87,334.67,8.66,3.0,22.35,-0.0,379.23,310.02,0
2110,6.25,281.38,8.22,3.0,17.77,-0.0,451.74,298.45,0
2111,6.75,324.49,8.58,3.0,21.48,-0.0,393.08,307.81,0
2112,6.87,334.38,8.66,3.0,22.33,-0.0,379.63,309.96,0
2113,6.95,341.05,8.71,3.0,22.9,-0.0,370.55,311.41,0
2114,5.96,256.85,8.02,3.0,15.66,-0.0,485.13,293.12,0
2115,6.82,330.16,8.62,3.0,21.96,-0.0,385.37,309.04,0
2116,6.64,314.62,8.5,3.0,20.63,-0.0,406.52,305.67,0
2117,6.38,292.37,8.31,3.0,18.72,-0.0,436.79,300.83,0
2118,6.49,302.06,8.39,3.0,19.55,-0.0,423.6,302.94,0
2119,7.31,372.02,8.97,3.0,25.56,-0.0,328.41,318.14,0
2120,6.22,279.2,8.21,3.0,17.58,-0.0,454.72,297.97,0
2121,6.37,291.99,8.31,3.0,18.68,-0.0,437.31,300.75,0
2122,6.02,262.0,8.07,3.0,16.11,-0.0,478.12,294.24,0
2123,6.29,284.72,8.25,3.0,18.06,-0.0,447.2,299.17,0
2124,6.3,286.23,8.26,3.0,18.19,-0.0,445.15,299.5,0
2125,6.7,320.11,8.54,3.0,21.1,-0.0,399.04,306.86,0
2126,6.6,311.14,8.47,3.0,20.33,-0.0,411.25,304.91,0
2127,6.84,332.03,8.64,3.0,22.12,-0.0,382.83,309.45,0
2128,7.06,350.56,8.79,3.0,23.71,-0.0,357.62,313.47,0
2129,6.73,322.77,8.56,3.0,21.33,-0.0,395.43,307.44,0
2130,6.58,309.98,8.46,3.0,20.23,-0.0,412.84,304.66,0
2131,6.26,282.56,8.23,3.0,17.87,-0.0,450.14,298.7,0
2132,6.93,339.51,8.7,3.0,22.77,-0.0,372.65,311.07,0
2133,6.28,283.78,8.24,3.0,17.98,-0.0,448.48,298.97,0
2134,7.21,363.36,8.9,3.0,24.81,-0.0,340.2,316.25,0
2135,7.05,350.15,8.79,3.0,23.68,-0.0,358.17,313.39,0
2136,7.01,346.85,8.76,3.0,23.4,-0.0,362.66,312.67,0
2137,7.17,360.42,8.87,3.0,24.56,-0.0,344.2,315.62,0
2138,6.31,286.61,8.27,3.0,18.22,-0.0,444.63,299.58,0
2139,6.56,308.4,8.45,3.0,20.09,-0.0,414.98,304.32,0
2140,6.53,305.5,8.42,3.0,19.84,-0.0,418.92,303.69,0
2141,6.76,325.44,8.59,3.0,21.56,-0.0,391.79,308.02,0
2142,6.96,342.01,8.72,3.0,22.98,-0.0,369.25,311.62,0
2143,6.64,315.09,8.5,3.0,20.67,-0.0,405.88,305.77,0
2144,6.67,317.7,8.52,3.0,20.89,-0.0,402.33,306.34,0
2145,6.88,335.37,8.67,3.0,22.41,-0.0,378.29,310.17,0
2146,7.15,358.59,8.86,3.0,24.4,-0.0,346.69,315.22,0
2147,6.28,283.93,8.25,3.0,17.99,-0.0,448.27,299.0,0
2148,5.95,255.56,8.01,3.0,15.55,-0.0,486.88,292.84,0
2149,6.24,281.07,8.22,3.0,17.74,-0.0,452.17,298.38,0
2150,6.85,333.0,8.65,3.0,22.21,-0.0,381.51,309.66,0
2151,7.3,371.14,8.96,3.0,25.48,-0.0,329.62,317.94,0
2152,6.39,293.8,8.33,3.0,18.84,-0.0,434.85,301.14,0
2153,6.8,328.75,8.61,3.0,21.84,-0.0,387.3,308.74,0
2154,6.01,260.65,8.05,3.0,15.99,-0.0,479.96,293.94,0
2155,6.25,281.39,8.22,3.0,17.77,-0.0,451.73,298.45,0
2156,7.23,365.26,8.91,3.0,24.98,-0.0,337.61,316.67,0
2157,7.24,365.76,8.92,3.0,25.02,-0.0,336.94,316.77,0
2158,6.36,291.12,8.3,3.0,18.61,-0.0,438.5,300.56,0
2159,7.1,354.3,8.82,3.0,24.04,-0.0,352.53,314.29,0
2160,6.17,274.88,8.17,3.0,17.21,-0.0,460.6,297.03,0
2161,7.02,347.37,8.77,3.0,23.44,-0.0,361.95,312.78,0
2162,7.22,364.63,8.91,3.0,24.92,-0.0,338.47,316.53,0
2163,6.77,326.13,8.59,3.0,21.62,-0.0,390.86,308.17,0
2164,6.26,282.11,8.23,3.0,17.83,-0.0,450.75,298.61,0
2165,7.09,353.59,8.82,3.0,23.98,-0.0,353.49,314.13,0
2166,6.57,309.23,8.45,3.0,20.16,-0.0,413.85,304.5,0
2167,6.6,311.88,8.47,3.0,20.39,-0.0,410.24,305.07,0
2168,7.32,373.16,8.98,3.0,25.66,-0.0,326.86,318.38,0
2169,6.22,279.18,8.21,3.0,17.58,-0.0,454.74,297.97,0
2170,7.07,351.86,8.8,3.0,23.83,-0.0,355.84,313.76,0
2171,6.51,303.44,8.41,3.0,19.67,-0.0,421.72,303.24,0
2172,7.32,373.2,8.98,3.0,25.66,-0.0,326.82,318.39,0
2173,6.1,268.76,8.12,3.0,16.69,-0.0,468.91,295.71,0
2174,6.03,262.41,8.07,3.0,16.14,-0.0,477.56,294.33,0
2175,7.31,372.5,8.97,3.0,25.6,-0.0,327.76,318.24,0
2176,7.08,352.71,8.81,3.0,23.9,-0.0,354.69,313.94,0
2177,7.26,367.87,8.93,3.0,25.2,-0.0,334.07,317.23,0
2178,6.82,330.23,8.62,3.0,21.97,-0.0,385.27,309.06,0
2179,6.95,341.15,8.71,3.0,22.91,-0.0,370.41,311.43,0
2180,7.24,366.41,8.92,3.0,25.08,-0.0,336.05,316.92,0
2181,6.75,323.95,8.57,3.0,21.43,-0.0,393.83,307.69,0
2182,6.31,286.51,8.27,3.0,18.21,-0.0,444.76,299.56,0
2183,6.78,326.87,8.6,3.0,21.68,-0.0,389.85,308.33,0
2184,7.31,372.44,8.97,3.0,25.59,-0.0,327.85,318.23,0
2185,6.48,301.13,8.39,3.0,19.47,-0.0,424.87,302.74,0
2186,6.33,288.63,8.28,3.0,18.39,-0.0,441.88,300.02,0
2187,6.18,275.89,8.18,3.0,17.3,-0.0,459.21,297.26,0
2188,6.47,300.12,8.38,3.0,19.38,-0.0,426.24,302.52,0
2189,7.14,358.0,8.85,3.0,24.35,-0.0,347.49,315.09,0
2190,6.8,328.15,8.61,3.0,21.79,-0.0,388.11,308.61,0
2191,7.14,357.37,8.85,3.0,24.3,-0.0,348.34,314.95,0
2192,7.02,347.06,8.76,3.0,23.41,-0.0,362.37,312.71,0
2193,6.19,276.86,8.19,3.0,17.38,-0.0,457.9,297.46,0
2194,6.61,312.13,8.48,3.0,20.41,-0.0,409.9,305.13,0
2195,6.77,325.76,8.59,3.0,21.58,-0.0,391.36,308.09,0
2196,6.06,265.41,8.09,3.0,16.4,-0.0,473.48,294.98,0
2197,6.15,272.91,8.16,3.0,17.04,-0.0,463.26,296.61,0
2198,6.83,330.84,8.63,3.0,22.02,-0.0,384.45,309.19,0
2199,6.7,320.09,8.54,3.0,21.1,-0.0,399.07,306.86,0
2200,6.86,333.46,8.65,3.0,22.25,-0.0,380.88,309.76,0
2201,6.29,285.28,8.26,3.0,18.11,-0.0,446.44,299.29,0
2202,6.66,317.0,8.52,3.0,20.83,-0.0,403.28,306.18,0
2203,7.32,372.58,8.97,3.0,25.61,-0.0,327.65,318.26,0
2204,6.98,343.93,8.74,3.0,23.15,-0.0,366.63,312.03,0
2205,7.13,356.83,8.84,3.0,24.25,-0.0,349.09,314.84,0
2206,7.13,356.41,8.84,3.0,24.22,-0.0,349.66,314.74,0
2207,6.41,294.85,8.33,3.0,18.93,-0.0,433.41,301.37,0
2208,7.25,367.41,8.93,3.0,25.16,-0.0,334.69,317.13,0
2209,7.1,354.11,8.82,3.0,24.02,-0.0,352.79,314.24,0
2210,6.32,287.53,8.27,3.0,18.3,-0.0,443.37,299.78,0
2211,6.28,284.11,8.25,3.0,18.01,-0.0,448.02,299.04,0
2212,6.04,263.92,8.08,3.0,16.27,-0.0,475.5,294.66,0
2213,6.39,293.86,8.33,3.0,18.84,-0.0,434.76,301.16,0
2214,6.14,272.13,8.15,3.0,16.98,-0.0,464.33,296.44,0
2215,7.04,349.26,8.78,3.0,23.6,-0.0,359.39,313.19,0
2216,6.34,289.59,8.29,3.0,18.48,-0.0,440.57,300.23,0
2217,6.43,297.29,8.35,3.0,19.14,-0.0,430.09,301.9,0
2218,6.9,337.53,8.68,3.0,22.6,-0.0,375.34,310.64,0
2219,7.08,352.09,8.8,3.0,23.85,-0.0,355.54,313.81,0
2220,6.63,314.46,8.5,3.0,20.61,-0.0,406.74,305.63,0
2221,7.17,360.61,8.87,3.0,24.58,-0.0,343.94,315.66,0
2222,6.5,302.98,8.4,3.0,19.63,-0.0,422.36,303.14,0
2223,6.06,265.12,8.09,3.0,16.37,-0.0,473.87,294.92,0
2224,6.0,260.09,8.05,3.0,15.94,-0.0,480.72,293.82,0
2225,6.24,281.04,8.22,3.0,17.74,-0.0,452.21,298.37,0
2226,6.89,336.49,8.68,3.0,22.51,-0.0,376.75,310.42,0
2227,6.81,329.18,8.62,3.0,21.88,-0.0,386.7,308.83,0
2228,7.16,359.04,8.86,3.0,24.44,-0.0,346.08,315.32,0
2229,6.71,320.95,8.55,3.0,21.17,-0.0,397.9,307.04,0
2230,6.16,273.78,8.16,3.0,17.12,-0.0,462.09,296.8,0
2231,6.78,326.84,8.6,3.0,21.68,-0.0,389.89,308.32,0
2232,7.27,368.33,8.94,3.0,25.24,-0.0,333.44,317.33,0
2233,5.93,254.53,8.0,3.0,15.47,-0.0,488.27,292.62,0
2234,5.93,254.54,8.0,3.0,15.47,-0.0,488.27,292.62,0
2235,6.03,262.78,8.07,3.0,16.17,-0.0,477.05,294.41,0
2236,6.89,336.5,8.68,3.0,22.51,-0.0,376.75,310.42,0
2237,6.57,308.95,8.45,3.0,20.14,-0.0,414.23,304.44,0
2238,6.91,337.55,8.68,3.0,22.6,-0.0,375.31,310.65,0
2239,6.9,336.79,8.68,3.0,22.53,-0.0,376.35,310.48,0
